0.018848900001496076
0.01543470000103116
0.011856599999591709
0.013258299998939037
0.013710200000554323
0.013384199999272824
0.012653500000014901
0.011790800001472234
0.013127800000831484
0.013188699999824166
0.012000699998810887
0.012695000000298023
0.011923599999397993
0.011710799999535084
0.01176549999974668
0.014476599998772145
0.01145380000025034
0.011549399999901653
0.01206220000050962
0.012529300000518561
0.00903969999961555
0.009205500001087785
0.010349900001659989
0.009200099999085068
0.010849099999293685
0.014009300000965594
0.013881699999794364
0.01314560000039637
0.012260500000789761
0.012016400000080467
0.011509600000455976
0.01184709999896586
0.011850499998778104
0.010964299999177456
0.013053899999707937
0.012006799999624491
0.015102399999275803
0.01308390000090003
0.012584099998697638
0.012736500000581146
0.01219730000011623
0.011353000000119209
0.011341099999845028
0.01282509999908507
0.013469100000336767
0.012323999999091029
0.01199189999885857
0.01214269999973476
0.011532499998807908
0.011851400000974536
0.011625
0.0115339999999851
0.011169800000265242
0.01121169999986887
0.011395099999383092
0.011056199999526143
0.011685100000351667
0.011896299999207258
0.01133530000038445
0.011010299999266863
0.012228800000622868
0.011795699998736382
0.012381300000473857
0.011595799999311566
0.011689499998465181
0.011677699999883771
0.013638399999588728
0.011807199999690056
0.0117043999992311
0.012245299998670816
0.011190200001001358
0.011350999999791384
0.011565799999982118
0.011075799999758601
0.011609800001606345
0.01111280000023544
0.011319499999284744
0.013564099999144673
0.011517099998891354
0.012240000000223518
0.01149940000101924
0.011784099999815226
0.012503200000151992
0.013977900000289083
0.013848500000312925
0.011822900000959634
0.011892400000244378
0.011534099999815226
0.011468400001525879
0.014135599998757244
0.017355599999427797
0.017305400000885127
0.016897199999541045
0.01655029999837279
0.01574670000001788
0.014726499998942018
0.01186930000036955
0.013560999998822808
0.012531400000676512
0.012898699998855592
0.011827500000596047
0.012783199999481439
0.014588300000876188
0.012288900000974537
0.011854599999263882
0.01259260000102222
0.012799699999392032
0.011254399999976157
0.011667900001630187
0.01361320000141859
0.014962700000032782
0.013857899999246002
0.012182400001212955
0.01403129999898374
0.013407300001010298
0.01214780000038445
0.012239000000059605
0.014320199999958276
0.013474899999797344
0.013162599999457597
0.012902799999341368
0.012867499999701977
0.012590900000184774
0.011117000000551342
0.012835400000214577
0.014342199999839067
0.012464099999517203
0.012190099999308587
0.011629799999296666
0.013134899999946355
0.012467799998819829
0.014181399999186396
0.01200139999948442
0.012273499999195338
0.011835200000554323
0.011430900000035762
0.012681900000199675
0.012222000000998377
0.01140760000050068
0.010926899999380112
0.011505799999460577
0.013600199999287724
0.013665899999439717
0.011450000001117587
0.012187600001692772
0.011925999999046326
0.012341300001367926
0.01181030000001192
0.011429200001060963
0.011130799999460579
0.011339099999517202
0.013018799999728799
0.012233300000429154
0.01486629999987781
0.01134910000115633
0.012215800000354647
0.01143440000154078
0.01328260000050068
0.012548099998384714
0.012224199999123811
0.0119814000017941
0.011334099998697639
0.01228129999898374
0.012308299999684096
0.01260329999960959
0.011174700001254678
0.01321820000000298
0.013084900001063942
0.011881699999794364
0.011255599999800324
0.011969199998304248
0.011753900000825525
0.011259600000455975
0.01117449999973178
0.011169599998742343
0.01119429999962449
0.011548899998888373
0.011300900001078844
0.011592199999839067
0.010961600000038743
0.011908800000324845
0.01116000000014901
0.011310300000011922
0.009119200000539422
0.010346100000664592
0.010823899999260903
0.008947600001469255
0.00930059999972582
0.014162200000137092
0.012798399999737739
0.011385600000619889
0.010774100000038743
0.011221699999645353
0.010976800000295044
0.010923200000077486
0.012024599999189377
0.011072000000625849
0.011370799999684095
0.011729299999773502
0.013166300000622869
0.012464400000870228
0.01235190000012517
0.012612300001084804
0.012776200000196695
0.01375480000115931
0.0196742000002414
0.012328399999067187
0.011558199999853969
0.011413999998942017
0.01168669999949634
0.011332900000736118
0.011442600000649691
0.011192199999466539
0.011343100000172853
0.011863299999386073
0.01172179999947548
0.011225099999457597
0.011492099998518825
0.011153300000354648
0.011271400000900031
0.011787699999287724
0.011171899998560548
0.011654500000178813
0.013302600000053644
0.011855200000107289
0.011011099999770521
0.011466700000688433
0.011412000000476838
0.011187999999150634
0.011463600000366569
0.011807000000029802
0.011568399999290704
0.012150699999183416
0.01148090000078082
0.011781299998983742
0.011538999998942017
0.011053299998864532
0.012710699999704957
0.011199099998921156
0.012065799999982118
0.012526799999177456
0.013269200000911951
0.012401700001209975
0.01226890000142157
0.011676500000059604
0.011535900000482798
0.011310099998489023
0.012827200001105666
0.014848500000312924
0.011994699999690056
0.011158100001513958
0.011025200000032782
0.013948000000789761
0.012413399999961256
0.0115641999989748
0.011922699999064207
0.011285900000482798
0.01183839999884367
0.011455500001087785
0.011623099999502302
0.011986700000241398
0.01082969999872148
0.011608899999409915
0.011171600000932813
0.011488699998706579
0.011658700000494718
0.015229199999943375
0.012715499999001623
0.013908999999985098
0.012485799999907612
0.01217960000038147
0.015104499999433757
0.014651599999517203
0.014687599999830128
0.011790900001302361
0.010667600000277161
0.011183599999174476
0.011343399999663233
0.010663100000470877
0.014975199999287725
0.014750900000333786
0.015302500000223518
0.016087799999862908
0.01422859999909997
0.01901439999975264
0.019395100001245738
0.01629700000025332
0.016579199999570846
0.015573300000280142
0.0586965999994427
0.01390320000052452
0.012826299998909234
0.017534099999815225
0.01128720000013709
0.01075679999962449
0.010711500000208617
0.010471399998292327
0.010918499998748303
0.010910200001671911
0.01095839999988675
0.011484599998220801
0.010761800000444055
0.010671099999919534
0.010730900000780821
0.010478900000452995
0.010406600000336766
0.00943779999949038
0.009773099999874831
0.01319180000014603
0.011542899999767542
0.010647499999031425
0.010780500000342726
0.012065600000321865
0.012413399999961256
0.011916800001636148
0.011926799999549985
0.01196710000000894
0.012172600001096726
0.01237069999985397
0.01224860000051558
0.011900600001215934
0.012016400000080467
0.011577499998733401
0.011682199999690055
0.011829200001433492
0.01202989999949932
0.012196699999272823
0.011482899999246001
0.01321089999936521
0.01215110000036657
0.012248499998822809
0.011732400000095367
0.010897300001233816
0.012886899998411536
0.011794299999251962
0.011862800000235438
0.011817999999970198
0.011971700001507997
0.011588700000196695
0.011465900000184775
0.011973699999973178
0.011526000000536442
0.011577800000086427
0.00911909999884665
0.010673200000077486
0.011666699999943375
0.01063090000115335
0.010976500000804662
0.013691499998793006
0.016395300000905992
0.014869799999520183
0.012265100000426174
0.01474320000037551
0.01343969999998808
0.014715900000184775
0.01427309999987483
0.012493299998342991
0.014281199999153614
0.012410900000482797
0.01210410000011325
0.01157069999910891
0.012308899998664856
0.015966000000014902
0.01506190000101924
0.013787000000476838
0.011632500000298023
0.00985920000076294
0.010897900000214577
0.01241410000063479
0.012441800000146032
0.013295800000429153
0.013582400001585483
0.016491700001060962
0.016616799999028445
0.0195608000010252
0.01457010000012815
0.014345599999651314
0.02138899999856949
0.013620600000023842
0.013227599998936057
0.019213400000706315
0.014834300000220537
0.016072200000286103
0.011771600000560283
0.010667400000616908
0.012103599999099969
0.01193269999884069
0.010747100001201033
0.01011119999922812
0.011178099999204279
0.009457700001075865
0.011274100000038744
0.011262200001627207
0.011351500000804662
0.011324099998921157
0.011786399999633431
0.014298499999567867
0.013339199999347328
0.012435900000855326
0.012453199999406934
0.015040200000628829
0.01363910000026226
0.018290899999439718
0.017610199999064206
0.017497800000011922
0.014685399999842048
0.012375
0.013240000000223517
0.012919600000604986
0.012738900000229477
0.012150800000876188
0.01446030000038445
0.013370500000193715
0.014401099998503924
0.01223149999976158
0.012705399999395012
0.013293899999931455
0.01211739999987185
0.012208399999886752
0.014317599998787045
0.01339049999974668
0.012586799999698996
0.014391500001773238
0.014077600000426174
0.014895800000056624
0.013690200001001358
0.014137199999764562
0.013644200000911951
0.01442879999987781
0.013865699999034404
0.01482829999923706
0.014122499998658895
0.012743699999526143
0.01150679999962449
0.012120300000533461
0.011767400000244378
0.014121999999508262
0.011580600000917912
0.012090199999511242
0.0107635000012815
0.01230920000001788
0.013735200000926852
0.014450099999085069
0.013275700001046062
0.013245200000703335
0.011573400000110269
0.011599099999293684
0.011471800001338125
0.01122389999963343
0.013680600000545383
0.012697600001469255
0.012355699999257922
0.011581000000238418
0.010880800001323222
0.012241699999198318
0.011607999999076128
0.01317769999988377
0.013123599998652934
0.014898699998855592
0.016259099999442698
0.01518519999831915
0.015283600000664591
0.013507200000807643
0.015223999999463559
0.015561000000685454
0.016922900000587104
0.014878499999642372
0.013015699999406934
0.01169139999896288
0.011280299998819828
0.012270899999886752
0.012025799999013544
0.01140789999999106
0.012073599999770522
0.01293519999831915
0.014800000000745057
0.014713999999687076
0.012392100000753999
0.011691600000485778
0.011748700000345707
0.011321200000122189
0.011406600000336766
0.012269100001081824
0.011593700001016258
0.011537299999967218
0.01191410000063479
0.010746199999004603
0.010960500000044704
0.01228099999949336
0.01183049999922514
0.011713700000196696
0.013496899999678135
0.01420579999871552
0.014983599999919535
0.013913699999451638
0.016045099999755622
0.009742000000551343
0.013599700000137091
0.01576170000061393
0.013959899999201298
0.014542100001126528
0.014865399999544025
0.011591799998655915
0.01234320000000298
0.013007400000467897
0.01163880000077188
0.012409099999815225
0.012074500000104307
0.0119239999987185
0.01150810000114143
0.011340900000184775
0.011134899999946355
0.011490100000053644
0.011426500000059604
0.012081900000572205
0.011217500001192093
0.011501600001007318
0.011665199998766184
0.011092599999159574
0.012382400000467897
0.013676100000739098
0.012976499998942018
0.012378399999812245
0.011821599999442697
0.011745099999010564
0.01160920000076294
0.011647199999541044
0.013113799998536705
0.01264919999986887
0.01310700000077486
0.014858500000089408
0.014016100000590085
0.013591099999845029
0.01397800000011921
0.015209400000050664
0.014086199998855591
0.011942900000140071
0.014918700000271201
0.013060100000351668
0.014658900000154972
0.01261030000075698
0.013980000000447034
0.01245640000142157
0.013202300000935793
0.012701700000092388
0.012667700000107288
0.013639599999412895
0.01789350000023842
0.013028599999845028
0.012476800000295043
0.012690600000321866
0.0120777000002563
0.011383299998939037
0.011399000000208616
0.011800200000405311
0.012084799999371171
0.011609699999913573
0.011493400000035762
0.011478000000119209
0.011420800000429153
0.01131140000000596
0.01370189999975264
0.01483669999986887
0.01233189999870956
0.014264499999582767
0.014954600000754
0.015288399999961257
0.014860200000926853
0.014616499999538063
0.015005800001323222
0.01570810000039637
0.012348699999973178
0.012402999999001622
0.011613599998876453
0.011567499998956919
0.011199999999254941
0.011314199998974801
0.012142200000584125
0.011033300001174211
0.011685499999672175
0.011592499999329448
0.010568900000303983
0.011054300000891089
0.009979499999433756
0.01103610000014305
0.010657999999821186
0.010954199999570846
0.010775000000372528
0.011440500000491738
0.011096099998801947
0.010676799999549985
0.01232010000012815
0.012596599999815225
0.012865399999544025
0.013821599999442697
0.013687599999830127
0.01558019999973476
0.015668500000610947
0.015555500000715256
0.014131999999284744
0.01496820000000298
0.014744500000029801
0.012456299999728799
0.01165290000103414
0.01176130000129342
0.011411199999973178
0.01175029999949038
0.01193779999949038
0.014840800000354648
0.01378429999947548
0.013003600001335144
0.013530799999833107
0.012214500000700354
0.012000900000333785
0.011664300000295042
0.012316999999806285
0.011115899998694658
0.011836200000718236
0.011614700000733138
0.01147829999960959
0.013608700001612305
0.014786299999803305
0.015521300001069903
0.014530899999663234
0.014967499999329448
0.015013000000268222
0.014716000000014901
0.013895800000056625
0.012795400001108646
0.011973300000652672
0.012087899999693036
0.011931399999186397
0.011631400000303984
0.012122200001031161
0.01157799999974668
0.011776799999177455
0.011245899999514222
0.011641099998727441
0.011341499999165535
0.012497500000521541
0.012176699999719858
0.011704199999570846
0.012104899998754262
0.011042599998414516
0.013044400000944733
0.012097300000488758
0.01232039999961853
0.015409700000658631
0.01507909999974072
0.01567469999939203
0.01599560000002384
0.01457829999923706
0.01986849999986589
0.014402000000700355
0.009517000000923872
0.010306399999186396
0.009379100000485778
0.009583499999716878
0.010526499999687076
0.011015499999746681
0.011408099999651313
0.01196229999884963
0.011707100000232458
0.011560799999162555
0.011933299999684096
0.011646800000220538
0.011503999998793006
0.011265999998897314
0.011107300000265241
0.011747899999842047
0.011026100000366568
0.011480100000277162
0.014522600000724197
0.017443900000303984
0.015750300001353027
0.014459000000730157
0.016318299999460578
0.015575999999418855
0.015673499999567866
0.01251570000126958
0.011410700000822544
0.012260500000789761
0.012736300000920893
0.01146309999935329
0.011289499999955297
0.011303399998694659
0.011588999999687075
0.01134040000103414
0.010788699999451637
0.010864099999889732
0.011484199998900295
0.011391400000080466
0.011259300000965596
0.011802099999040366
0.014993699999526143
0.015626299999654293
0.015044800000265241
0.01749819999933243
0.01522520000115037
0.015009400000795722
0.015235799999907613
0.013393899999558926
0.012741100000217557
0.012076299998909235
0.012028899999335409
0.012142600001767277
0.012599099999293685
0.011328900000080466
0.011478300001472234
0.011002000000327826
0.011272199999541044
0.01139500000141561
0.011239800000563264
0.011249199999496341
0.012053100001066923
0.013095499999821186
0.015203700000420213
0.016454299999400974
0.015382499998435379
0.015434800000861287
0.01678179999999702
0.015963200001046063
0.012588199999183416
0.01224129999987781
0.011607699999585748
0.011846100000664592
0.012081000000238418
0.010780700000002981
0.011151000000536442
0.01089560000039637
0.010474799999967217
0.011461899999529124
0.011427299998700619
0.010978400001302362
0.010987499998882412
0.01265139999985695
0.011310499999672175
0.013888100000098347
0.035241200000047684
0.018092499999329447
0.01514949999935925
0.015684699999168515
0.014455399999395014
0.013715200001373887
0.015022599998861552
0.012398999998345971
0.011739299999549984
0.011023700000718235
0.011212200000882149
0.010707499999552965
0.01251659999974072
0.011117899999022483
0.011304800000041724
0.011207200000062584
0.011261800000444055
0.01104670000076294
0.01155489999987185
0.011299100000411273
0.011259999999776482
0.01120810000039637
0.010985999999567866
0.010975200001150369
0.011466000000014902
0.011389299999922513
0.011550499999895691
0.01096680000051856
0.011219999998807908
0.0114222999997437
0.01129480000026524
0.011455700000748038
0.012117300000041723
0.01103690000064671
0.011560399999842048
0.01153880000114441
0.01036009999923408
0.011017599999904632
0.013719699999317526
0.014936300000175833
0.013933800000697374
0.01181469999998808
0.01073170000128448
0.010857300000265241
0.011175000000745058
0.02009010000154376
0.013649100000038742
0.014141799999400973
0.015265000000596047
0.0147179000005126
0.014349799999967218
0.010665900001302362
0.010812100000679493
0.010728700000792742
0.0106402000002563
0.010781399998813867
0.01068610000051558
0.010925999999046325
0.010796599999070167
0.010916600000113248
0.010581299999728799
0.010220399999991059
0.010507500000298023
0.012183499999344349
0.012798799999058247
0.013167899999767542
0.013444199999794364
0.012356000000610948
0.012597500000149012
0.011182799998670816
0.011664200000464916
0.014893400000408293
0.013406400000676513
0.015092700000852347
0.012044300001114608
0.01130409999936819
0.011400499999523164
0.01336519999988377
0.015572000000625849
0.012846800001338124
0.01468690000101924
0.014740400001406669
0.012955299999564886
0.013430099999532104
0.012520899999886752
0.011803099999204278
0.011197699999436737
0.01121169999986887
0.010350600000470877
0.010070800000801683
0.009974999999627471
0.009933299999684096
0.011689899999648333
0.013628100000321865
0.012015300000086427
0.012388899998739362
0.012781700000166893
0.012394400000572205
0.012068800000473856
0.01149489999935031
0.012006900001317263
0.011679400000721216
0.011012000000104308
0.01300789999961853
0.012635100001469255
0.013434800000861287
0.013961899999529123
0.012324899999424816
0.01205100000090897
0.012855700001120567
0.011882299998775124
0.013244599999859928
0.013225599998608232
0.01272470000013709
0.011848999999463558
0.012189799999818205
0.011744799999520182
0.012272900000214576
0.011554199999198317
0.011430800000205635
0.011600199999287724
0.01129219999909401
0.01153990000113845
0.012224299998953938
0.011090700000524522
0.011983899999409913
0.014621200000867248
0.012043500000610947
0.010952800000086426
0.011510400000959636
0.012418700000271201
0.011881500000134111
0.011285799998790026
0.011000199999660254
0.01106050000153482
0.011225400000810622
0.011529500000178813
0.014292400000616908
0.017010800000280143
0.015788200000301005
0.016317799998447298
0.0161894000004977
0.017418800000101327
0.016618900001049042
0.018869500000029803
0.01805020000040531
0.017216199999675153
0.015441600000485778
0.016878399999812246
0.02056319999881089
0.016297100000083446
0.026685799999162554
0.01428179999999702
0.012995600000023842
0.013004900000989437
0.014152800001204014
0.014135700000450014
0.012159099999815225
0.012893500000238419
0.013500900000333787
0.012125199999660254
0.009620299998670817
0.009479900000616909
0.009469700001180172
0.009656600000336767
0.010388599999248982
0.011238299999386072
0.011702500000596047
0.011051599999889732
0.012199299998581409
0.01183509999886155
0.012641499999910592
0.012111100001260639
0.011883500000461936
0.011484300000593067
0.012252299999818205
0.011340900000184775
0.010924999998882414
0.011151100000366568
0.012980399999767541
0.012916000001132489
0.013134400000795722
0.013213500000536442
0.015541400000452996
0.016990800000727176
0.0183847000002861
0.017887600000947714
0.013872700000181794
0.011216699998825788
0.010522199999541045
0.011715499999001622
0.01045329999923706
0.010582999998703598
0.018395800000056625
0.013679800000041722
0.010410900000482797
0.013184899998828768
0.011500799998641014
0.01109599999897182
0.011873599998652935
0.01347749999910593
0.014291400000452995
0.011083800001069904
0.010063999999314547
0.009580099999904633
0.011075999999418855
0.012816899999976159
0.01398010000027716
0.011974799999967218
0.012975499998778105
0.011503799999132753
0.010777400000020861
0.015632799999788404
0.014182599999010562
0.013510800000280142
0.01253120000101626
0.012730299999937415
0.016332399999722837
0.015429100001230836
0.014764800000935793
0.013466000000014902
0.012235500000417232
0.01263340000063181
0.012725199999287725
0.013891100000590085
0.013299100000411273
0.012410099999979139
0.01394059999845922
0.014096599999815225
0.010600000001490115
0.010417200000956655
0.01095350000075996
0.009422900000587106
0.011063800001516938
0.013859000001102685
0.014389599999412894
0.01328610000014305
0.013178000001236796
0.013486600000411271
0.013196999998763203
0.013927500000223518
0.013436499999836087
0.012904299998655916
0.012641499999910592
0.012643500000238419
0.012435699999332427
0.013027100000530482
0.01476469999924302
0.012776399999856948
0.012625199999660254
0.013496300000697374
0.012775400001555682
0.013291300000622869
0.01285109999962151
0.012335099998861551
0.011717499999329448
0.012022499999031424
0.011595099998638034
0.011740000000223518
0.011553900001570583
0.012057600000873208
0.012946899998933076
