0.06785929998755455
0.03663300001621246
0.03216620001196861
0.031235700011253358
0.031210900008678436
0.03300299999117851
0.031459999978542326
0.03113289999961853
0.03200640001893044
0.03143470001220703
0.030929800003767015
0.031617700010538104
0.03027149999141693
0.03154479998350143
0.03222139999270439
0.03217830002307892
0.03282110002636909
0.03056920000910759
0.030856700003147126
0.032707000017166137
0.0322703999876976
0.032112199991941454
0.03161130002140999
0.032379399985075
0.033904599994421004
0.03217109999060631
0.03036990001797676
0.03184480002522468
0.03600889998674393
0.032079299986362456
0.03202340000867843
0.03211349999904633
0.03242539998888969
0.032376600027084354
0.0313614000082016
0.03458820000290871
0.03236300000548363
0.03470270001888275
0.032374300003051755
0.032791499972343444
0.03227799999713898
0.03204610002040863
0.03135660001635551
0.029961999982595442
0.03022589999437332
0.03158689999580383
0.032376300007104876
0.03227380001544952
0.03185230001807213
0.03213650000095367
0.03225299999117851
0.03209819999337196
0.031900599986314775
0.033648499995470045
0.03208930000662804
0.03161550000309944
0.03264959999918938
0.031058799982070923
0.032799700021743775
0.03647890001535416
0.032626300007104876
0.03206000000238419
0.0323851999938488
0.033049300014972686
0.03174770000576973
0.03307520002126694
0.0320828999876976
0.03248489999771118
0.03256940001249314
0.032152799993753436
0.03421599999070168
0.03341670000553131
0.03314339998364448
0.03211030000448227
0.03270910000801087
0.03167250001430511
0.03235209998488426
0.031367499977350236
0.03205019998550415
0.031301400005817416
0.030986600011587144
0.0319113000035286
0.03245320001244545
0.03205009999871254
0.03087509998679161
0.03255509999394417
0.03388409999012947
0.03637630000710487
0.03269200000166893
0.030968700021505355
0.03169900000095367
0.032332199990749357
0.03161620000004768
0.031894299983978275
0.035067900002002717
0.03202809998393059
0.0317848000228405
0.03146739998459816
0.0323396999835968
0.03352580001950264
0.03165790000557899
0.03201739999651909
0.03239699998497963
0.032587900012731555
0.03285809999704361
0.03121840000152588
0.03184779998660087
0.029939099997282028
0.03162319999933243
0.0330421000123024
0.032255400002002714
0.03145329999923706
0.030856599986553192
0.031268900007009506
0.03141980001330376
0.03240189999341965
0.03220800000429153
0.03129340001940727
0.03172400000691414
0.03128890001773834
0.031407900005579
0.03161640000343323
0.033481799989938735
0.0313933000266552
0.031189900010824202
0.030868399977684022
0.031936700016260144
0.03325569999217987
0.031462900012731554
0.03128810000419617
0.033397799998521806
0.03240239998698235
0.03208689999580383
0.03311630001664162
0.03185679998993873
0.03398569998145103
0.032352600008249285
0.032120799988508225
0.03404379999637604
0.0321879999935627
0.03444130000472069
0.03215580001473427
0.03181220000982284
0.03197580000758171
0.03244929999113083
0.03121399998664856
0.03136329999566078
0.03299679997563362
0.03217190000414848
0.032085400015115735
0.031341500014066694
0.03164190000295639
0.03150940001010895
0.031820099979639055
0.03380160000920296
0.031813899993896486
0.03363439998030662
0.032263999998569486
0.03162489998340607
0.03167840000987053
0.03287929999828339
0.032424900025129315
0.03236250001192093
0.0331841000020504
0.032671299993991855
0.03228330001235008
0.031921200007200244
0.031713299989700315
0.032707200020551684
0.03264360001683235
0.03156369999051094
0.031088200002908708
0.031667999982833865
0.031874099999666214
0.031448500007390974
0.03123659998178482
0.031180700004100798
0.031121399998664857
0.03157189998030663
0.03151080000400543
0.03158160001039505
0.03154459998011589
0.03170309999585152
0.03133399999141693
0.031435800015926364
0.03189470002055168
0.03648960000276565
0.03857809999585152
0.03462879997491836
0.030145500004291535
0.030661300003528597
0.030579799979925156
0.031113400012254714
0.03170579999685288
0.031114900022745133
0.033895099997520446
0.031692900002002714
0.031230000019073487
0.03228659999370575
0.033017800003290174
0.033056199997663495
0.031938700020313265
0.031945100009441375
0.03186359998583794
0.031244500011205673
0.03405720001459122
0.03189340001344681
0.03232829999923706
0.0314200000166893
0.0316342000067234
0.03033169999718666
0.030507799983024598
0.03143189999461174
0.0321085000038147
0.03181000000238419
0.03153659999370575
0.030963400006294252
0.03124889999628067
0.03182260000705719
0.03160649999976158
0.031094999998807906
0.031279599994421
0.03048080000281334
0.030505700021982194
0.030206900000572204
0.030561599999666213
0.032710399985313415
0.03174129998683929
0.032627199977636336
0.03157420000433922
0.03248559999465942
0.0318686999976635
0.031822899997234345
0.032189500004053115
0.0331942999958992
0.03206000000238419
0.03405469998717308
0.03233759999275208
0.03224269998073578
0.03253339999914169
0.033537999987602235
0.032472399979829786
0.03197840002179146
0.03094669997692108
0.03231460002064705
0.030246299982070922
0.029880899995565414
0.02999669998884201
0.03181779998540878
0.030435499995946885
0.030132400006055833
0.031426800012588504
0.03135390001535416
0.03109909999370575
0.030408399999141692
0.030258200019598006
0.0303023000061512
0.030977099984884262
0.031921200007200244
0.031208700001239778
0.033314599990844726
0.030921900004148482
0.030095600008964538
0.03050850000977516
0.030455799996852873
0.03002799999713898
0.030357199996709824
0.03446919998526573
0.03307299998402596
0.0307601999938488
0.032159400016069414
0.03253620001673698
0.031731000006198884
0.0314074000120163
0.03232240000367165
0.030741800010204316
0.0302083999812603
0.031942299991846085
0.03095210000872612
0.030491499990224838
0.03135680001974106
0.03170820000767708
0.03075720000267029
0.031180900007486342
0.031650400012731554
0.032242799997329714
0.0319995000064373
0.03293140000104904
0.03225459998846054
0.03129440000653267
0.03294390001893043
0.031536700010299686
0.03281520000100136
0.03127880001068115
0.031287000000476836
0.031377000004053114
0.03471939998865128
0.031766799986362455
0.030372999995946885
0.030348300009965898
0.030692699998617172
0.03145239999890327
0.031075399994850157
0.0315426000058651
0.0312819000184536
0.03198210000991821
0.03243639999628067
0.0329239000082016
0.03151719999313354
0.030838200002908708
0.03178890001773834
0.03255129998922348
0.03125280001759529
0.03181020000576973
0.031743099987506865
0.031078900009393694
0.032315100014209744
0.03241670000553131
0.0322446999847889
0.031594499975442884
0.031719299972057344
0.03222470000386238
0.03195000001788139
0.03154129999876022
0.030921599984169008
0.03186620000004768
0.031626599997282026
0.03264059999585152
0.031543699979782104
0.03095810002088547
0.03220160001516342
0.031184499979019165
0.03203830000758171
0.03169690001010895
0.031157000005245208
0.03142239999771118
0.029902300000190736
0.029332100003957747
0.02952470001578331
0.029750299990177153
0.032537500023841856
0.03159220001101494
0.03352480000257492
0.031188199996948242
0.03284939998388291
0.031139200001955032
0.031148499995470046
0.03172810000181198
0.03134529998898506
0.032900900006294254
0.031519600003957746
0.031158399999141693
0.03144949999451637
0.03256330001354218
0.031883199989795684
0.0316017000079155
0.03155650001764297
0.030861200004816056
0.031554800003767015
0.031204899996519087
0.03234479999542236
0.03209630000591278
0.03208149999380112
0.031793500006198884
0.030982100009918214
0.031157299995422362
0.03200169998407364
0.030965099990367888
0.03160059997439384
0.03093909999728203
0.03232870000600815
0.030935300022363662
0.0313686999976635
0.03128360000252724
0.031597399979829785
0.03188999998569488
0.030809399992227555
0.034880299985408786
0.031257099986076356
0.03352160000801086
0.03219969999790192
0.031889400005340574
0.03113340002298355
0.03203949999809265
0.03272179999947548
0.031409399986267086
0.03191390001773834
0.031704699993133544
0.03168189999461174
0.032084600001573566
0.03288509997725487
0.03266460001468659
0.031435300022363666
0.032418000012636186
0.031808100014925005
0.03250420001149178
0.032144999980926514
0.032020099997520445
0.03180370000004768
0.031516699999570845
0.03185249999165535
0.03178090000152588
0.03105750000476837
0.03126589998602867
0.032162299990653995
0.03316659998893738
0.03195800000429153
0.031858899980783464
0.03161409997940064
0.031564300000667574
0.032019500017166136
0.03725100001692772
0.032165299981832506
0.031210899978876112
0.031191199988126753
0.031156699985265733
0.031515900015830996
0.031200100004673003
0.031665299981832505
0.03114089998602867
0.0314791000187397
0.03201919999718666
0.03214039999246597
0.031195600003004073
0.029888399988412858
0.031030400007963182
0.03262799999117851
0.03277990001440048
0.03141339999437332
0.031206399977207182
0.03230039998888969
0.033183600008487704
0.031025499999523164
0.030031199991703034
0.030441899985074995
0.03147389999032021
0.03238459998369217
0.03223780000209808
0.03270210000872612
0.031269500017166135
0.031166400015354156
0.03213029998540878
0.031686199992895125
0.031307800024747846
0.031457199990749356
0.030031899988651276
0.0305203999876976
0.03160029998421669
0.030595899999141692
0.030015200018882752
0.030652900010347366
0.029245800018310546
0.03213489997386933
0.030283500015735626
0.031489500015974045
0.03326129999756813
0.030740600019693375
0.029943800002336502
0.029598000019788743
0.031576399981975554
0.03123709997534752
0.031587599992752076
0.03135359999537468
0.03141429999470711
0.03150400000810623
0.03157800000905991
0.03193189999461174
0.03192790001630783
0.031817099988460544
0.03164359998703003
0.032278699994087216
0.03231949999928475
0.031752000004053114
0.031204800009727477
0.030843800008296965
0.03113730001449585
0.031397300004959106
0.030331000000238417
0.029836699992418288
0.031244899988174438
0.032040100008249285
0.030951300024986268
0.03179760000109672
0.03124590000510216
0.03217230001091957
0.03106409999728203
0.031028700023889542
0.03206040000915528
0.03103260001540184
0.03275309997797012
0.03363979998230934
0.032322700023651126
0.03256849998235702
0.031763199985027316
0.03175
0.03215019997954369
0.03177529999613762
0.03187479999661445
0.031154599994421005
0.03136699998378754
0.0315097000002861
0.03065829998254776
0.031498699992895125
0.03016949999332428
0.03125100001692772
0.031835199981927874
0.03309329998493195
0.03349860000610352
0.030908300012350082
0.030932700008153916
0.03199459999799728
0.03241459998488426
0.03183649998903275
0.03155629998445511
0.030793500006198883
0.030926300019025802
0.030026800006628038
0.03209790000319481
0.03161710000038147
0.03065990000963211
0.031091600000858307
0.030902499973773957
0.03246110001206398
0.030497999995946885
0.03143770000338554
0.030629900008440018
0.031087999999523164
0.03123370000720024
0.031677599996328354
0.03084929999709129
0.030788699984550475
0.030802899986505507
0.030887499988079072
0.030617700010538103
0.03178209999203682
0.03224760001897812
0.03123820000886917
0.0315722000002861
0.03167890000343323
0.03155159997940064
0.031284500002861024
0.031682799994945526
0.031223100006580354
0.03297020000219345
0.03244190001487732
0.03170579999685288
0.03172699999809265
0.0318745000064373
0.03202989998459816
0.03237720000743866
0.03164550000429153
0.03137710002064705
0.030521099984645843
0.03242329999804497
0.03250059998035431
0.031228400021791457
0.030826599985361098
0.031397300004959106
0.031769299983978275
0.031779199987649914
0.03092519998550415
0.031662600010633465
0.03078999999165535
0.0314384999871254
0.030934799998998643
0.030340999990701674
0.03227820000052452
0.03233360001444817
0.031198500007390977
0.033094999998807904
0.031939300000667574
0.0320571999847889
0.030650600016117097
0.03176769998669624
0.03231850001215935
0.03234939998388291
0.03123489999771118
0.032811699986457825
0.032058400005102156
0.03219740000367165
0.03160179999470711
0.032707300007343294
0.030858000010251997
0.03105300000309944
0.031148599982261656
0.03178710001707077
0.030685000002384187
0.03132050001621246
0.03228549998998642
0.031284299999475476
0.03164180001616478
0.031173899978399276
0.03086700001358986
0.03154859998822212
0.030452800005674362
0.035550599992275236
0.03155950000882149
0.03083940002322197
0.031268800020217896
0.03150850000977516
0.030868200004100798
0.031328799992799757
0.0308192999958992
0.032341199994087216
0.03168129998445511
0.03097589999437332
0.031842099994421
0.03144659999012947
0.03127630001306534
0.0321908999979496
0.03210240000486374
0.030597699999809266
0.030551300019025802
0.03144900000095367
0.031379500001668933
0.030736900001764298
0.032350099980831146
0.03128350001573563
0.031026699990034105
0.031245100021362306
0.03153919997811318
0.031692100018262864
0.03386640000343323
0.03229390001296997
0.031066100001335143
0.031477899998426435
0.031593899995088576
0.030877499997615816
0.031150599986314774
0.03120390000939369
0.03269659999012947
0.032462900012731555
0.03077480000257492
0.03149130001664162
0.031296299993991854
0.03091089999675751
0.03138289999961853
0.03661840000748634
0.031164800018072127
0.03142470002174377
0.03176780000329018
0.03433209997415543
0.03091619998216629
0.03160679998993873
0.03164570000767708
0.03145600000023842
0.029645700007677078
0.03137139999866485
0.030678600013256074
0.030920399993658067
0.03253900000452995
0.03046119999885559
0.031163599997758865
0.031507300019264224
0.032067999988794324
0.03176840001344681
0.032102899998426436
0.030659700006246567
0.03154389998316765
0.03099200001358986
0.031320799976587294
0.03155009999871254
0.03085580000281334
0.03155309998989105
0.03148659998178482
0.03053990000486374
0.031847200006246565
0.03255629998445511
0.029615599989891054
0.030007699996232987
0.03215710002183914
0.029494700014591216
0.030394600003957748
0.029726899981498717
0.03308210000395775
0.030092799991369247
0.03036039999127388
0.033711499989032744
0.029781800001859666
0.02941150000691414
0.029477899998426437
0.03178919997811318
0.02967399999499321
0.030022600024938582
0.030214800000190736
0.03009210002422333
0.03023429998755455
0.030776600003242494
0.029715299993753434
0.02922130000591278
0.030008199989795686
0.029506900012493134
0.029826099991798402
0.029826799988746645
0.030645900011062623
0.03328579998016357
0.030651600003242494
0.03065310001373291
0.03125609999895096
0.030298099994659423
0.03095540001988411
0.03292660000920296
0.032974999994039536
0.03165850001573563
0.031199600011110305
0.033755400002002715
0.031356299996376034
0.03081700000166893
0.031136100023984908
0.030798299998044967
0.03206509998440742
0.03139010000228882
0.03238160002231598
0.03069920000433922
0.03341429999470711
0.030609200000762938
0.031044100016355516
0.030721699982881545
0.030561199992895128
0.03087019997835159
0.03205149999260903
0.0319767000079155
0.031489399999380115
0.03220170000195503
0.031233900010585784
0.03164279997348785
0.031825800001621246
0.032852799981832506
0.03097690001130104
0.030797100007534026
0.031130100011825562
0.031209199994802476
0.03083770000934601
0.03120219999551773
0.0318245000243187
0.0318987999856472
0.03154539999365807
0.03193739998340607
0.03101120001077652
0.030775799989700318
0.030622200012207033
0.029334299981594085
0.031077900022268297
0.030351099997758865
0.030475499987602232
0.030917499989271163
0.03267579999566078
0.032251399993896486
0.0318066999912262
0.03176739999651909
0.03167309999465942
0.039382600009441375
0.03139959999918938
0.029277499973773956
0.02947810000181198
0.030313499987125396
0.031313800007104875
0.031331699997186664
0.031977699995040895
0.030540999978780747
0.029646099984645843
0.02977079999446869
0.030432300001382827
0.03503440001606941
0.030288599997758864
0.029452600002288817
0.03171840000152588
0.03187129998207092
0.03578409999608993
0.031319699972867966
0.030828500002622605
0.03210429999232292
0.031148599982261656
0.03180239999294281
0.030703900009393693
0.03162389999628067
0.03167460000514984
0.03234900000691414
0.03183309999108314
0.030988700002431868
0.03090189999341965
0.03184319999814034
0.03297879999876022
0.03113969999551773
0.031025799989700318
0.031064900010824202
0.03054409998655319
0.031245799988508224
0.0311487999856472
0.03154109999537468
0.03231850001215935
0.031590299993753436
0.03180609998106956
0.031319599986076356
0.031350000023841855
0.03205680000782013
0.03141040000319481
0.0331254999935627
0.03448209998011589
0.031997900009155276
0.03187520000338554
0.03068850001692772
0.03184180000424385
0.03084469997882843
0.03062610000371933
0.034386400014162065
0.031560800015926364
0.032189699977636335
0.03155660000443459
0.03138910001516342
0.03126299998164177
0.03168869999051094
0.031140900015830995
0.03139949998259545
0.030892800003290175
0.03076800000667572
0.031160800009965895
0.03146849998831749
0.030815799981355668
0.03147319999337196
0.03142409998178482
0.0320557000041008
0.031021400004625322
0.030415100008249284
0.031050300002098085
0.03106800001859665
0.03134759998321533
0.031650899976491925
0.03119209998846054
0.032898300021886824
0.03369950002431869
0.03082829999923706
0.03134149998426437
0.030939900010824202
0.030501900017261507
0.031787599980831145
0.03259250000119209
0.030172799974679948
0.030863699972629548
0.03050900000333786
0.03143090000748634
0.031189900010824202
0.030701400011777878
0.03228620001673698
0.03181029999256134
0.03125789999961853
0.030090400010347365
0.02942289999127388
0.030235699981451033
0.029952200025320053
0.03100859999656677
0.030793099999427795
0.031629299998283386
0.030574800014495848
0.030278999984264372
0.030066699981689454
0.029511999994516373
0.03130450001358986
0.031095400005578994
0.03166490000486374
0.030959000021219252
0.03113819998502731
0.03317689999938011
0.030726700007915497
0.03225450000166893
0.029518700003623964
0.029602899998426437
0.03154859998822212
0.031403399974107744
0.03302030000090599
0.03271060001850128
0.0318071999847889
0.03062000000476837
0.030836800009012223
0.030701799988746642
0.03113969999551773
0.03138769999146462
0.031000699996948242
0.030164100021123887
0.033291099995374676
0.03090929999947548
0.03175310000777245
0.03163029998540878
0.02981139999628067
0.03006360000371933
0.03181610000133515
0.030332900017499925
0.0315072999894619
0.03110690000653267
0.03185139998793602
0.03117239999771118
0.03103839999437332
0.031477200001478196
0.030999600023031235
0.03121150001883507
0.031144999980926513
0.03128000000119209
0.030551499992609026
0.03083949998021126
0.031239199995994567
0.030263799995183943
0.030583600014448167
0.0312921000123024
0.030599000006914137
0.031249899983406066
0.031537499994039535
0.031742599993944166
0.030755700021982194
0.03051969999074936
0.0300726999938488
0.03127199998497963
0.03126860001683235
0.03123949998617172
0.03158309999108314
0.03163719999790192
0.03030410000681877
0.03128249999880791
0.031201299995183944
0.032510899990797044
0.031013399988412856
0.03220489999651909
0.0327364000082016
0.031826200008392334
0.03162900000810623
0.0308779000043869
0.03198849999904633
0.032808800011873245
0.03142880001664162
0.03221480000019074
0.030068399995565414
0.03174399998784065
0.03070489999651909
0.02981750002503395
0.029993099987506867
0.03180610001087189
0.031100300014019013
0.030692399978637694
0.03141940000653267
0.030959699988365175
0.0317897000014782
0.030777999997138976
0.030666799992322923
0.03135910001397133
0.030605500012636185
0.032073399990797044
0.030972699999809266
0.03136020001769066
0.031343100011348726
0.031166900008916854
0.0318192999958992
0.03140439999103546
0.03140369999408722
0.03130579999089241
0.029462800025939942
0.02938499999046326
0.029914700001478195
0.031217900007963182
0.031081099987030028
0.031172600001096725
0.03124829998612404
0.030496299982070922
0.031027599990367888
0.03162310001254082
0.03196810001134873
0.029899199992418288
0.029851799994707107
0.030473100006580354
0.031760900020599364
0.03138960000872612
0.030730599999427795
0.03024050000309944
0.029981700003147125
0.030148999989032744
0.029491200000047683
0.029821700006723403
0.029924199998378753
0.03127889999747276
0.030728000015020372
0.03131810000538826
0.032770000010728835
0.03139010000228882
0.03152489998936653
0.031091600000858307
0.03110369998216629
0.03135139998793602
0.030696299999952315
0.03118630000948906
0.030970300018787384
0.03109839999675751
0.031278499990701675
0.03159499999880791
0.030735500007867813
0.031936699986457824
0.03171900001168251
0.030549600005149842
0.030360100001096724
0.03138940000534057
0.031241799980401993
0.0313842000067234
0.03108009999990463
