52.19029999524355
33.22089999914169
31.95549999922514
31.623199999332428
32.1875
32.601000003516674
31.20549999922514
37.81650000065565
33.50729999691248
31.869800001382828
35.08669999986887
33.774999998509884
33.398400001227856
34.18259999901056
33.340400002896786
32.970999993383884
32.798699997365475
33.036299996078014
32.492399998009205
32.05610000342131
32.66059999912977
33.25670000165701
32.820100001990795
32.10350000113249
32.64140000194311
33.871899999678135
33.028999999165535
32.72390000522137
33.14239999651909
32.01569999754429
33.36259999871254
32.09219999611378
36.50500000268221
31.47980000078678
33.729400001466274
33.328500002622604
30.34070000052452
32.741800002753735
32.16609999537468
36.57310000061989
34.40980000048876
34.64289999753237
32.10010000318289
31.783599995076656
33.24149999767542
31.7432000041008
38.17520000040531
32.521600000560284
32.2031000033021
32.03420000523329
31.81359999626875
33.32019999623299
30.988399997353554
32.2804000005126
34.21320000290871
33.65860000252724
35.652300000190735
43.31859999895096
32.15480000525713
34.9087999984622
32.19080000370741
31.356600001454353
30.90770000219345
31.77470000088215
32.028399996459484
31.756000004708767
33.38419999927282
32.02769999951124
31.83160000294447
32.21330000460148
36.53449999541044
36.480599999427795
31.2804000005126
33.77149999886751
33.81990000605583
32.458099998533726
32.192900002002716
33.04040000587702
31.889299996197224
34.727200001478195
32.26370000094175
32.51110000163317
32.38970000296831
31.383599996566772
32.18400000035763
32.62539999932051
33.266100004315376
31.360799998044968
35.15439999848604
32.49260000139475
33.29740000516176
31.627099998295307
31.134299993515015
30.643400005996227
30.817199997603893
30.366900004446507
34.024999998509884
31.35580000281334
32.239500001072884
31.51810000091791
32.8542999997735
31.231300003826618
31.999299995601177
32.25230000168085
32.793099999427795
33.14479999989271
32.809399999678135
31.856700003147125
31.821800000965595
31.452899999916553
32.51740000396967
32.43029999732971
33.05629999935627
31.111299999058247
33.11880000680685
32.70589999854565
32.36830000579357
30.864600002765656
29.656800001859665
32.71289999783039
34.23319999873638
32.38670000433922
32.97479999810457
31.70899999886751
34.95790000259876
31.242299996316433
32.486699998378754
37.02629999816418
32.744600005447865
31.772099994122982
31.99260000139475
33.97870000451803
32.73939999938011
33.50890000164509
36.03020000457764
33.05359999835491
34.96119999885559
31.781099997460842
35.23179999738932
34.67889999598265
36.87179999798536
35.56939999759197
33.225599996745586
33.18060000240803
32.60700000077486
33.95169999450445
33.56920000165701
32.44520000368357
31.789599999785423
32.73910000175238
32.88329999893904
34.90579999983311
31.343100003898144
32.45839999616146
35.80680000036955
33.501400001347065
31.756500005722046
32.150600001215935
32.24880000203848
32.14000000059605
32.793100006878376
32.375799998641014
32.60310000181198
32.20719999819994
32.86560000479221
32.1693000048399
31.929300002753735
32.017200000584126
35.841499999165535
32.815600000321865
32.84470000118017
32.12990000098944
32.31430000066757
31.924100004136562
30.701400004327297
31.24780000001192
32.11950000375509
32.66650000214577
34.0544999986887
36.19180000573397
30.943499997258186
31.34350000321865
32.06149999797344
31.23300000280142
32.838099993765354
31.043099999427795
32.414700001478195
32.33730000257492
33.412399999797344
32.02649999409914
32.71630000323057
31.395700000226498
32.06599999964237
32.48149999976158
31.266100004315376
32.31019999831915
32.73149999976158
37.043699994683266
32.95330000668764
32.63840000331402
32.29769999533892
33.9087999984622
32.26749999821186
32.17160000652075
34.31040000170469
32.39519999921322
33.12280000001192
35.30579999834299
34.12740000337362
37.49960000067949
39.73750000447035
35.31629999727011
31.974399998784065
32.950099997222424
31.108500003814697
34.41289999336004
34.065099999308586
32.194499999284744
32.35990000516176
33.189999997615814
31.01400000602007
33.36129999905825
33.05349999666214
33.765500001609325
34.95320000499487
32.992400005459785
32.7466000020504
34.99769999831915
32.138199999928474
32.231199994683266
36.483400002121925
32.43990000337362
31.826299995183945
32.0574000030756
31.555299997329712
32.66269999742508
33.19919999688864
32.42570000141859
32.3078999966383
32.99509999901056
34.45220000296831
32.702399998903275
32.78890000283718
34.28170000016689
32.679299995303154
33.732899993658066
33.54549999535084
33.14869999885559
34.662399999797344
32.36980000138283
32.18509999662638
34.925999999046326
35.94250000268221
31.729400001466274
35.641599997878075
34.316700004041195
30.377599999308586
31.712400004267693
30.978399999439716
32.09910000115633
32.43420000374317
31.57259999960661
31.41610000282526
31.527300000190735
32.607199996709824
33.60400000214577
32.39959999918938
32.796999998390675
29.45090000331402
29.278299994766712
32.41719999909401
39.0367000028491
32.16260000318289
31.16160000115633
33.75719999521971
34.142699994146824
30.245600000023842
32.62770000100136
32.05680000036955
32.26299999654293
31.26359999924898
32.33619999885559
34.27309999614954
33.57600000500679
32.4582000002265
31.469700001180172
31.012199997901917
31.223099999129772
31.22240000218153
32.22450000047684
31.33380000293255
32.45389999449253
31.773900002241135
31.32720000296831
32.3108000010252
32.90749999880791
35.080800004303455
32.06870000064373
32.291400000452995
32.50600000470877
29.242400005459785
32.23659999668598
33.335899993777275
34.3378000035882
35.281300000846386
33.07479999959469
32.428200006484985
31.724200002849102
34.80689999461174
32.255300000309944
39.671499997377396
34.273400001227856
32.194000005722046
32.14519999921322
33.21230000257492
32.815099999308586
32.13569999486208
31.472599998116493
32.44880000501871
33.29690000414848
33.10909999907017
34.116200000047684
33.82079999893904
32.68590000271797
32.225000001490116
33.16099999845028
32.35520000010729
33.439400002360344
32.53980000317097
32.66399999707937
32.816799998283386
32.34399999678135
32.33669999986887
32.338700003921986
32.67469999939203
30.174399994313717
31.711999997496605
30.04230000078678
31.057000003755093
31.5625
33.20700000226498
32.29950000345707
31.96389999985695
32.811099998652935
31.278499998152256
31.65829999744892
32.47360000014305
31.782399997115135
33.9227000027895
32.0190000012517
31.32880000025034
32.79580000042915
31.418100006878376
35.01789999753237
31.97070000320673
32.701799996197224
33.665899999439716
31.982100002467632
32.31310000270605
32.11260000616312
31.11760000139475
30.528299994766712
29.65489999949932
33.65520000457764
31.712700001895428
32.513199999928474
32.52520000189543
32.27850000560284
32.258199997246265
32.58900000154972
34.23009999841452
32.27879999577999
32.54789999872446
31.58169999718666
33.101700000464916
32.624700002372265
31.293799996376038
32.35629999637604
34.41619999706745
35.400600001215935
32.68590000271797
33.83720000088215
31.97119999676943
31.4155999943614
32.08380000293255
31.93800000101328
34.62150000035763
33.16270000487566
32.92909999936819
32.10630000382662
33.54490000009537
32.92210000008345
32.196800000965595
31.856200002133846
31.571299999952316
31.56920000165701
32.29150000214577
31.606700003147125
35.1380999982357
34.82419999688864
31.649499997496605
31.78830000013113
30.496799997985363
30.577500000596046
30.87389999628067
31.537600003182888
31.937600001692772
31.936200000345707
31.298099994659424
32.9003000035882
34.33609999716282
32.333599999547005
32.05560000240803
32.659599997103214
34.513800002634525
32.453500002622604
31.95329999923706
33.612899996340275
31.843099996447563
32.11890000104904
31.861299999058247
31.830399997532368
32.47969999909401
31.38729999959469
33.04340000450611
33.00099999457598
32.46230000257492
32.91490000486374
32.19370000064373
31.049900002777576
31.06030000001192
31.97460000216961
31.918499998748302
32.06740000098944
33.576800003647804
32.11690000444651
31.983300000429153
32.2901000007987
32.98380000144243
31.73700000345707
33.58629999309778
32.76970000565052
32.31520000100136
32.57779999822378
32.00500000268221
34.05860000103712
32.02149999886751
31.336300000548363
32.75670000165701
31.72289999574423
33.048199996352196
31.389499999582767
32.55009999871254
31.438799999654293
32.59510000050068
31.76399999856949
33.022200003266335
31.167499996721745
31.516599997878075
31.800999999046326
31.95839999616146
32.79999999701977
33.24700000137091
32.564400002360344
31.60920000076294
30.82490000128746
31.85410000383854
32.51349999755621
36.351100005209446
31.909500002861023
32.14639999717474
32.14079999923706
32.28280000388622
33.404500000178814
32.03880000114441
32.30510000139475
32.35740000009537
31.3057000041008
32.521600000560284
31.723900005221367
34.91730000078678
34.06130000203848
32.16499999910593
34.066799998283386
31.49040000140667
32.11720000207424
34.62939999997616
32.33660000562668
31.11599999666214
32.672600001096725
31.423599995672703
32.73080000281334
32.38680000603199
33.34170000255108
32.863400004804134
31.455200001597404
32.32000000029802
31.071199998259544
31.154500000178814
30.452899999916553
30.837000004947186
32.34070000052452
31.837699994444847
30.896099999547005
32.28940000385046
32.10800000280142
31.806000001728535
31.975000001490116
31.968800000846386
32.50100000202656
31.907499998807907
31.714899994432926
31.90999999642372
31.66489999741316
31.914299994707108
32.63570000231266
32.89870000630617
31.99719999730587
31.324699997901917
32.02769999951124
32.92530000209808
33.26509999483824
31.44479999691248
34.742899999022484
34.39010000228882
34.239000000059605
32.620299994945526
33.44940000027418
32.785700000822544
33.13629999756813
33.488499999046326
31.419100001454353
32.05759999901056
31.86710000038147
32.36410000175238
31.691699996590614
32.14530000090599
34.68029999732971
33.05900000035763
32.31609999388456
32.562299996614456
31.95270000398159
32.06719999760389
34.15810000151396
32.80240000039339
32.01970000565052
30.430499993264675
30.374300003051758
32.838700003921986
31.61100000143051
31.86769999563694
31.884199999272823
33.12340000271797
31.405600003898144
33.03100000321865
33.27179999649525
32.0912000015378
31.55860000103712
33.04460000246763
31.921299993991852
33.086999997496605
32.38670000433922
32.53779999911785
31.973700001835823
31.676599994301796
33.11949999630451
31.817200005054474
31.985200002789497
31.999899998307228
31.14290000498295
32.257599994540215
32.09740000218153
31.543600000441074
33.71440000087023
32.82310000061989
31.140099994838238
31.483400002121925
31.973400004208088
31.46050000190735
32.98760000616312
31.733800001442432
32.08569999784231
32.77520000189543
31.47290000319481
32.831399999558926
32.60240000486374
32.41669999808073
31.812299996614456
32.152399994432926
35.75680000334978
32.10379999876022
31.08949999511242
32.57479999959469
31.816100001335144
31.680099993944168
32.67249999940395
31.440699994564056
31.799999997019768
32.89450000226498
32.95279999822378
31.96109999716282
32.03679999709129
31.388800002634525
33.057700000703335
31.773299999535084
31.642200000584126
32.01929999887943
31.989500001072884
32.3112999945879
30.382700003683567
31.721000000834465
32.163600005209446
31.98360000550747
33.3817999958992
31.437399998307228
31.05129999667406
30.472199998795986
30.492899999022484
30.507599994540215
30.778300002217293
31.14759999513626
32.14679999649525
32.53679999709129
31.853700004518032
32.438900001347065
31.814300000667572
32.44479999691248
32.526799999177456
32.049199998378754
31.462999999523163
31.712400004267693
31.276600003242493
32.623599998652935
31.796900004148483
31.59850000590086
31.809799998998642
31.824599996209145
32.33210000395775
32.38279999792576
31.854599997401237
31.529399998486042
32.47739999741316
31.607299998402596
33.1317999958992
32.20509999990463
32.379799999296665
31.543099999427795
31.8412000015378
32.08609999716282
33.96970000118017
32.0422999933362
32.318999998271465
32.61299999803305
33.572999998927116
33.049899995326996
40.245700001716614
32.39530000090599
31.82890000194311
31.926399998366833
32.3344000056386
31.51009999960661
32.531800001859665
32.22410000115633
31.621300004422665
32.81989999860525
31.592500001192093
32.454700000584126
31.929499998688698
31.664100006222725
33.62049999833107
31.872900001704693
30.841000005602837
31.505300000309944
30.766000002622604
34.36500000208616
31.33779999613762
35.95710000395775
33.01520000398159
33.1600000038743
33.47969999909401
33.848300002515316
32.98319999873638
32.92620000243187
32.404500000178814
31.927699998021126
32.28049999475479
33.32699999958277
33.26569999754429
31.860100001096725
32.765999995172024
31.01070000231266
32.28079999983311
33.31180000305176
32.14350000023842
31.806699998676777
31.771099999547005
33.1068000048399
32.22010000050068
31.94319999963045
32.62680000066757
32.58560000360012
31.78540000319481
34.185000002384186
32.11199999600649
32.950199998915195
32.06240000575781
33.050899997353554
33.96689999848604
32.34569999575615
34.25490000098944
34.00750000029802
31.80340000241995
36.8957000002265
32.384300000965595
31.623599998652935
33.74679999798536
31.44030000269413
31.537800006568432
33.84229999780655
31.20659999549389
36.03900000452995
35.66789999604225
31.215499997138977
32.040199995040894
32.92689999938011
32.90599999576807
32.34619999676943
32.567299999296665
31.772200003266335
31.893499992787838
32.37390000373125
33.88680000603199
32.60970000177622
33.02910000085831
32.97509999573231
32.174199998378754
32.286399997770786
31.267100006341934
31.60350000113249
32.762599997222424
32.77290000021458
31.278400003910065
31.827399998903275
31.483799993991852
33.285799995064735
31.16610000282526
32.71920000016689
31.293800003826618
32.70549999922514
31.65090000629425
33.3716000020504
32.05119999498129
32.76740000396967
35.15139999985695
32.52019999921322
31.04609999805689
32.147800005972385
33.52549999952316
35.164099998772144
30.847500003874302
32.81300000101328
32.062200002372265
33.73039999604225
35.20560000091791
31.588199995458126
29.003600001335144
31.012599997222424
30.87730000168085
32.299200005829334
33.33569999784231
31.870800003409386
32.40439999848604
31.892100006341934
32.89459999650717
31.58959999680519
31.937700003385544
31.65479999780655
31.817299999296665
32.85360000282526
31.791900001466274
31.255500003695488
33.27290000021458
32.04330000281334
32.20150000602007
31.76129999756813
32.68819999694824
32.43169999867678
32.59839999675751
32.82189999520779
32.9167999997735
31.02310000360012
31.916900001466274
32.066200003027916
31.994199998676777
31.89299999922514
34.12900000065565
29.88180000334978
32.163500003516674
30.416299998760223
31.384800001978874
32.33379999548197
31.644599996507168
32.595499999821186
31.734099999070168
32.76460000127554
32.49269999563694
31.89249999821186
32.577399998903275
32.50670000165701
31.710999995470047
31.62339999526739
31.776200003921986
31.842200003564358
31.541500002145767
33.10419999808073
33.10969999432564
31.32319999486208
32.68110000342131
31.87889999896288
31.66730000078678
31.634800001978874
31.86649999767542
31.790100000798702
31.51070000231266
32.596500001847744
32.091499999165535
31.911200001835823
32.388799995183945
32.70560000091791
32.45939999818802
31.487199999392033
32.2516999989748
33.34420000016689
32.263800002634525
34.52989999949932
32.535700000822544
34.037399999797344
32.76979999989271
33.02859999984503
31.484399996697903
31.761399999260902
31.997599996626377
31.85859999805689
32.69439999759197
31.418600000441074
31.55749999731779
31.781900003552437
31.61089999973774
32.900600001215935
32.641000002622604
31.30580000579357
31.351100005209446
31.38849999755621
31.66950000077486
31.81479999423027
31.534499995410442
32.28450000286102
32.53280000388622
31.650799997150898
33.09700000286102
31.687299996614456
32.09130000323057
32.090300001204014
32.06689999997616
32.02540000528097
31.396700002253056
32.03999999910593
32.62739999592304
32.256999999284744
31.180399999022484
35.296400003135204
31.702300004661083
32.447999998927116
31.066100001335144
32.081399999558926
31.930399999022484
31.546399995684624
31.854500003159046
31.977700002491474
31.843000002205372
31.93969999998808
31.362200006842613
31.86890000104904
30.855700001120567
30.76129999756813
30.305300004780293
30.947499997913837
30.66789999604225
30.229299999773502
32.357300005853176
31.85920000076294
32.674300000071526
32.5405999943614
32.052000001072884
32.2432000041008
32.014300003647804
32.98159999400377
31.930299997329712
32.46400000154972
32.38000000268221
32.258699998259544
31.385899998247623
31.765900000929832
32.083599999547005
32.1841000020504
32.08619999885559
32.79789999872446
32.4235999956727
30.93140000104904
31.726000003516674
31.58840000629425
34.595999993383884
33.166400000452995
31.19870000332594
31.912399999797344
31.518800005316734
31.736099995672703
31.261399999260902
30.858800001442432
32.65320000052452
32.87900000065565
31.563500002026558
31.21169999986887
32.01229999959469
31.25459999591112
30.798799999058247
31.269599996507168
31.910599999129772
30.439900003373623
30.917499996721745
32.9455000013113
31.373700000345707
31.542400002479553
31.988899998366833
31.54450000077486
32.187700003385544
32.31430000066757
31.597000002861023
32.9003000035882
31.897299997508526
31.682199999690056
31.560999996960163
31.754799999296665
32.802599996328354
31.068400003015995
32.016599997878075
31.76179999858141
32.45960000157356
32.08969999849796
34.95729999989271
33.350499995052814
32.98780000209808
32.30819999426603
31.83279999345541
32.812700003385544
31.598800003528595
31.287399999797344
31.38960000127554
32.11370000243187
32.18680000305176
32.19030000269413
31.812199994921684
32.178700000047684
33.19830000400543
31.3344000056386
31.004799999296665
30.908100001513958
31.875899992883205
31.107799999415874
31.396799996495247
32.55010000616312
32.20270000398159
31.680000007152557
32.03559999912977
31.66840000450611
31.758200004696846
31.841499999165535
31.61829999834299
31.744499996304512
32.24989999830723
31.71339999884367
31.734600000083447
32.425399996340275
30.67109999805689
30.348200000822544
32.79710000008345
31.934499993920326
31.20269999653101
32.364600002765656
32.012099996209145
32.60480000078678
33.031799994409084
31.69029999524355
32.36589999496937
31.396200001239777
32.37370000034571
32.05170000344515
32.93370000272989
32.08340000361204
32.83789999783039
