110.00829999893904
59.527399994432926
54.248000003397465
52.42660000175238
53.966499999165535
50.822899997234344
56.633699998259544
58.13399999588728
66.47169999778271
54.743500001728535
53.6169999986887
53.63899999856949
49.703500002622604
51.36189999431372
51.60180000215769
53.2487999945879
50.89249999821186
56.96509999781847
50.07599999755621
61.33500000089407
63.09130000323057
51.60410000383854
56.295299999415874
51.86479999870062
59.28869999945164
49.22370000183582
52.07639999687672
57.69940000027418
55.116299994289875
53.99260000139475
53.92899999767542
52.25060000270605
53.44589999318123
50.98009999841452
53.784000001847744
55.91039999574423
52.504299998283386
55.29949999600649
51.88250000029802
51.06379999965429
48.632600001990795
47.31599999964237
49.19470000267029
49.78339999914169
50.18739999830723
48.1009000018239
49.067900002002716
48.41650000214577
51.74390000104904
51.424200005829334
49.00129999965429
49.611800000071526
48.66570000350475
47.34960000216961
52.60359999537468
51.39009999483824
48.95170000195503
49.10639999806881
56.123599998652935
52.65579999983311
51.042000003159046
48.2318000048399
49.41380000114441
49.961400002241135
53.154500000178814
52.39699999988079
47.56799999624491
47.519999995827675
49.91480000317097
50.6570999994874
50.43509999662638
50.66099999845028
53.740799993276596
52.427100002765656
50.65190000087023
54.62569999694824
50.26810000091791
47.72580000013113
51.49670000374317
48.2867000028491
48.071299999952316
47.77659999579191
49.26630000025034
47.92680000513792
49.58679999411106
51.31489999592304
49.43759999424219
50.570099994540215
60.067800000309944
62.18009999394417
55.00909999758005
50.67689999938011
48.609499998390675
49.25099999457598
48.45160000026226
54.55470000207424
51.220400005578995
53.07609999924898
52.33120000362396
50.02080000191927
50.43959999829531
56.25659999996424
52.09849999845028
49.84219999611378
45.01290000230074
56.62600000202656
51.75380000472069
52.226000003516674
49.2673000022769
50.52639999985695
51.402800001204014
49.81769999861717
48.97529999911785
49.188299998641014
57.64310000091791
50.695100001990795
48.73630000650883
55.63419999927282
53.32759999483824
51.98009999841452
49.40520000457764
53.32649999856949
49.9932000041008
51.85029999911785
52.91610000282526
51.05290000140667
49.75119999796152
48.64580000191927
51.49190000444651
52.33110000193119
49.99939999729395
49.941100001335144
50.070700004696846
50.01290000230074
49.16380000114441
47.90869999676943
47.673700004816055
49.903400003910065
49.244699999690056
51.98539999872446
49.35379999876022
49.469900004565716
49.074600003659725
41.92740000039339
45.40359999984503
50.84670000523329
50.43009999394417
49.3158999979496
51.19530000537634
50.68850000202656
51.83910000324249
48.741899996995926
48.51810000091791
48.97369999438524
53.535199999809265
48.506400004029274
49.39530000090599
49.04240000247955
47.71169999986887
46.77539999783039
51.962499998509884
49.19590000063181
50.09610000252724
51.78499999642372
51.122400000691414
51.11140000075102
49.32930000126362
47.88340000063181
51.66279999911785
49.23809999972582
53.34960000216961
62.964800000190735
51.53819999843836
49.51590000092983
50.27629999816418
48.78660000115633
49.44160000234842
52.61379999667406
51.530600003898144
55.29599999636412
49.28679999709129
50.0912000015378
48.57829999923706
46.96460000425577
55.583599999547005
55.030699998140335
52.12739999592304
58.057099997997284
52.237300001084805
49.57440000027418
47.83449999988079
47.787499994039536
48.24319999665022
46.67809999734163
48.01579999923706
47.99379999935627
49.47630000114441
48.17190000414848
49.456399999558926
50.418000005185604
50.50689999759197
49.34959999471903
50.69590000063181
51.45879999548197
49.3492000028491
51.059900000691414
53.35019999742508
60.19969999790192
53.23880000412464
53.572900004684925
52.71410000324249
48.32039999961853
49.41110000014305
47.477700002491474
48.52129999548197
47.339200004935265
48.212500005960464
48.564400002360344
51.674199998378754
50.215999998152256
54.5764000043273
60.57699999958277
59.56800000369549
41.861800000071526
48.92550000548363
49.51140000671148
48.30020000040531
45.70549999922514
41.69979999959469
49.20589999854565
52.559900000691414
48.70340000092983
48.69269999861717
49.936099998652935
48.5608000010252
48.79280000180006
49.749099999666214
50.58269999921322
50.25270000100136
52.29739999771118
51.958599999547005
53.86469999700785
52.5105000063777
47.59080000221729
50.95040000230074
52.54749999940395
49.860600002110004
53.02369999885559
51.04630000144243
47.27030000090599
47.37210000306368
50.851000003516674
55.7162000015378
61.386599995195866
50.17860000580549
47.61890000104904
48.848299995064735
49.63440000265837
49.89710000157356
47.37120000272989
48.5519999936223
48.83280000090599
46.39190000295639
45.18010000139475
56.66229999810457
49.45439999550581
48.90269999951124
50.519499994814396
51.166900001466274
51.5992000028491
49.72560000419617
48.92530000209808
46.61219999939203
47.787399999797344
47.22309999912977
47.187799997627735
50.04159999638796
48.83240000158548
47.316200003027916
47.26089999824762
48.400600001215935
47.82890000194311
47.847699999809265
48.20340000092983
55.09239999949932
45.21400000154972
51.27570000290871
50.76749999821186
49.23089999705553
49.16110000014305
46.494099996984005
53.45879999548197
50.50899999588728
47.70780000090599
50.95490000396967
48.57469999790192
47.750299997627735
48.64580000191927
52.715899996459484
48.37889999896288
48.12170000374317
49.07270000129938
48.45149999856949
44.40209999680519
42.35580000281334
50.90489999949932
51.01399999856949
47.577399998903275
47.71800000220537
47.61950000375509
46.432199999690056
46.62200000137091
46.242399998009205
48.83280000090599
50.611700005829334
47.621899999678135
47.30129999667406
46.891599997878075
50.954700000584126
49.52459999918938
49.66099999845028
47.60600000619888
47.36580000072718
48.73799999803305
47.31480000168085
48.73380000144243
49.51219999790192
47.26129999756813
47.60249999910593
52.967100001871586
49.370299994945526
47.86039999872446
49.10470000654459
46.733899995684624
52.02639999985695
50.40829999744892
47.90670000016689
54.364000000059605
58.99440000206232
49.4138999953866
47.59900000691414
50.130900003015995
49.42959999293089
54.31069999933243
42.60099999606609
43.20289999991655
49.40599999576807
48.38309999555349
47.56580000370741
47.09840000420809
49.60979999601841
49.0912000015378
48.89130000025034
48.395499996840954
54.57479999959469
49.20779999345541
47.270499996840954
47.57259999960661
47.034699998795986
46.47729999572039
54.583599999547005
47.79100000113249
50.43180000036955
51.79230000078678
51.2820999994874
46.609499998390675
48.537500001490116
50.982799999415874
50.6457000002265
50.86810000240803
49.05749999731779
50.54500000178814
50.775100000202656
53.115100003778934
51.889299996197224
38.82919999957085
37.306099995970726
40.479999996721745
39.05330000072718
39.280699998140335
50.73089999705553
48.58350000530481
46.63610000163317
45.44359999895096
45.963700003921986
47.9556999951601
42.27269999682903
51.72569999843836
50.95050000399351
50.311599999666214
47.557700000703335
48.499699994921684
49.29549999535084
46.31689999997616
46.97540000081062
47.98600000143051
47.11129999905825
50.02350000292063
48.001400001347065
48.80219999700785
47.18450000137091
46.75439999997616
46.5789999961853
46.662499994039536
46.2200999930501
47.796999998390675
48.81409999728203
47.082999996840954
46.387099996209145
46.07999999821186
45.98149999976158
47.528499998152256
49.37219999730587
50.82710000127554
52.721500001847744
47.20619999617338
47.13980000466108
45.78360000252724
46.98040000349283
47.310599997639656
52.782999999821186
47.23430000245571
51.47079999744892
61.41399999707937
52.98349999636412
47.383199997246265
46.59130000323057
41.95430000126362
42.22370000183582
47.482200004160404
47.21809999644756
48.70769999921322
50.05849999934435
46.64970000088215
46.76020000129938
50.4712999984622
49.346099995076656
48.13589999824762
46.91960000246763
47.757000006735325
48.03139999508858
48.81319999694824
48.35199999809265
45.378100000321865
51.97370000183582
48.37319999933243
47.39010000228882
47.177699998021126
46.56830000132322
47.58960000425577
50.792500004172325
47.9244000017643
47.661899998784065
48.12060000002384
49.63849999755621
46.537399999797344
45.688900001347065
46.74280000478029
48.49249999970198
46.71109999716282
48.244000002741814
49.50050000101328
47.85930000245571
46.374200001358986
49.62200000137091
48.68699999898672
47.762599997222424
46.13629999756813
47.43850000202656
43.037500001490116
47.734000004827976
49.77939999848604
46.650000005960464
49.42639999836683
47.843100003898144
52.76449999958277
51.14679999649525
47.56989999860525
47.964199997484684
49.599399998784065
47.57880000025034
46.687299996614456
46.00510000437498
46.0561999976635
50.80969999730587
48.60819999873638
50.282999999821186
48.810500003397465
47.51290000230074
47.30529999732971
47.08449999988079
50.04509999603033
51.09059999883175
47.516599997878075
46.318999998271465
58.2567999958992
48.47429999709129
47.504199996590614
45.00299999862909
47.07329999655485
45.630300000309944
51.226700000464916
46.05330000072718
47.71920000016689
47.09450000524521
46.47199999541044
48.54490000009537
46.88910000026226
47.55240000039339
47.89880000054836
50.71859999746084
49.52040000259876
59.171399995684624
47.53610000014305
47.19979999959469
46.856100000441074
49.97410000115633
48.67530000209808
46.25609999895096
47.97410000115633
49.11270000040531
49.6093999966979
48.040300004184246
46.82029999792576
46.22630000114441
47.106100000441074
47.04230000078678
49.80399999767542
49.6059999987483
49.40529999881983
50.96130000054836
48.68850000202656
48.21999999880791
48.70719999819994
46.727800004184246
57.033500000834465
48.285199999809265
48.88920000195503
48.09160000085831
48.99590000510216
47.55730000138283
46.80409999936819
46.909100003540516
46.68190000206232
46.54499999433756
46.446199998259544
50.509799994528294
49.26190000027418
48.826300002634525
49.42910000681877
48.2179000005126
47.82999999821186
42.38910000026226
42.10920000076294
48.529500000178814
46.39579999446869
46.893800005316734
47.105599999427795
46.22119999676943
47.29839999973774
46.794700004160404
46.8559999987483
46.72010000050068
47.39409999549389
46.884299993515015
47.95740000158548
46.78200000524521
47.0139000043273
46.334699995815754
48.8762000054121
49.39130000025034
49.363399997353554
54.15379999577999
48.18249999731779
46.67119999974966
45.80950000137091
49.060500003397465
47.240099996328354
47.792500004172325
48.90940000116825
49.47179999947548
46.76799999922514
46.06639999896288
44.28869999945164
48.134799994528294
46.37490000575781
48.21719999611378
50.25219999998808
52.22410000115633
47.98030000180006
46.86430000513792
47.607199996709824
45.357300005853176
45.94660000503063
42.22190000116825
47.244699999690056
48.005300000309944
51.0304000005126
54.1777999997139
55.46500000357628
49.60970000177622
48.656799994409084
46.13019999861717
46.996899999678135
45.82320000231266
49.404600001871586
47.07949999719858
46.07590000331402
48.586499996483326
49.99650000035763
47.33519999682903
46.572400003671646
49.96729999780655
46.61760000139475
49.616200000047684
48.68260000646114
47.620200000703335
46.79839999973774
46.81489999592304
47.01689999550581
47.37730000168085
46.96629999577999
47.45149999856949
46.249099999666214
47.302699998021126
45.6363999992609
47.18229999393225
52.66030000150204
49.798699997365475
47.77259999513626
45.258100003004074
46.794200003147125
44.406799994409084
49.792500004172325
46.86980000138283
46.14139999449253
41.65379999577999
42.69479999691248
47.36479999870062
46.143799997866154
47.13050000369549
46.88569999486208
50.229500003159046
47.69310000538826
47.00039999932051
47.77380000054836
46.57720000296831
47.15359999984503
46.3931999951601
47.210799999535084
49.24839999526739
46.28100000321865
47.7601999938488
46.67130000144243
46.35740000009537
48.48430000245571
49.48550000041723
49.39310000091791
52.077399998903275
47.85359999537468
47.563900001347065
48.11760000139475
49.10459999740124
45.610699996352196
46.94830000400543
48.266599997878075
48.11320000141859
47.40469999611378
48.727699995040894
46.3847000002861
45.81319999694824
46.35320000350475
47.898900002241135
47.639399997889996
51.48309999704361
53.02189999818802
50.00230000168085
47.05870000272989
46.79609999805689
37.847999997437
38.419799998402596
37.401199996471405
50.10880000144243
46.096500001847744
53.93300000578165
60.15770000219345
48.55979999899864
47.665799997746944
48.06289999932051
47.1186999976635
45.3382999971509
47.59470000118017
47.027800001204014
46.775100000202656
47.16660000383854
45.95160000026226
46.110699996352196
46.836399994790554
47.343800000846386
45.84189999848604
47.59309999644756
47.860600002110004
47.58540000021458
46.439400002360344
50.908500000834465
50.7031000033021
50.60189999639988
47.798100002110004
47.22749999910593
50.66719999909401
47.5257999971509
44.8813000023365
46.82609999924898
45.721600003540516
46.615199998021126
46.72029999643564
49.745200000703335
51.949000000953674
48.42500000447035
50.46639999747276
46.02350000292063
40.47599999606609
40.61100000143051
46.880300000309944
48.44150000065565
46.67669999599457
47.32699999958277
46.39639999717474
48.84579999744892
52.66570000350475
45.91459999978542
46.7943000048399
48.40860000252724
46.16160000115633
48.468100003898144
47.353299997746944
41.92840000241995
48.3957000002265
47.6182000041008
46.65420000255108
49.53819999843836
48.079099997878075
49.03999999910593
51.297600001096725
48.486699998378754
52.43169999867678
57.962600000202656
57.70779999345541
49.7736000046134
46.920400001108646
51.66830000281334
47.881999999284744
47.297599993646145
49.18909999728203
49.99260000139475
47.21010000258684
46.52910000085831
45.80640000104904
47.83330000191927
48.62789999693632
46.97120000422001
48.282999999821186
43.40269999951124
38.52129999548197
41.59500000625849
47.8526000007987
45.71379999816418
45.579700000584126
45.666999995708466
47.17830000072718
45.6152999997139
51.189500004053116
58.78490000218153
47.559300005435944
46.132600001990795
49.059900000691414
45.50949999690056
43.52820000052452
48.66650000214577
48.350000001490116
49.68020000308752
50.43229999393225
53.51009999960661
48.49090000241995
46.655099995434284
47.421400003135204
48.44350000470877
49.79320000112057
54.89629999548197
51.848200000822544
50.26280000060797
46.361800000071526
47.092599995434284
44.50219999998808
46.24870000034571
45.983899995684624
47.87950000166893
49.895500004291534
46.72509999573231
51.9391999989748
49.16890000551939
46.101000003516674
48.486700005829334
49.987399995326996
42.32539999485016
45.33169999718666
49.2394999936223
52.39469999819994
47.87709999829531
48.328500002622604
46.34420000016689
47.27709999680519
45.411399997770786
46.52139999717474
46.381999999284744
46.00409999489784
51.41159999370575
47.15089999884367
46.242399998009205
47.46899999678135
45.19329999387264
47.546499997377396
46.14750000089407
46.09179999679327
48.384799994528294
47.03020000457764
45.709100000560284
48.11980000138283
49.49040000140667
47.9809999987483
46.84009999781847
49.975499995052814
46.83070000261068
46.60080000013113
46.4522999972105
46.92809999734163
45.78499999642372
47.37879999727011
45.54839999973774
45.04569999873638
45.77489999681711
47.18420000374317
46.60979999601841
48.64009999483824
48.23529999703169
48.036399997770786
47.36370000243187
38.39410000294447
44.86370000243187
50.17109999805689
46.431099995970726
48.79299999773502
45.48130000382662
48.12439999729395
46.84890000522137
46.15600000321865
49.67889999598265
47.697300001978874
50.12229999899864
61.90270000696182
48.85040000081062
48.44559999555349
46.63910000026226
47.516599997878075
43.76120000332594
38.29209999740124
50.512599997222424
48.80000000447035
48.62550000101328
48.14000000059605
45.5962999984622
47.75720000267029
48.42809999734163
46.032899998128414
46.60539999604225
53.572300001978874
49.01410000026226
48.180399999022484
46.84529999643564
46.764300003647804
48.317200005054474
47.12879999727011
49.03830000013113
52.11219999939203
48.433799996972084
51.501900002360344
49.904600001871586
48.02920000255108
42.2466000020504
40.294199995696545
49.633199997246265
49.29450000077486
47.94359999895096
50.58169999718666
50.80849999934435
48.40210000425577
45.135499998927116
47.00109999626875
47.21230000257492
49.69330000132322
47.59100000560284
47.73770000040531
46.16369999945164
48.142700001597404
46.63560000061989
47.53899999707937
46.33719999343157
47.33100000023842
50.264299996197224
48.550999999046326
45.99780000001192
48.45660000294447
46.46299999952316
47.51860000193119
48.06700000166893
48.406199999153614
51.98130000382662
49.485100001096725
49.37319999933243
48.74560000002384
45.81410000473261
47.97649999707937
46.04169999808073
47.03820000588894
46.61879999935627
46.38180000334978
47.62399999797344
47.15639999508858
47.06040000170469
50.42010000348091
42.56310000270605
39.253600001335144
46.348800003528595
46.10459999740124
46.538599997758865
50.54619999974966
45.85360000282526
46.72540000081062
48.28079999983311
49.68690000474453
47.641000002622604
46.17940000444651
47.07280000299215
46.70710000395775
47.456300005316734
49.02309999614954
47.7580000013113
47.57450000196695
47.915300004184246
48.35660000145435
46.934300005435944
47.37349999696016
49.00840000063181
49.510499998927116
46.37000000476837
47.06599999964237
49.913000002503395
47.154600001871586
49.660499997437
50.02310000360012
46.00730000436306
50.16459999978542
46.8154000043869
48.07209999859333
51.308200001716614
52.30819999426603
54.41050000488758
47.66649999469519
45.51860000193119
47.830199994146824
48.2512000054121
47.25410000234842
47.05190000683069
41.43649999797344
52.52380000054836
52.44930000603199
48.66560000181198
46.063900001347065
47.18710000067949
45.963699996471405
46.348300002515316
46.46009999513626
47.02019999921322
46.758100003004074
48.796499997377396
48.91730000078678
48.57660000026226
50.23079999536276
50.01369999349117
47.29739999771118
46.40609999746084
47.741300001740456
48.07870000600815
49.03899999707937
46.295899994671345
49.28759999573231
45.79909999668598
47.28770000487566
46.45219999551773
47.14510000497103
