0.08527539999969304
0.034475700000301
0.034078900000080466
0.03389730000123382
0.03342540000006557
0.03276850000023842
0.03424720000103116
0.034327199999243024
0.03305130000039935
0.03325680000148713
0.03367380000092089
0.0330686000008136
0.033644100001081825
0.03441860000044107
0.03245310000143945
0.033808699999004606
0.032988099999725816
0.03277390000037849
0.031979899998754266
0.03290320000052452
0.03364100000075996
0.032805200001224874
0.03449140000157058
0.03217799999937415
0.03262529999949038
0.03306240000016987
0.035222199998795986
0.033414099998772144
0.03233860000036657
0.03325769999995828
0.032940300000831486
0.0328238999992609
0.03452779999934137
0.034709199998527764
0.03258689999952912
0.03325980000011623
0.032084300000220535
0.03226820000074804
0.03223990000039339
0.03268400000035763
0.03206169999949634
0.032661699999123814
0.03219139999896288
0.03285889999940991
0.032896099999547006
0.032617700001224874
0.03289350000023842
0.03252639999985695
0.03201800000108779
0.03210520000010729
0.032213999999687076
0.03236639999970794
0.03195869999937713
0.03290330000035465
0.032461500000208615
0.032442199999466535
0.03342059999890625
0.03801349999941885
0.0315285000000149
0.0320077999997884
0.03280980000086129
0.032194699998944996
0.033383600000292064
0.031442700000479815
0.03196279999986291
0.03361350000090897
0.030113299999386074
0.032097999999299645
0.0320515000000596
0.032026699999347326
0.032927099999040366
0.03262430000118911
0.03242939999885857
0.03217620000056923
0.03450839999876917
0.031989399999380115
0.03240699999965727
0.032475899999961255
0.03223819999955595
0.03342879999987781
0.031752800000831485
0.03067930000089109
0.03126590000092983
0.030973299998790026
0.031978399999439716
0.032329700000584126
0.032312400000169876
0.032889200000092385
0.03284010000154376
0.032527900001034143
0.03389949999935925
0.03274190000072122
0.031792299998924134
0.032299699999392036
0.03200139999948442
0.03307860000059008
0.032712200000882145
0.03165860000066459
0.03258530000038445
0.033438999999314545
0.031718500001356
0.032207100000232455
0.03459799999929965
0.033096300000324846
0.03255370000004768
0.037873700000345706
0.03316190000064671
0.03182450000010431
0.030858300000429155
0.03158079999871552
0.03228030000068247
0.032698399998247626
0.03156370000168681
0.03162600000016391
0.03208980000019074
0.0338144000004977
0.031930800000205636
0.03227589999884367
0.03211429999954998
0.033085299998521805
0.0323959000017494
0.0325741000007838
0.032398800000548365
0.03199239999987185
0.03214790000021458
0.031678300000727175
0.03297140000015497
0.032060399999842046
0.03216750000044703
0.03512739999964833
0.03230439999885857
0.03400699999928474
0.03137969999946654
0.03137539999932051
0.03263159999996424
0.03229949999973178
0.03158039999939501
0.03208889999985695
0.03354089999943972
0.03256780000030995
0.03185769999958575
0.03250870000012219
0.032311899999156596
0.03221999999880791
0.03229639999940991
0.031696599999442694
0.03232829999923706
0.03128170000016689
0.03282679999992252
0.032747899999842046
0.03233770000003278
0.034516100000590084
0.0325508999992162
0.03213250000029802
0.034135800000280145
0.03163289999961853
0.031698599999770524
0.032840699998661876
0.03206579999998212
0.031832600001245735
0.03179319999925792
0.032147300001233815
0.032297399999573824
0.03222450000047684
0.032883799999952314
0.03275530000030995
0.03208519999869168
0.03138569999858737
0.03278339999914169
0.03226950000040233
0.03127029999904334
0.03152309999987483
0.03248460000008345
0.03166389999911189
0.031761299999430774
0.031650499999523164
0.03173990000039339
0.031218899998813866
0.03149940000101924
0.032579899998381734
0.03236879999935627
0.0313503000009805
0.032299899999052285
0.03285630000010133
0.0318937999997288
0.030684100000187755
0.031600199999287724
0.031236200001090765
0.031000100001692774
0.031202500000596045
0.03259999999962747
0.03165019999817014
0.0332765999995172
0.03196169999986887
0.031169100001454352
0.0336347000002861
0.03223340000025928
0.0337390000000596
0.03215400000102818
0.03219409999996424
0.031947800001129505
0.03184960000030696
0.031247299998998643
0.03164960000105202
0.033087999999523166
0.03232840000092983
0.031855299999937414
0.031746199999004604
0.03268059999868274
0.03230690000019967
0.032252000000327824
0.03208400000073015
0.033594999998807905
0.03141950000077486
0.03175600000098348
0.032071599999442695
0.03224849999882281
0.03221870000101626
0.031420500000938774
0.03225320000015199
0.03146389999985695
0.03195280000008643
0.032425800001248714
0.0334300999995321
0.030874399999156595
0.03125050000101328
0.03174599999934435
0.032232899999246
0.0314734000004828
0.03191990000009537
0.03141179999895394
0.03179859999939799
0.03085289999842644
0.03220969999954104
0.03321749999932945
0.03209609999880195
0.03170140000060201
0.03254250000044703
0.03264819999970496
0.0327305999994278
0.03751030000112951
0.03736009999923408
0.0320534000005573
0.032146099999547005
0.03196889999881387
0.0316535000000149
0.0320209000017494
0.03125070000067353
0.03231579999998212
0.031375099999830125
0.03081689999997616
0.030615600001066924
0.029758300000801683
0.03163150000013411
0.03196020000055432
0.03150870000012219
0.03064329999871552
0.030610799999907613
0.030434100000187755
0.03079700000025332
0.03200760000012815
0.031717599999159574
0.03326790000125766
0.03139010000042617
0.031706900000572205
0.031408399999141697
0.03195239999890327
0.03239550000056624
0.03154900000058115
0.031637500001117584
0.03208569999970496
0.031134499998763204
0.03205539999902248
0.03307799999974668
0.03271659999899566
0.03248560000024736
0.03170380000025034
0.03313640000112355
0.03225769999995828
0.032052300000563264
0.03092360000126064
0.032322599999606606
0.03234250000119209
0.03229230000078678
0.03159730000048876
0.03205370000004768
0.03135229999944568
0.033892799999564883
0.0315285000000149
0.03203429999947548
0.030982999999076128
0.031294799998402595
0.03142879999987781
0.032432499999180436
0.031782100001350046
0.03148359999991954
0.03202709999866784
0.03200320000015199
0.03213100000098348
0.03195559999905526
0.032439799999818206
0.03144999999925494
0.03188870000094175
0.03273060000129044
0.03244089999981224
0.03116039999946952
0.031389800000935796
0.030864000000059604
0.0319809999987483
0.03285419999994338
0.03256469999998808
0.03285730000026524
0.03282609999924898
0.03219560000114143
0.03319959999993444
0.03996870000101626
0.03406269999966025
0.031802099999040365
0.03247659999877214
0.03189059999957681
0.033416799999773504
0.03195549999922514
0.031505300000309946
0.031367599999532106
0.03240959999896586
0.03139090000092983
0.03207420000061393
0.032252999998629094
0.031497400000691414
0.03267640000022948
0.03202199999988079
0.03193180000036955
0.03181099999882281
0.032151200000196695
0.031721800001338125
0.032288399999961255
0.03260440000146628
0.03302270000055432
0.03152510000020266
0.03179169999994338
0.031965900000184774
0.03197580000013113
0.03174650000035763
0.03254649999924004
0.0319299000017345
0.032629200000315904
0.03203669999912381
0.032331900000572206
0.03245450000092387
0.03391749999858439
0.03217520000040531
0.03172240000031888
0.03165399999916554
0.03272259999997914
0.033626499999314545
0.03167030000127852
0.03054800000041723
0.030788100000470876
0.03104050000011921
0.030944499999284746
0.03105920000001788
0.030864699998870492
0.03265760000050068
0.032297499999403956
0.030831499999389052
0.033157800000160935
0.03238080000132322
0.0312804000005126
0.03150470000132918
0.032322100000455975
0.03409029999934137
0.031951500000432134
0.032221000000834464
0.03140780000016093
0.03146289999969304
0.03240550000034273
0.0313183999992907
0.03214130000025034
0.03170659999921918
0.03199780000001192
0.03204439999908209
0.03220649999938905
0.03154109999909997
0.032335799999535085
0.03422450000047684
0.03453340000100434
0.03205430000089109
0.032012099999934436
0.0324507999997586
0.031684699999168515
0.03226970000006259
0.03424780000001192
0.032544999999925495
0.031025900000706316
0.031040200000628827
0.03187600000016391
0.03255289999954403
0.031996199999004604
0.03248989999853075
0.031075100000947715
0.03165379999950528
0.031492300000041724
0.03155860000103712
0.031210400000214578
0.031171399999409915
0.0317726000007242
0.03220769999921322
0.031212999999523164
0.0313202999997884
0.03167410000041127
0.032137099999934436
0.031952000001445414
0.030876800000667573
0.031599200000986455
0.02963459999859333
0.0306667999997735
0.03380769999884069
0.03163690000027418
0.03194309999980032
0.032879200000315904
0.035680599998682734
0.032921000000089407
0.0312577999997884
0.03174210000038147
0.03288260000012815
0.03236440000124276
0.0316169999986887
0.030774800000712275
0.031581899998709556
0.0317878000009805
0.030833400001749396
0.030905899999663235
0.030977200001478196
0.03076170000061393
0.030757199998945
0.031707399999722836
0.03069840000011027
0.03176979999989271
0.03175760000012815
0.03095109999924898
0.028987800000235438
0.030135099999606608
0.030559299999848008
0.03111959999985993
0.03143259999901056
0.031035000000149013
0.031411299999803306
0.03064369999989867
0.030568900000303982
0.031119300000369547
0.030978600000962614
0.031687100000679494
0.030058700000867248
0.0304964000005275
0.03143410000018775
0.031714200001209975
0.031040699999779462
0.03127099999971688
0.03119679999910295
0.030799000000581146
0.033503699999302625
0.03263560000061989
0.032008899999782445
0.03155179999954998
0.0317992000002414
0.03220069999992847
0.03149459999985993
0.03139940000139177
0.030885799998417496
0.031433000000193716
0.03223560000024736
0.03355460000038147
0.031415899999439716
0.03095160000026226
0.03228260000050068
0.032194400001317264
0.03182779999822378
0.03173430000059307
0.030537699999287723
0.030504200000315906
0.030901900000870227
0.03187429999932647
0.03160919999890029
0.03183890000171959
0.03138130000047386
0.030864599999040364
0.032824299998581406
0.030824900001287462
0.03133419999852777
0.03154340000078082
0.031582100000232455
0.03182179999910295
0.0324284000005573
0.03125829999893904
0.03128560000099242
0.03133919999934733
0.033293499998748304
0.03220670000091195
0.031226800000295044
0.030967199999839067
0.03183279999904334
0.031987900000065565
0.03116990000009537
0.030924599999561906
0.030746600000187755
0.03199860000051558
0.030916699999943377
0.031195199999958276
0.0328351000007242
0.03156689999997616
0.031674699999392035
0.03202350000105798
0.0315547000002116
0.032246899999678134
0.034652100000530484
0.03190359999984503
0.03142530000023544
0.031056900000199675
0.0309883999992162
0.031463199999183414
0.03177390000037849
0.03142549999989569
0.03135930000059307
0.031830900000408294
0.032677600000053646
0.03172889999859035
0.032232999999076126
0.03144160000048578
0.03132149999961257
0.030893500000238418
0.03120810000039637
0.03208760000020266
0.032193900000303984
0.031828900000080464
0.03177950000017881
0.031814799999818205
0.03202730000019074
0.03164259999990463
0.030401100000366568
0.031322399999946356
0.03156450000032782
0.0332140999995172
0.033068399999290704
0.031917600000277165
0.032911000000312926
0.03173659999854863
0.03387449999898672
0.031811599999666214
0.03223090000078082
0.03176719999872148
0.03169280000030995
0.03188040000014007
0.032933399999514223
0.03144020000100136
0.03237299999967218
0.032088499998673796
0.03198619999922812
0.03220920000039041
0.03176029999926686
0.032143899999558925
0.03148689999990165
0.031140800001099707
0.031292100001126526
0.031102099999785422
0.030332100000232457
0.030588199999183417
0.03178749999962747
0.03169530000165105
0.03066899999976158
0.03342850000038743
0.03160879999957979
0.03309320000000298
0.031946599999442694
0.03375530000030994
0.03155439999885857
0.03152449999935925
0.031729100000113246
0.03248509999923408
0.03244160000048578
0.03245549999922514
0.0316518000010401
0.031852400001138446
0.032944699998945
0.03124180000089109
0.03154849999956787
0.03248369999974966
0.03202040000073612
0.03163679999858141
0.030725999999791385
0.0315287000015378
0.031332200000062586
0.03171229999884963
0.030118800001218915
0.02988539999909699
0.031083000000566244
0.03174530000053346
0.032509300000965594
0.03164130000025034
0.03176530000008643
0.03208009999990463
0.03087820000015199
0.03044999999925494
0.030609899999573826
0.030036299999803305
0.030699699999764563
0.03206529999896884
0.031340199999511244
0.031576799999922515
0.032406099999323486
0.03174599999934435
0.03174349999986589
0.032259099999442695
0.03227500000037253
0.031004699999466537
0.03186629999987781
0.031956600001081824
0.032448799999430775
0.03158490000106394
0.03207989999838173
0.032077499998733404
0.03065270000137389
0.031694700000807645
0.03134789999946952
0.03288819999992847
0.030808699999004603
0.03350730000063777
0.032072399999946356
0.03139209999889135
0.03198780000023544
0.030887300001457334
0.028877199999988078
0.03186370000056923
0.03172320000082254
0.03220829999819398
0.03129930000007153
0.032162900000810624
0.03297559999860823
0.032674899999052286
0.031268899999558925
0.032240299999713895
0.03154299999959767
0.03356579999998212
0.03154609999991954
0.031065999999642373
0.031577999999746684
0.03170529999956489
0.03166430000029504
0.031060799999162555
0.03122209999896586
0.031430500000715254
0.03245309999957681
0.03275459999963641
0.03189770000055432
0.030869400000199675
0.03153669999912381
0.03157589999958873
0.031023700000718236
0.03109059999883175
0.03248629999905825
0.037809300001710656
0.03168669999949634
0.031164499999955297
0.03170610000006854
0.03167200000025332
0.032442700000479816
0.03175710000097751
0.03195600000023842
0.0315848999992013
0.03346499999985099
0.03152570000104606
0.03194239999912679
0.03140020000003278
0.031156899999827146
0.03132710000127554
0.03517019999958575
0.031728099999949334
0.03174200000055134
0.03189030000008643
0.031219100000336765
0.03182049999944866
0.031623900000005964
0.03164219999872148
0.03255860000103712
0.031514000000432134
0.03180099999904633
0.032012600000947716
0.03256949999928475
0.032334100000560285
0.03374679999984801
0.03164499999955297
0.03137600000016391
0.031689300000667574
0.033194900000467896
0.0322195999994874
0.03256400000117719
0.03156599999964237
0.03168999999947846
0.0323804999999702
0.03220779999904334
0.03189500000141561
0.031573299998417494
0.03221710000000894
0.032365500001236794
0.03206350000016391
0.03187060000002384
0.03241969999857247
0.03278199999965727
0.032510599998757245
0.03284569999948144
0.03219620000012219
0.031675900001078845
0.031215900000184774
0.033611699998378756
0.032997399998828766
0.030904699999839066
0.031905799999833104
0.03169820000045002
0.03161940000019967
0.032781099999323486
0.03191819999925792
0.030489099999889732
0.03269569999910891
0.031307700000703334
0.03258239999972284
0.03236220000125468
0.0309375
0.032006900001317264
0.03276019999943674
0.0319598999992013
0.03233589999936521
0.03176659999974072
0.03164259999990463
0.031089900000020862
0.03177559999935329
0.03139670000039041
0.03132719999924302
0.03132780000008643
0.031033900000154973
0.03174799999967218
0.03214770000055432
0.03167900000140071
0.03175029999949038
0.0316535000000149
0.03118129999935627
0.03149529999867082
0.0325456000007689
0.03146460000053048
0.03189850000105798
0.032844100000336766
0.03210480000078678
0.03159620000049472
0.03188979999907315
0.032372899999842046
0.031310200000181795
0.031149700000882147
0.029269999999552966
0.030506899999454617
0.031901000000536445
0.031087800001725556
0.031022400001063943
0.03161409999988973
0.032009199999272826
0.03067009999975562
0.031423200000077485
0.03212129999883473
0.03123560000024736
0.03106629999913275
0.033841300001367924
0.02991460000164807
0.03172039999999106
0.0319750999994576
0.03147719999961555
0.03205450000055134
0.030891799999400973
0.03128050000034273
0.031397600000724196
0.032011800000444054
0.03229689999856055
0.032451999999582766
0.032383899999782445
0.03195790000073612
0.03217430000007153
0.03282369999960065
0.03150809999927878
0.030084800001233817
0.029615999998524784
0.030615800000727177
0.030076700000092386
0.029663200000301003
0.030537999998778105
0.029909500000998377
0.02986199999973178
0.031728900000452996
0.03168939999863506
0.031227299999445676
0.03139140000008046
0.0314504000004381
0.031219299999997018
0.031499599998816845
0.031764500001445414
0.031236999999731778
0.031700799999758604
0.03127789999917149
0.031891499999910596
0.03199510000087321
0.030778400000184773
0.030402799999341368
0.030565300000831484
0.030832200000062586
0.03143920000083745
0.031093999998643995
0.030314899999648332
0.030341900000348688
0.030536100000143052
0.03050510000064969
0.029915999999269843
0.03050279999896884
0.030812600001692773
0.03039750000089407
0.029382799999788402
0.031138000000268222
0.030681399999186395
0.03069810000061989
0.030064899999648332
0.029740000000223518
0.030081100000068545
0.03131379999965429
0.03174940000101924
0.031481799999251964
0.031603099999949334
0.032722699999809264
0.0320848999992013
0.0313500999994576
0.03197829999960959
0.033669700000435114
0.03108170000091195
0.03097399999946356
0.031024100000038742
0.03149610000103712
0.03284449999965727
0.031925100000575184
0.03241009999997914
0.03068669999949634
0.031476400000974535
0.03127669999934733
0.032242000000551344
0.03168359999917448
0.03144329999946058
0.031859999999403955
0.03265149999968708
0.030740799998864532
0.030978099999949337
0.031551100000739095
0.031748599998652934
0.031160700000822543
0.030660599999129772
0.030642099998891354
0.031778699999675156
0.0318808999992907
0.031690500000491735
0.030901499999687075
0.03138599999994039
0.03136579999886453
0.03150459999963641
0.030962800001725556
0.03395940000005066
0.03145759999938309
0.03179130000062287
0.03244999999925494
0.030515300000086426
0.030664599999785422
0.03163759999908507
0.031987199999392035
0.032535199999809264
0.03125999999977648
0.03220009999908507
0.03214420000091195
0.03218140000104904
0.03163700000010431
0.03148579999990761
0.030908999999985098
0.031308199999853965
0.03262170000001788
0.03147269999980926
0.03137250000052154
0.03222399999946356
0.03142160000093281
0.03237050000019372
0.03184860000014305
0.03141750000044703
0.0320945999994874
0.0312875999994576
0.030275399999693035
0.03181560000032187
0.03160769999958575
0.031926899999380115
0.0315077999997884
0.03256980000063777
0.030968399999663235
0.031356300000101325
0.03141829999908805
0.03132789999991655
0.032062300000339744
0.03095579999871552
0.033554700000211594
0.031189400000497698
0.0316285999994725
0.03373699999973178
0.03175930000096559
0.03085270000062883
0.03165659999847412
0.032160199999809264
0.03374670000001788
0.03138619999960065
0.03216889999993146
0.032218399999663236
0.03026439999975264
0.03156719999946654
0.03125859999842942
0.031418099999427795
0.03307630000077188
0.03239690000005067
0.03091609999909997
0.03066410000063479
0.03069370000064373
0.03014159999974072
0.029906700000166892
0.03036689999885857
0.030079600000754
0.02973859999887645
0.030379899999126794
0.03098560000024736
0.030654200000688435
0.03143290000036359
0.031130200000479818
0.030504599999636412
0.031871700000017884
0.03096780000068247
0.031398300001397726
0.03192940000072122
0.03082730000093579
0.03083800000138581
0.03437540000118315
0.031068800000473858
0.031474500000476836
0.03166210000030696
0.031947599999606606
0.031858000000938774
0.03116359999962151
0.030568600000813604
0.030594399999827146
0.0309864999987185
0.03150540000014007
0.03090100000053644
0.031109699999913573
0.031749900000169876
0.0314621999990195
0.033096999999135734
0.03157149999961257
0.03148240000009537
0.030870500000193715
0.030805099999532102
0.031115100000053644
0.031209699999541044
0.03198430000059307
0.03208420000039041
0.03137239999882877
0.033737800000235435
0.030798799999058248
0.031907100001350046
0.03172220000065863
0.031855299999937414
0.0317594999987632
0.031127000000327826
0.031544800000265244
0.03159479999914765
0.032227900000289085
0.03295890000090003
0.03223880000039935
0.031143400000408293
0.03205710000172257
0.03118480000086129
0.031234899999573826
0.03144599999859929
0.03182980000041425
0.03186879999935627
0.03365169999934733
0.03265270000137389
0.030759300000965595
0.031942500000819565
0.031989399999380115
0.031460999999195334
0.03304150000028312
0.03161799999885261
0.03046570000052452
0.030472599999979137
0.031430099999532106
0.03197849999926984
0.031080399999395013
0.03215080000087619
