0.02721650000102818
0.011968399999663233
0.011088600000366568
0.012065500000491738
0.01441799999959767
0.010596400000154972
0.011078099999576808
0.010952299999073148
0.013853199999779462
0.013883299998939037
0.011444699998944997
0.010863400001078844
0.010889500001445413
0.011259199999272823
0.011159099999815226
0.011234300000593066
0.010945700000971555
0.01053179999999702
0.011036000000312924
0.010883899999782443
0.010473899999633432
0.010253900000825523
0.010827999999746681
0.01061820000037551
0.010518399998545647
0.010798499999567866
0.010112300001084805
0.010410600000992417
0.010587700000032783
0.01255599999986589
0.010490300001576542
0.010338800000026823
0.010045499999076129
0.01035329999960959
0.010762700000777841
0.013463800000026822
0.010556700000539421
0.011465799998492003
0.010760500000789762
0.010272199999541045
0.013369100000709296
0.01134370000101626
0.011179399998858572
0.01002449999935925
0.010416799999773503
0.010926200000569224
0.010509300000965595
0.010055199999362231
0.01067259999923408
0.010642600001767278
0.010486300000920892
0.010657199999317527
0.010160299999639391
0.010792799999937415
0.010270400000736117
0.01029480000026524
0.0106855999995023
0.010190499998629093
0.011238800000399351
0.011262500001117587
0.012028899999335409
0.01046820000000298
0.010278800001367926
0.01011399999819696
0.010446000000461936
0.01063480000011623
0.010368099998682738
0.010981499999761581
0.010560900000855326
0.010442199999466538
0.011362400000914931
0.01034429999999702
0.010215499999001622
0.01054050000011921
0.00996739999949932
0.010404700001701713
0.010224099999293685
0.009952199999243022
0.01053720000013709
0.01047099999897182
0.010107899999246002
0.010287799999117851
0.01034180000051856
0.010850299999117852
0.010200900001451373
0.010554400000721217
0.010336799999698996
0.01060249999910593
0.010787599999457598
0.010438200000673532
0.010119699999690056
0.010315600000321865
0.010497300000861288
0.010442299999296665
0.010550599999725819
0.010217199999839067
0.01212470000050962
0.013333599999547004
0.015582399999722838
0.015517200000584125
0.012942199999466539
0.013236300000920891
0.013303399998694659
0.011911100000143051
0.011322699999436737
0.01045920000039041
0.010833499999716879
0.012733800001442433
0.01048539999872446
0.010072899999096989
0.011729000000283122
0.012539000000804663
0.011072300000116228
0.011435099998489023
0.010580400001257657
0.011625199999660253
0.010433000000193714
0.0103105999995023
0.010870299998670816
0.010542099999263883
0.01053910000063479
0.010745600000023841
0.01014780000038445
0.010550599999725819
0.010602500000968575
0.011164300000295044
0.011472400000318884
0.010425699999555945
0.010700799999758601
0.012114800000563263
0.010735500000417232
0.010176699999719858
0.01048729999922216
0.0107956000007689
0.010206500001251697
0.010323599999770523
0.010098799999803305
0.010618100000545383
0.01055119999870658
0.010512700000777841
0.012110000001266599
0.010800599999725819
0.010779500000178814
0.010711600000038743
0.010191500000655652
0.01492630000039935
0.010526900000870228
0.01008420000039041
0.010167000001296401
0.011871500000357627
0.01178800000064075
0.010846999999135732
0.011811599999666213
0.01042259999923408
0.009990299999713898
0.010289999999105931
0.01054189999960363
0.010486800000071525
0.010201999999582767
0.01049409999884665
0.010116499999538064
0.010701199999079107
0.010053099999204278
0.010301500000059605
0.010316899999976158
0.010606599999591708
0.01047069999948144
0.010143400000408292
0.010097299998626113
0.011423900000751018
0.010174500001594424
0.010496500000357628
0.00999100000038743
0.010000700000673532
0.010138100000098347
0.010194399999454618
0.010185799999162555
0.010372600000351668
0.01030379999987781
0.010843200000002981
0.010410299999639392
0.010612099999561905
0.010388900000602008
0.0119339000005275
0.01003809999860823
0.010289899999275804
0.010019799999892711
0.010463700000196694
0.011481399999931455
0.01050980000011623
0.010144600000232458
0.010897700000554324
0.010252500001341104
0.01025650000013411
0.011415800001472234
0.010249299999326467
0.013162699999287724
0.010294299999251962
0.010777599999681114
0.010247700000181794
0.00972239999845624
0.010998399998992681
0.010365199999883772
0.010799599999561905
0.010595499999821185
0.010473200000822544
0.01012390000000596
0.010640800001099706
0.010609500000253319
0.010555399999022485
0.010180000001564622
0.010017799999564887
0.01055959999933839
0.010311599999666214
0.009932399999350309
0.01042740000039339
0.010528599999845028
0.010223100000992417
0.010185800001025199
0.0102668999992311
0.01020409999974072
0.011439299998804928
0.010948599999770521
0.010095099998638033
0.010340299999341369
0.010351400000974537
0.010197399999946356
0.009826200000941754
0.00999720000103116
0.010066800000146032
0.010468000000342727
0.01043640000000596
0.009768800001591443
0.01035329999960959
0.010219200000166894
0.01030940000154078
0.010526599999517203
0.01012529999949038
0.010359200000762939
0.011339199999347328
0.01202170000039041
0.010793200001120567
0.010298200000077485
0.01018420000001788
0.010583800001069904
0.011127099998295307
0.011217499999329448
0.009982899999246002
0.009993300000205636
0.010100999999791384
0.010220499999821187
0.00997980000078678
0.010518699999898672
0.010504799999296665
0.010481399999931454
0.01015110000036657
0.010474799999967217
0.010448000000789761
0.010067099999636411
0.011039799999445677
0.010186799999326467
0.010474099999293685
0.010425699999555945
0.010539200000464917
0.010018300000578165
0.010536699999123812
0.010729700000956655
0.010174200000241398
0.010453800000250339
0.010627199999988079
0.011576700000092387
0.0112804000005126
0.011184699999168515
0.01038090000115335
0.010181600000709294
0.010359699999913574
0.01084620000049472
0.010331699999049307
0.010389499999582767
0.014276599999517203
0.011069399999454617
0.01031529999896884
0.010352400001138448
0.010895200001075864
0.010460700001567602
0.010776600001379848
0.010530300000682473
0.009859999999403953
0.01048509999923408
0.010543800000101328
0.010044299999251962
0.0110964999999851
0.010548399999737739
0.010399799998849631
0.01046950000151992
0.009917899999767542
0.010643400000408292
0.010458300000056625
0.013287500001490116
0.010976200001314282
0.010615599999204278
0.010492799999192358
0.01056870000064373
0.010015000000596047
0.01021820000000298
0.010251600001007319
0.010438400000333786
0.010796299999579788
0.010257599998265504
0.010421800000593066
0.010456600001081824
0.010294099999591709
0.010321700001135468
0.010386300001293421
0.01015769999846816
0.010225400000810623
0.010424399999901652
0.010247700000181794
0.010295700000599027
0.010344200000166894
0.010183499999344349
0.010286700000986457
0.01030579999834299
0.010280600000172854
0.010186000000685454
0.010227299999445676
0.010050499999895691
0.010116299999877811
0.010427799999713898
0.010507900001481175
0.010377199999988079
0.009885199999436736
0.010103500001132488
0.010383799999952316
0.011452299999073148
0.010353900000452994
0.01102060000039637
0.013503000000491738
0.009607799999415875
0.010590199999511243
0.010110700000077487
0.010509399998933076
0.010182599999010562
0.010107699999585747
0.010322200000286103
0.010646900000050663
0.009493000000715256
0.01049129999987781
0.010282800000160932
0.010614800000563264
0.010052699999883771
0.010009499998763204
0.01033779999986291
0.011258899999782444
0.010412800000980497
0.010365599999204278
0.010548200000077486
0.010674700001254677
0.010394899999722838
0.010129100000485778
0.011886299999430775
0.01096339999884367
0.010186300000175834
0.010345900001004339
0.010734600000083446
0.010089399999007582
0.010414999999105931
0.011220599999651313
0.010018300000578165
0.010113799998536706
0.0101081000007689
0.010322399999946356
0.010238400001078844
0.00947039999999106
0.010573300000280141
0.011998700000345707
0.010426699999719858
0.010301699999719858
0.00982300000078976
0.011685100000351667
0.010118400000035763
0.01075650000013411
0.010418499998748302
0.010315099999308587
0.010231100000441074
0.009935699999332429
0.010209300000220536
0.01023149999976158
0.010691599998623133
0.009919700000435114
0.010078499998897313
0.00974049999937415
0.01013910000026226
0.010484600000083447
0.015004399999976157
0.010388199999928474
0.010558100000023841
0.010014599999412893
0.010250399999320507
0.011260199999436737
0.010279500000178814
0.010230900000780821
0.010121199999004602
0.00994370000064373
0.010056099999696016
0.010712899999693036
0.010337400000542403
0.010104900000616908
0.010317700000479817
0.010503499999642372
0.010214400000870228
0.010028699999675155
0.010736299999058247
0.010428400000557303
0.010457200000062585
0.012202500000596046
0.009955299999564887
0.010019200000911952
0.01115760000050068
0.010390899999067187
0.009954199999570847
0.010487199999392032
0.010204800000414252
0.010542299998924136
0.010378900000825524
0.010430800000205636
0.010197899999096989
0.010271600000560283
0.010408999999985099
0.00979670000076294
0.010614699998870492
0.010179099999368191
0.010107499999925494
0.010214299999177456
0.00998589999973774
0.010916199998930096
0.01055320000089705
0.009765300000086427
0.010334400000050663
0.010380300000309943
0.010240199999883771
0.010392799999564887
0.009719200000166893
0.010689600000157952
0.01064699999988079
0.010124800000339747
0.010894899999722839
0.010360999999567867
0.010084299998357893
0.010436599999666214
0.010005200000479818
0.00991499999910593
0.010238599998876453
0.009964200001209974
0.011283299999311566
0.010564500000327826
0.009790699999779462
0.010154400000348687
0.010799499999731779
0.010561099998652936
0.01017600000090897
0.01326769999973476
0.011319799998775125
0.013210900001227856
0.010363599998876453
0.010593000000342728
0.01083170000091195
0.00995380000025034
0.0101687000002712
0.010781899999827146
0.010299800001084804
0.010363499999046327
0.010424200000241399
0.010289300000295043
0.011079599998891354
0.010481900000944734
0.009922699999064206
0.010283999999985098
0.010607899999246
0.010664499999955297
0.010675599999725819
0.010332099998369813
0.010392600001767277
0.010866899998858572
0.010316199999302625
0.010143600000068545
0.010434799998998642
0.010158500000834465
0.00993079999834299
0.011734199998900295
0.011088500000536442
0.01126719999872148
0.010644899999722839
0.011067399999126792
0.010320799998939038
0.0101891999989748
0.010482900001108646
0.010283500000834465
0.010090299999341369
0.010136699998751282
0.010171900000423194
0.010383300000801683
0.010592700000852346
0.010636900000274181
0.010220799999311567
0.010161199999973178
0.010225600000470876
0.010340900000184774
0.010049200000241398
0.010330699998885393
0.01034970000013709
0.010375
0.010354299999773503
0.010493400000035763
0.010316899999976158
0.010053199999034404
0.010158600000664592
0.011863099999725818
0.00982289999909699
0.010286700000986457
0.010296700000762939
0.010068199999630451
0.009787699999287724
0.009987999999895691
0.01044730000011623
0.010497700000181794
0.010376600001007319
0.011635100001469254
0.009878299999982118
0.010204199999570847
0.011721400000154971
0.010779999999329447
0.010057000000029803
0.01028800000064075
0.010745500000193715
0.010403699999675154
0.011033599998801947
0.011046199999749661
0.010879200000315904
0.012802200000733137
0.010220099998638033
0.010393699999898672
0.010071000000461936
0.010283899998292326
0.010441999999806285
0.010172200001776219
0.010005800001323223
0.010417400000616908
0.009958399999886751
0.010205299999564887
0.010068599998950958
0.010063400000333785
0.01021710000000894
0.010404999999329447
0.010347599999979138
0.010021199999377131
0.010340300001204015
0.010005200000479818
0.010090200001373888
0.010214600000530481
0.010408900000154972
0.010200099999085069
0.010513100000098348
0.009752900000661612
0.010458199998363853
0.01036460000090301
0.009890100000426174
0.010216399999335409
0.010143799999728798
0.0101302999984473
0.010732499999925494
0.011118600001558662
0.010009400000795723
0.010332200000062585
0.009983700001612306
0.01021110000088811
0.010301999999210238
0.009976500000804663
0.010554599998518824
0.010397700000554323
0.010306399999186396
0.010340099999681116
0.010589399999007583
0.01047800000011921
0.01018530000001192
0.010962300000712275
0.010278299998492002
0.010400100000202656
0.010424200000241399
0.011732100000604987
0.01731540000066161
0.010443799998611211
0.01025620000064373
0.010018699999898672
0.01007520000077784
0.01068779999949038
0.010330500001087786
0.009916200000792743
0.012009399998933077
0.01102170000039041
0.010187599999830127
0.010432299999520183
0.00978990000113845
0.010067700000479818
0.01091440000012517
0.01005790000036359
0.010325400000438094
0.01092909999936819
0.010588300000876188
0.010026399999856949
0.011592200001701712
0.010597000000998377
0.010030499998480082
0.01044090000167489
0.010394700000062585
0.009923800000920892
0.010316899999976158
0.010634700000286103
0.009815200001001358
0.010308900000527501
0.009838899999856949
0.010370200000703335
0.01026939999870956
0.010256599999964238
0.01039919999986887
0.010534499999135733
0.011215900000184775
0.010573800001293421
0.010469399999827147
0.009903699999675155
0.010375500001013279
0.009994800001382828
0.010426400000229478
0.01033530000038445
0.010306900000199676
0.01012250000052154
0.010244899999350309
0.010458399999886752
0.010319900000467896
0.009950600000098347
0.010541200000792741
0.010308700000867248
0.010348299998790026
0.010535000000149012
0.010409900000318885
0.010550100000575185
0.010322499999776483
0.010035599999129773
0.010588400000706315
0.010167099999263882
0.012138100000098347
0.010956100000068546
0.010303499998524784
0.010123599998652935
0.010236399998888373
0.01049320000037551
0.010492200000211597
0.010054400000721216
0.010270100001245737
0.010140099998563528
0.0105304000005126
0.01047470000013709
0.010191999999806285
0.010229600001126528
0.010762199999764561
0.010359299998730422
0.010228799998760224
0.010596300000324846
0.010110300000756979
0.010439000001177192
0.009888900000602007
0.01015739999897778
0.010253200000151992
0.010102500000968576
0.010055599998682737
0.013492100000381469
0.010271999999880791
0.01047520000115037
0.010204700000584125
0.00994940000027418
0.010480899998918176
0.010505199998617171
0.010311200000345707
0.010294700000435114
0.0102029000017792
0.010696399999782443
0.010400100000202656
0.010612800000235439
0.010647599998861551
0.010843399999663234
0.010429800000041723
0.010191700000315905
0.010089900000020862
0.01028179999999702
0.010006500000134111
0.009877600001171232
0.010213400000706314
0.009764000000432134
0.010037299999967218
0.010111700000241398
0.009842499999329448
0.010002699999138713
0.01004649999924004
0.009901999998837709
0.010225399998947978
0.009695799998939037
0.010370300000533461
0.011421400001272558
0.010232899999246002
0.010231799999251962
0.009881099998950958
0.01030009999871254
0.010464700000360608
0.009995799999684096
0.010191099999472498
0.00994569999910891
0.010414899999275803
0.010588499998673796
0.013588599998503923
0.009616000000387431
0.012010500000789761
0.010418399998918176
0.010462199999019504
0.010083000000566245
0.01016300000064075
0.010229999998584389
0.010159699998795986
0.010136199999600649
0.01138539999909699
0.010410699998959898
0.010128399999812245
0.010240600001066923
0.009995699999853969
0.009803700000047684
0.010206000000238418
0.010121299998834729
0.010125699998810887
0.00987529999949038
0.01012699999846518
0.010370400000363588
0.010120100000873208
0.010026500001549721
0.010206000000238418
0.010269600000232458
0.010313799999654294
0.010235500000417232
0.010225899999961256
0.010178600000217556
0.011616100000217558
0.010617799999192356
0.009774599999189377
0.010377399999648332
0.01035160000063479
0.00983530000038445
0.010060699999332429
0.010054999999701976
0.010341600000858308
0.010428300000727177
0.010202800000086427
0.010020899999886751
0.010127199999988078
0.010195299999788403
0.010649300001561642
0.00992310000024736
0.010005400000140071
0.010902699999511241
0.010132099999114871
0.009957000000402332
0.011389000000432133
0.01137360000051558
0.010094999998807907
0.010309399999678136
0.010385800000280141
0.011562100000679493
0.010976800000295044
0.011541300000622869
0.01036289999820292
0.009936599999666213
0.010088599998503924
0.010036199999973178
0.010199999999254942
0.010001199999824167
0.009617200000211596
0.010128000000491738
0.010360799999907612
0.010764799999073147
0.010270299999043345
0.010182399999350309
0.010260999999940396
0.010337000001221895
0.009767000000923872
0.01027170000039041
0.009926900001242757
0.01042339999973774
0.010044199999421835
0.010332100000232458
0.010404100000858308
0.010542100001126528
0.01087609999999404
0.010136399999260902
0.010104900000616908
0.010053099999204278
0.009907299999147653
0.009986900001764297
0.010321599999442696
0.009715800000354647
0.0102007999997586
0.011210799999535084
0.009792399998754264
0.010286000000312925
0.010127900000661612
0.010060399999842047
0.010161599999293685
0.010216099999845027
0.0103445999994874
0.011571699999272824
0.010130399998277426
0.011552600000053644
0.01095380000025034
0.012019199999049306
0.011203399999067188
0.010872999999672174
0.01051799999922514
0.010550800001248717
0.01024409999884665
0.01044759999960661
0.010935099998489023
0.010157299999147653
0.010509500000625848
0.010460900001227855
0.0101230999995023
0.012994999999180436
0.010904600000008941
0.009817700000479818
0.01038509999960661
0.01083420000039041
0.010507999999448656
0.010219399999827147
0.010640699999406934
0.010707599999383092
0.010277300000190734
0.01027500000037253
0.009737499998882413
0.010504599999636412
0.010606600001454353
0.010107799999415874
0.009855399999767542
0.011020199999213219
0.010067200001329183
0.010366900000721217
0.010415300000458956
0.009858599999919533
0.010266300000250339
0.010295199999585747
0.009904400000348687
0.010171500001102686
0.009858900001272559
0.013487900000065564
0.011370899999514222
0.0102856999989599
0.009950199998915195
0.010545700000599026
0.01006760000064969
0.01003459999896586
0.010289799999445676
0.010084499999880791
0.010773299999535083
0.010446800000965595
0.010035099999979138
0.0107823000010103
0.009892799999564886
0.010339299999177456
0.01023729999922216
0.0100052999984473
0.010081199999898672
0.010386499999091029
0.010188799999654293
0.010007199998944998
0.010247400000691414
0.010551900001242757
0.010071900000795723
0.01035080000013113
0.010712500000372528
0.009838000001385808
0.010139000000432134
0.011127900000661611
0.011242000000551342
0.009913900000974536
0.009942200001329183
0.012134100001305341
0.011039800001308322
0.010563100000843406
0.010042199999094009
0.010435100000351668
0.010295200001448393
0.010144300000742078
0.010152700001373888
0.01044260000064969
0.010320299999788403
0.010359300000593066
0.010541100000962615
0.00977019999921322
0.01009599999897182
0.010544599998742342
0.010021200001239777
0.01043209999985993
0.010335799999535085
0.010130300000309945
0.010290900001302361
0.010171500001102686
0.010303400000557303
0.011486099999397993
0.009210099998861552
0.009919999999925494
0.01047939999960363
0.009216000000014902
0.009743100000545383
0.009794099999591709
0.010194799998775124
0.010345200000330805
0.01031980000063777
0.010339299999177456
0.010242799999192358
0.010938699999824166
0.01032829999923706
0.010256699999794365
0.011669399999082088
0.010256100000813603
0.010673399999737739
0.010188200000673532
0.010145099999383091
0.009970599999651313
0.010527499999850988
0.010046600000932812
0.010411299999803305
0.010111400000751019
0.009821100000292063
0.010275799999013542
0.011078999999910593
0.009994799999520182
0.011351800000295042
0.010504999998956918
0.010437400000169874
0.010199300000444054
0.010493699999526143
0.01006279999949038
0.010344999998807907
0.010455299999564887
0.01053349999897182
0.009779799999669193
0.010587300000712275
0.010224700000137091
0.010105699999257922
0.009846499999985098
0.009952000001445412
0.010193500000983477
0.010661100000143052
0.009467399999499321
0.010672499999403954
0.009914899999275804
0.010518600000068545
0.010383500000461936
0.010052300000563263
0.01073880000039935
0.01033500000089407
0.011297700000926851
0.00999239999987185
0.010034200001507997
0.011723200000822545
0.010390099998563529
0.009923700001090765
0.0111045000012964
0.0104222999997437
0.010312200000509619
0.010367800001055002
0.0101739999987185
0.010066300000995397
0.010147400001063943
0.010695500001311302
0.010275300001725555
0.01003550000116229
0.009956499999389053
0.010585799999535083
0.010090600000694394
0.009843599999323487
0.010543700000271201
0.00990210000053048
0.010213599998503924
0.010185799999162555
0.009898800000548363
0.010848400000482797
0.00970549999922514
0.010067900000140071
0.010013999998569488
0.010265300000086427
0.010321299999952316
0.009999800000339747
0.010410699998959898
0.010545499999076127
0.010562599999830127
