0.08892980000004172
0.00812639999948442
0.009153500000014901
0.007548200000077486
0.008163199998438357
0.00781330000050366
0.009293300000950694
0.00897639999911189
0.008223500000312925
0.009400100000202655
0.008904900001361966
0.009332499999552966
0.008815899999812245
0.010769700000062585
0.008657500000670552
0.01462980000115931
0.008247999999672174
0.007832599999383093
0.008319700000807643
0.007568000001832843
0.008210700001567602
0.00770020000077784
0.008130999999120831
0.007895500000566245
0.008093399999663234
0.007941599998623133
0.007446399999782443
0.009747099999338388
0.008354800000786781
0.008472200000658632
0.007980599999427795
0.009312400000169873
0.008203999999910594
0.008195899998769164
0.007901799999177455
0.00832120000012219
0.008314399998635053
0.02088800000026822
0.014431800000369548
0.0075562999993562694
0.007461600000038743
0.007795099999755621
0.008190400000661612
0.006968299999833107
0.007996700000017882
0.007080600000917912
0.007813799999654293
0.007539499999955296
0.007708300000056624
0.008161000000312925
0.0075860000010579826
0.007932900000363589
0.007451400000602007
0.008357200000435114
0.007739400001242757
0.00746989999897778
0.00818180000036955
0.007335500000044704
0.008130199998617173
0.008366399999707938
0.010978199999779463
0.008022900000214576
0.00946650000102818
0.008269200000911952
0.00817930000089109
0.010301900001242757
0.008323899999260902
0.010243099998682738
0.009561300000175833
0.020938299998641014
0.011693600000813603
0.008143799999728798
0.0069546000007539984
0.007888400001451372
0.007615599999204278
0.007555800000205636
0.007591399999335408
0.007398800000548363
0.007715799998492002
0.007260700000450015
0.0077899999991059305
0.007130999999120832
0.007958699999377131
0.007428199999034405
0.007347300000488758
0.008221199998632073
0.006923700001090765
0.0077553000003099445
0.007753299999982119
0.007675599999725819
0.008
0.009956299999728798
0.0072055999990552665
0.007415599999949336
0.008572499999776483
0.007504200000315904
0.009237300001084804
0.007800300000235438
0.008028199998661875
0.007606499999761582
0.009961600000038743
0.012523699998855591
0.007958599999547004
0.008364599999040365
0.008566299999132752
0.008524500001221895
0.01051490000076592
0.0098089000005275
0.009362700000405311
0.009658599998801946
0.009154199998825788
0.010871099999174476
0.01640570000000298
0.007276300000026822
0.00828349999897182
0.007423200000077486
0.007427400000393391
0.007900499999523162
0.011329299999400973
0.0098902000002563
0.009042700000107288
0.01089949999935925
0.01023340000025928
0.009578099999576806
0.008047100000083447
0.01108339999988675
0.008407599998638033
0.009614000000059604
0.007646000001579523
0.007594000000506639
0.0076037999987602235
0.007424300000071525
0.008608400000259281
0.008600600000470877
0.010991199998185038
0.007495400000363589
0.009819900000467896
0.007836799999698997
0.009080000000074506
0.007854000000283122
0.007267700001597405
0.009550999999046326
0.011457299999892711
0.00904670000076294
0.007617700001224875
0.007669600000604987
0.007395800000056624
0.008441600000485779
0.007510600000619888
0.0075159000009298324
0.007849500000476838
0.007433700000867248
0.008158400001004339
0.007320000000298023
0.00796929999999702
0.007605800000950694
0.008301100000739097
0.00844730000011623
0.007123800000175834
0.007321100000292063
0.012280800001695753
0.008355299999937416
0.00830240000039339
0.008234899999573827
0.00777170000039041
0.007580700000748038
0.007461200000718236
0.007412599999457598
0.008440899999812245
0.007763499999418855
0.008720899999141694
0.014031100001186132
0.007649599999189377
0.007425000000745058
0.008146000001579523
0.007693600000813604
0.0071678999997675415
0.007747099999338388
0.007172100000083446
0.007715599998831749
0.007148500001057982
0.007293600000441074
0.007700099999085068
0.0078049999997019765
0.007725199999287725
0.0078038999997079375
0.01280489999987185
0.007172499999403953
0.008257699999958276
0.007301899999380111
0.008292700000107288
0.007438000001013279
0.008283999999985098
0.007498900000005961
0.007012499999254942
0.008100499998778104
0.006973999999463559
0.007799399999901652
0.007694300001487136
0.0120508999992162
0.007338800000026822
0.007624200001358986
0.007216700000688434
0.0075603999998420475
0.007997300000861287
0.0075625
0.007684399999678135
0.00938539999909699
0.007880299998447299
0.007731699999421835
0.0075841000005602835
0.007432000000029802
0.008104700000956654
0.012184299999848007
0.007931600000709296
0.007380999999120831
0.007660600000992417
0.007682700000703335
0.007227399999275803
0.007867200000211596
0.007788499999791384
0.00779480000026524
0.0075274999998509885
0.007505899999290705
0.007438500000163913
0.00865199999883771
0.01345769999921322
0.007012299999594689
0.008621600000187754
0.00892289999872446
0.006823100000619888
0.007434699999168516
0.007526800001040101
0.007656599998474121
0.007484800001606345
0.007598299998790026
0.007181399999186397
0.006813799999654293
0.008002299999818207
0.01196169999986887
0.007590399999171496
0.007370300000533462
0.0074449000004678965
0.009525100000202655
0.00798820000141859
0.006960400000214577
0.008526100000366568
0.007341899998486042
0.008341499999165536
0.007720300000160932
0.007655199998989701
0.0075934999994933606
0.007360899999737739
0.011269000001251698
0.0070859999991953375
0.0073530000001192095
0.007601799998432398
0.007434000000357628
0.007309200000017882
0.008173799999058247
0.007418899999931455
0.00810219999961555
0.007387799998745322
0.007340399999171496
0.00829869999922812
0.008217499999329447
0.012170500000938772
0.007473500000312924
0.008554699998348951
0.007610199999064207
0.007884999999776482
0.007361600000411272
0.007401000000536442
0.007828600000590087
0.007544399999082088
0.00731110000051558
0.007444700000807643
0.00758779999986291
0.009542400000616909
0.010871899999678135
0.0074366999994963405
0.007499400001019239
0.007925400000065565
0.008768699999898672
0.008393200000748039
0.00829759999923408
0.008853700000792742
0.008695000000298023
0.01244789999909699
0.007903300000354647
0.00857010000012815
0.009244800001382827
0.021736200001090764
0.01812250000052154
0.007267599999904633
0.008060900000855327
0.0073998999986797575
0.008407800000160932
0.007541899999603629
0.007586899999529123
0.00824299999885261
0.007106100000441074
0.007847599999979138
0.0075037000011652704
0.007869799999520182
0.007331900000572204
0.007260800000280142
0.008411800000816583
0.007307399999350309
0.008158900000154972
0.007395500000566244
0.00800849999859929
0.007676799999549985
0.008046800000593067
0.010710399998351931
0.010959099998697638
0.007587099999189377
0.007391699999570847
0.008802799999713899
0.007979699999094009
0.007849999999627471
0.00737419999949634
0.008507799999788403
0.012151499999687076
0.008004000000655652
0.007534799998626113
0.007942999999970198
0.007742300000041723
0.007294800000265241
0.007759600000455976
0.006766100000590086
0.007338099999353289
0.007399999998509884
0.008011399999260902
0.007238400001078844
0.007785799998790026
0.007661800000816584
0.0075899999998509885
0.008001900000497698
0.007898499999195337
0.010401100000366568
0.0077644999995827675
0.007528400000184774
0.007530799999833107
0.00736659999936819
0.008026499999687076
0.007578900000080466
0.007976000001654028
0.0074684999994933604
0.007878000000491738
0.008448999999091029
0.012349200000986457
0.009596300000324845
0.009130799999460579
0.007415899999439716
0.007710899999365211
0.008091399999335409
0.007245500000193715
0.007725199999287725
0.007446900000795722
0.007870299998670817
0.007291100000962615
0.008124200001358986
0.007590200001373887
0.007333800001069903
0.007502400001510977
0.01186939999833703
0.0076054999995976685
0.008386399999260902
0.007479700000956655
0.007206900000572204
0.008141999999061227
0.007320800000801682
0.007651300000026822
0.007238500000908971
0.007197699999436736
0.007277699999511242
0.0076501000002026556
0.008137099999934436
0.011635700000450016
0.007736600000411272
0.008031600000336767
0.0070408999994397165
0.007537900000810623
0.007073100000619888
0.008143799999728798
0.008123799998313188
0.009073400000110268
0.010159600000828505
0.008788900000974535
0.008688199998810887
0.009334100000560284
0.008930799998342991
0.02000540000014007
0.009781400000676514
0.014843200000002981
0.008104700000956654
0.007580900000408292
0.007930500000715256
0.007020200001075864
0.008273500001057983
0.00877250000089407
0.007863299999386073
0.008085900001227856
0.007331399999558926
0.008703999999910592
0.007319099999964237
0.008495100000873208
0.007502100000157952
0.008628399999812245
0.0074586999993771315
0.007228800000622869
0.008114800000563263
0.007508500000461936
0.007882299998775124
0.007431800000369549
0.007642799999564886
0.010487199999392032
0.007581399999558926
0.009058299999684095
0.008003299999982118
0.007625400001183153
0.007530100001022219
0.009089099999517203
0.008006099998950958
0.011758899999782442
0.00787390000000596
0.008192199999466538
0.007096200000494718
0.007235799999907613
0.007192999999970198
0.007552400000393391
0.007975299999117851
0.00753830000013113
0.007660099999979139
0.007461399998515844
0.008223699999973178
0.007325699999928475
0.007972899999469518
0.007277999999001622
0.00790260000154376
0.007268899999558926
0.008059900000691414
0.011341699998825788
0.007232899999246001
0.00788630000129342
0.007041100000962615
0.007912499999627471
0.0075784000009298325
0.007473300000652671
0.007462700000032783
0.007192500000819564
0.008438599999994039
0.01031760000064969
0.007474600000306964
0.007818799998611212
0.007490800000727177
0.01103749999962747
0.00787390000000596
0.008372899999842047
0.0075673999991267915
0.007990000000223518
0.007059599999338389
0.007789300000295043
0.007304500000551343
0.00765119999833405
0.006973999999463559
0.00781700000166893
0.008944099999964237
0.013329600000753998
0.008906999999657274
0.006695500001311302
0.0071754999998956915
0.010300799999386072
0.009766499999910593
0.008220700001344085
0.006832399999722839
0.007828600000590087
0.007845700001344085
0.007675000000745058
0.007399900000542402
0.0120456000007689
0.007609900001436472
0.007843800000846385
0.007479299999773503
0.008018099999055266
0.007958099998533726
0.007628299999982119
0.007613799998536706
0.008925499999895692
0.009559800000861287
0.00823869999870658
0.008792500000447035
0.008520500000566244
0.00863619999960065
0.022264700001105666
0.010255499999970198
0.008619000000879168
0.007899500001221894
0.016022700000554325
0.007249600000679493
0.007342299999669194
0.00775650000013411
0.007509800000116229
0.007388699999079108
0.007640899999067187
0.007584799999371171
0.007711400000378489
0.0073090000003576275
0.007560799999162555
0.007148199999704957
0.007169700000435114
0.0075806999988853934
0.0075732000004500154
0.0072397000007331375
0.00784429999999702
0.007959200000390411
0.007880200000479818
0.008205999998375773
0.007744400000199676
0.007993899999186397
0.01128830000013113
0.007782199999317527
0.007542299998924136
0.007787100000306964
0.007869800001382828
0.0077179000005126
0.007679299999028445
0.008198499999940396
0.011971599999815225
0.009637899998575448
0.007430200001224876
0.0072072999998927115
0.007295599998906254
0.007388899998739362
0.00758669999986887
0.007205600000917912
0.008286599999293685
0.007523199999704957
0.007591000000014901
0.00742200000025332
0.0075396999996155505
0.007668800000101328
0.0075152000002563
0.007510399999096989
0.007644700000062585
0.010766900001093746
0.007226499998942018
0.008130899999290704
0.0075738000012934206
0.007427600000053644
0.007190300000831485
0.007461199998855591
0.007563100000843406
0.007128100000321865
0.007587700000032783
0.008156899999827147
0.011488599998876452
0.007488600000739098
0.007440500000491739
0.008307300001382828
0.007891200000420213
0.007739399999380112
0.007536299999803305
0.007993899999186397
0.0074188000001013275
0.00975109999999404
0.007185599999502301
0.007621899999678135
0.007428799999877811
0.007153599999845028
0.008696299999952316
0.009905600000172854
0.007547199999913573
0.007520899999886751
0.007994400000199676
0.0077050000000745055
0.007405300000682473
0.007214800000190735
0.006984300000593066
0.008726400000974535
0.00754700000025332
0.007601200001314283
0.007809100000187755
0.007435200000181794
0.011682400001212954
0.008136400001123548
0.0072963000014424325
0.007813799999654293
0.007449200000613928
0.007128100000321865
0.0077964000012725595
0.007176200000569224
0.008255899999290705
0.007204299999400973
0.008325600000098347
0.00775870000012219
0.008165899999439716
0.007896700000390411
0.013821699999272824
0.009512600000947714
0.007376599999144673
0.007477700000628829
0.007770999999716878
0.008058299999684096
0.007398000000044704
0.007206799998879433
0.007100100001320243
0.007823899999260902
0.007900299999862909
0.007357800001278519
0.008487199999392032
0.007855699999257922
0.012263600001111626
0.007570799998939037
0.007682600000873208
0.007219200000166893
0.008176799999549985
0.008109100000932812
0.007667600000277161
0.007623900000005961
0.007575500000268221
0.008167199999094009
0.007444199999794364
0.007994899999350309
0.007418899999931455
0.011838899999856949
0.007557900000363589
0.007428999999538064
0.008172900000587105
0.0074847999997437
0.007556800000369549
0.007248999999836087
0.0080204999987036
0.00794480000063777
0.007807700000703335
0.008217999998480082
0.009620299998670817
0.008827599998563527
0.008448200000450014
0.022134600000455976
0.008848500000312924
0.008977599998936056
0.007782800000160932
0.009827599998563528
0.008643000001087784
0.008068199999630451
0.01848039999976754
0.007281600000336766
0.009900599999353289
0.008418500000610948
0.007602700000628829
0.007196800000965595
0.007551000000908971
0.008267500000074505
0.008388699999079109
0.0073719999995082615
0.007533999999985099
0.007880300000309945
0.0071367999985814095
0.008601100001484155
0.007605100000277162
0.008142100000753999
0.007325399998575449
0.007677500000223518
0.007451100001111627
0.008621099999174476
0.008140000000596047
0.008032999999821187
0.011386900000274182
0.008516900001093746
0.008022399999201298
0.007678199999034405
0.009772499999031424
0.007115299999713898
0.008013600001111627
0.008093899998813868
0.007408400001004338
0.013926300000399352
0.007683000000193715
0.007456000000238419
0.007620500000193715
0.007833799999207258
0.007700300000607967
0.00734599999897182
0.007684000000357628
0.007500699998810888
0.00764219999872148
0.007167500000447035
0.007610300000756979
0.007968900000676512
0.007959499999880791
0.007490599999204278
0.008165300000458956
0.011050999999046325
0.007242899999022484
0.00743720000050962
0.007578999999910593
0.008141400000080467
0.007200000001117587
0.007841799998655915
0.007389100000262261
0.008106399999931454
0.007587999999523163
0.0074137000013142825
0.00814269999973476
0.01120380000025034
0.007966600000858307
0.007839099999517202
0.01132039999961853
0.009331699999049306
0.009780899999663233
0.008622199999168516
0.008238099999725818
0.006542300000786781
0.006809000000357628
0.0074702000003308055
0.006894299998879433
0.008041999999433756
0.006396299999207258
0.008514299999922514
0.011691899999976158
0.007943199999630451
0.007063799999654293
0.00790460000000894
0.007616599999368191
0.007314399998635054
0.00805680000036955
0.007386800000444054
0.007649399999529123
0.007538799999281764
0.008214900000020862
0.007366499999538064
0.008373999999836087
0.011400500001385807
0.007259099999442697
0.007675100000575185
0.007140300000086427
0.007754999998956918
0.007130700001493097
0.009023800000548362
0.01116579999960959
0.00896989999897778
0.0081133999992162
0.007648000000044703
0.008707899998873472
0.008288600001484155
0.009814500000327825
0.02221710000000894
0.016542899999767543
0.0075460000000894065
0.007843800000846385
0.0073251000009477134
0.007815600000321865
0.008225300000980497
0.007422199999913573
0.00802820000052452
0.007694299999624491
0.007868699999526142
0.007886199999600649
0.0073922000005841254
0.007361800000071525
0.0075350999999791385
0.007909800000488758
0.00714809999987483
0.008474300000816583
0.007755000000819564
0.007545700000599027
0.008658900000154972
0.007421499999240041
0.008031700000166894
0.011375
0.007476399999111891
0.007726600000634789
0.009704199999570846
0.00750730000063777
0.007723300000652671
0.007668399998918176
0.009794099999591709
0.012010800000280143
0.007956299999728798
0.0074708999991416935
0.00783960000053048
0.007847400000318885
0.007427600000053644
0.008695899998769165
0.0071234000008553264
0.008128100000321865
0.007223799999803305
0.009186899999156594
0.008144400000572205
0.0077973999995738265
0.007172900000587106
0.007396700000390411
0.007980200000107289
0.007767200000584126
0.010321000000461936
0.00741440000012517
0.007496200000867248
0.007117200000211596
0.007942800000309945
0.0075564000010490415
0.007274299999698997
0.007812899999320506
0.007685600001364946
0.007687799999490381
0.0075547000002115965
0.010792100001126528
0.007367599999532104
0.008212000001221895
0.007018300000578165
0.007764699999243021
0.0071524000000208615
0.00927669999934733
0.007427899999544025
0.008111400000751019
0.007537399999797344
0.00811959999985993
0.007689100001007318
0.007677300000563264
0.00793470000103116
0.008118199998512864
0.0101758999992162
0.00776659999974072
0.007183199999853968
0.007959100000560283
0.00722749999910593
0.0075865000002086165
0.007334300000220537
0.009326500000432133
0.007230699999257922
0.008440500000491739
0.007313799999654293
0.007486899999901652
0.009104599999263883
0.011933399999514222
0.007930999999865889
0.007850600000470876
0.007507699999958276
0.0075327000003308055
0.008396800000220537
0.007425200000405312
0.008335400000214576
0.007975100001320243
0.00958049999922514
0.008193499999120831
0.008093700001016259
0.009174800001084804
0.008534299999475478
0.01889930000156164
0.010199699999764562
0.008655799999833107
0.015002599999308586
0.0074736999999731775
0.00759429999999702
0.007424200000241399
0.007678099999204278
0.00737470000050962
0.0076706000007689
0.007426399998366833
0.008085500000044703
0.0074286999981850385
0.007055300001055002
0.007652000000700355
0.007296699998900294
0.007974999999627471
0.007480399999767542
0.008410699998959898
0.007346100000664592
0.007616399999707937
0.007441100001335144
0.007194399999454618
0.007714499998837709
0.007780099999159575
0.0105608000010252
0.007181199999526143
0.008026499999687076
0.007610000001266598
0.007848300000652671
0.007453600000590086
0.008820199999958277
0.007404700001701713
0.008142500000074505
0.013087300000712275
0.007260700000450015
0.00886600000038743
0.007110500000417233
0.007364099999889732
0.0074745000004768376
0.008073200000450016
0.007382500000298023
0.007644500000402331
0.007534900000318884
0.007681099999696016
0.007296099999919534
0.007436600001528859
0.007498500000685453
0.007605900000780821
0.00782630000077188
0.007673899998888374
0.01179020000062883
0.007607999999076128
0.007697899999096989
0.007675699999555945
0.007131599999964237
0.008336200000718236
0.007604300001636147
0.007939200000837445
0.007908600000664592
0.008074300000444054
0.0075178000014275315
0.007540899999439716
0.012620600000023841
0.0076455000005662445
0.00754450000077486
0.007590200001373887
0.007933100000023842
0.0071785000003874305
0.0082668999992311
0.007599600000306964
0.009122899999842048
0.007831500001251698
0.007084699999541044
0.007701799999922514
0.006932599999010563
0.008182499999180436
0.007793300000950694
0.012203999999910594
0.008235400000587105
0.007504899999126792
0.007409299999475479
0.007553700000047684
0.007284400001168251
0.008076100001111627
0.007608300000429153
0.007661100000143051
0.007949000000953674
0.007448599999770522
0.0071425999999046325
0.008250399999320507
0.01141139999963343
0.007879200000315905
0.007175199998542666
0.008514200000092387
0.008428600000217557
0.008898699998855591
0.008126900000497699
0.00838539999909699
0.008420400001108646
0.00804979999922216
0.008387499999254942
0.008170400001108646
0.009999299999326467
0.009300800001248718
0.0089864999987185
0.015855000000447036
0.018077499998733402
0.007356900000944733
0.0062467000000178815
0.00723420000076294
0.007358300000429153
0.007131699999794364
0.0068858000002801414
0.007135700000450015
0.007185200000181794
0.007128299999982118
0.006821899998933077
0.007347099998965859
0.007684000000357628
0.0071057000011205676
0.00713399999961257
0.007582400001585484
0.007188599999994039
0.007183100000023842
0.007098699999973178
0.007366100000217557
0.008207799999043346
0.007676599999889731
0.010200400000438094
0.007557800000533461
0.007225600000470876
0.007180599998682737
0.0075137000009417535
0.007514200000092387
0.007670499999076128
0.0078902000002563
0.00791099999845028
0.012640300000086428
0.007115199999883771
0.0069095999989658595
0.007538699999451637
0.006963300000876188
0.00869429999962449
0.007158999999985099
0.007308600001037121
0.007823799999430775
0.00781959999911487
0.007200899999588728
0.007457299999892712
0.008145399998873473
