6.920218999963254
1.0298939999192953
1.4092900003306568
1.0401420001871884
1.066453999839723
1.4447590000927448
1.2973360000178218
1.3872380000539124
2.808679999783635
1.6825339999049902
1.2277440000325441
1.454525999724865
1.418959999922663
1.1750539997592568
9.564743999857455
1.67267100000754
2.091050000395626
1.5207170001231134
1.6378800002858043
1.3806490004062653
1.116508999839425
1.273835999891162
1.4350449997000396
1.3369120000861585
1.497967000119388
1.4757570000365376
1.2488130000419915
1.1500089997425675
1.3203970002941787
1.1476199999451637
1.1266489997506142
1.0256379996426404
1.241956999991089
1.2017749999649823
1.1250460003502667
1.042903000023216
1.2013039998710155
1.3089870000258088
1.0130560002289712
1.1150130000896752
1.2006629998795688
1.2318720002658665
1.1795340003445745
0.9735329998657107
1.1684900000691414
0.8760359999723732
1.4542140001431108
1.0365839996375144
1.2890490000136197
0.9617580003105104
0.9405780001543462
1.1815690002404153
1.5903670000843704
1.0099049997515976
1.273469999898225
1.6803700001910329
0.9969490002840757
1.0093880002386868
1.1880240002647042
1.0456650000996888
1.2427329998463392
0.981292000040412
1.1259749997407198
2.0439369999803603
1.1049810000695288
0.8994829999282956
1.0354610001668334
1.0009189997799695
1.247080999892205
1.1461670002900064
1.0132639999501407
0.8920120000839233
1.05623700004071
1.1184980003163218
1.0739649999886751
10.173992000054568
1.3914199997670949
1.0850650002248585
1.007954000029713
0.9193330002017319
2.3055900000035763
0.9124630000442266
0.9761339998804033
0.9586220001801848
1.0885520000010729
1.0998719995841384
0.9211359997279942
0.9931930000893772
1.0745590003207326
1.040080000180751
0.9565369999036193
0.9341020002029836
1.312079000286758
1.0523210000246763
1.0125870001502335
1.442443999927491
1.164030000101775
1.261828999966383
1.1507509998045862
1.2531579998321831
1.3576199999079108
0.9707630001939833
1.3985020001418889
1.1011239998042583
1.3089409996755421
1.2909269998781383
1.4209870002232492
1.3759150002151728
1.4733310001902282
1.4168559997342527
1.065231999848038
1.203820999711752
1.3236830001696944
1.4724849998019636
1.0030589997768402
0.909959000069648
1.0557639999315143
0.9245879999361932
1.0005629998631775
1.2990819998085499
9.092712000012398
1.0382210002280772
0.8227920001372695
1.030831000301987
1.054482000414282
0.8769240002147853
1.0327929998748004
1.0210460000671446
0.8861329997889698
1.1743820002302527
1.0649199998006225
0.8666750001721084
1.3450119998306036
1.3990629999898374
1.1443469999358058
0.9281560000963509
1.1380329998210073
1.2140550003387034
0.9987920001149178
1.0090250000357628
0.8183399997651577
2.8299480001442134
0.9565069996751845
13.746802000328898
1.018526999745518
0.8817940000444651
2.1009539999067783
0.9961020001210272
0.8878460000269115
0.8226830000057817
0.9461230002343655
0.8770030001178384
0.9303669999353588
0.94350800011307
1.0468100002035499
0.9146529999561608
0.9807339999824762
1.2477619997225702
0.8033409998752177
0.9579460001550615
0.8513340000063181
1.1570999999530613
1.1742599997669458
0.9424060001038015
1.230130999814719
2.28159899963066
1.3311530002392828
0.8743750001303852
0.9820500002242625
0.9394670003093779
1.17347800033167
2.5342390001751482
1.0969509999267757
0.820724000222981
0.8451609998010099
1.155191999860108
1.1997360000386834
1.259626999963075
0.9399520000442863
1.4474249999038875
1.2799589997157454
1.3344800001941621
1.2570620002225041
1.2751990002579987
1.1230939999222755
1.207882999908179
1.3844699999317527
1.3697259998880327
1.0924900001846254
3.3363190004602075
1.19279700005427
1.10741199972108
1.227227000053972
1.3178580002859235
1.179831000044942
1.2018790002912283
1.078727999702096
1.486924999859184
1.1821950003504753
1.2336160000413656
1.376832999754697
1.3363140001893044
1.3729649996384978
1.342264000326395
1.0697860000655055
1.0103349997662008
1.2248829999007285
0.9390909997746348
1.2950960001908243
0.9204169996082783
0.8749510003253818
1.1772199999541044
0.8444560002535582
1.282823999878019
1.6168280001729727
0.9399979999288917
1.1910660001449287
1.2465689997188747
0.9608640000224113
0.9846189999952912
5.749236000236124
1.0129519999027252
0.9680099999532104
0.8663240000605583
0.8986430000513792
1.2893129996955395
1.1272269999608397
0.7909590001218021
0.8200449999421835
17.05806800024584
1.373135999776423
0.8474709996953607
1.291145000141114
1.2369889998808503
1.240906999912113
0.9777350001968443
0.7927299998700619
0.9968369998969138
1.1207949998788536
0.8911430002190173
0.9756339997984469
1.255060000345111
0.9061310002580285
1.1307739997282624
0.9195240000262856
0.9060189998708665
0.867684000171721
1.1569000002928078
1.1175519996322691
1.281262000091374
0.9338410003110766
0.9227749998681247
1.0961110000498593
0.8351590000092983
1.0383389997296035
8.998692999593914
0.8992720004171133
0.8217960000038147
0.7597639998421073
0.9007000001147389
0.8720479998737574
1.2400619997642934
1.3089290000498295
1.3191510001197457
1.1654349998570979
1.2133490000851452
1.2260920000262558
1.2777579999528825
1.4570709997788072
1.1444580000825226
1.2673550001345575
0.9369429997168481
0.9717009998857975
1.0339410002343357
1.306245000101626
1.1118979998864233
0.995399999897927
1.0125690000131726
1.0343929999507964
1.1375000001862645
0.9276410001330078
1.1481070001609623
1.1114120003767312
1.2310970001854002
1.0595820001326501
1.188908000010997
0.8178130001761019
1.111568999942392
0.8638140000402927
1.0252240002155304
1.389020999893546
0.7903650002554059
1.2962030000053346
1.1417870000004768
0.9038279997184873
0.8980640000663698
1.0193710001185536
1.1506620002910495
1.2763389996252954
0.8344370000995696
