5.590265999780968
0.9946629998739809
1.104479999979958
1.1784969998989254
1.1664419998414814
1.1578710000030696
1.1532809999771416
0.9922929999884218
1.1943630001042038
1.346529999980703
1.5166760000865906
0.8588909998070449
1.316203000023961
1.137351999990642
10.269586000125855
0.9152249998878688
1.0485149999149144
0.9813069999217987
1.0994080000091344
1.0644179999362677
0.9839959999080747
0.9637480000965297
1.0176409999839962
1.317055999999866
1.0093239999841899
1.3562380000948906
1.0437169999349862
0.9486500001512468
0.9990369998849928
0.9163699999917299
1.1144410001579672
1.0978679999243468
1.922541999956593
1.4947740000206977
1.4340310001280159
1.4184049998875707
1.2804919998161495
1.3129430001135916
1.2527959998697042
1.292181999888271
0.9713739999569952
1.1135869999416173
0.8540420001372695
1.293345000129193
1.4799349999520928
1.1141880000941455
1.1552969999611378
1.4258270000573248
1.2881620000116527
1.3695050000678748
1.409918999997899
1.0394760000053793
1.299887000117451
1.46558600012213
1.0787700000219047
0.990809999871999
0.809071000199765
1.2496569999493659
0.9415189998690039
4.690940999891609
1.1874329999554902
1.3190329999197274
1.272819999838248
0.8375000001396984
0.8898589999880642
0.9530559999402612
0.9275350000243634
0.8144280000124127
0.7630920000374317
0.8583349999971688
0.9445450000930578
1.0941170000005513
0.9806039999239147
0.8385109999217093
0.8190399999730289
0.960977999959141
0.7924430000130087
0.8819959999527782
0.9703550001140684
0.8874190000351518
1.0314810001291335
1.0946420000400394
0.773390999995172
2.6008629999123514
0.9215880001429468
0.8947540000081062
1.1515820000786334
0.9812310000415891
1.0878049999009818
2.861386999953538
1.3194779998157173
1.1666379999369383
1.0819580000825226
1.0539229998830706
0.962137000169605
1.0377060000319034
1.4935059999115765
0.9985569999553263
4.417739999946207
1.2332140000071377
1.4381379999686033
1.2185070000123233
1.486328000202775
1.6807459997944534
1.1439839999657124
2.4780160000082105
0.9159229998476803
0.817130999872461
1.2427429999224842
1.0271570000331849
1.0884269999805838
1.5482029998674989
1.3868009999860078
1.1695250000339001
1.1529149999842048
1.0112310000695288
1.034991999855265
1.1776640000753105
1.1301840001251549
0.9403180000372231
1.121979999821633
0.9551229998469353
1.002731000073254
0.8905150000937283
0.8422360001131892
1.0947799999266863
1.105786999920383
0.8984290000516921
0.8509160000830889
0.9097720000427216
6.8800679999403656
0.8155850002076477
1.156743000028655
0.884267000015825
1.0683089999947697
0.8341560000553727
0.7871720001567155
1.0001940000802279
0.7741909998003393
0.7775069999042898
1.309229000005871
0.9023920001927763
0.915919000050053
1.1327080000191927
1.2682609998155385
0.9158530000131577
0.751672999933362
0.9017089998815209
0.8334820000454783
0.8752869998570532
0.939932000124827
1.451456000097096
2.956821999978274
0.8134049999061972
0.7542129999492317
1.0564900001045316
0.8963239998556674
1.4341029999777675
0.8475099999923259
1.0001149999443442
0.859766999958083
0.8729740001726896
0.9583900000434369
1.061922000022605
0.8672040000092238
0.8586649999488145
1.1679909999947995
1.0558279999531806
0.819308000151068
0.9774079998023808
1.010543999960646
1.1471390000078827
0.9524540000129491
1.0426189999561757
1.0075000000651926
0.9835919998586178
1.1688800000119954
1.2030179998837411
0.8354819999076426
0.7947710000444204
1.1616180001292378
0.7944579999893904
0.8079669999424368
0.9974619999993593
1.2430229999590665
0.9516960000619292
1.22723100008443
1.2575469999574125
1.3864470000844449
1.557556000072509
0.9688320001587272
1.1586929999757558
0.8184979998040944
1.2803940000012517
1.1434710000175983
0.8493009998928756
0.8550479998812079
1.1534400000236928
1.0882029999047518
2.1828609998337924
0.8434249998535961
1.2137039999943227
0.9800319999922067
1.0526369998697191
0.9020310000050813
1.469139999942854
1.3721080000977963
1.0186949998605996
0.7763040000572801
0.8336530001834035
0.9694619998335838
0.8368269999045879
1.0628529998939484
1.3800500000361353
0.7684969999827445
0.8131999999750406
0.8491210001520813
0.9213849999941885
1.0042849997989833
1.007099000038579
0.7505339998751879
0.8246930001769215
0.8587629999965429
1.061396999983117
0.9222490000538528
0.9007300001103431
0.8817549999803305
4.400076000019908
1.3015890000388026
25.121057000011206
0.9267380000092089
0.829492999939248
1.406554999994114
0.7943520001135767
1.294836999848485
1.56847000005655
0.7485370000358671
0.8579059999901801
0.8060100001748651
1.0875359999481589
0.9689869999419898
1.7004529999103397
1.0382719999179244
0.7556699998676777
0.8762670001015067
0.9109219999518245
1.045533999800682
0.8698160001076758
0.9621749999932945
0.6989629999734461
0.8171180000063032
1.0555489999242127
1.1767410000320524
1.1081810002215207
1.3159110001288354
1.0745480000041425
1.0216919998638332
0.8621100001037121
0.9620589998085052
1.5558180001098663
1.095806999830529
1.1381569998338819
1.0495360000059009
0.9766079999972135
0.8604359999299049
1.079884999897331
0.9818789998535067
1.4862450000364333
1.2133800000883639
1.4002800001762807
1.3103859999682754
0.9898039998952299
0.9773909999057651
1.0219209999777377
0.8717849999666214
0.9658080001827329
1.1888609998859465
0.7236880001146346
1.0101979998871684
1.197476000059396
0.9320159999188036
0.8505390000063926
1.3990219999104738
1.112948999973014
0.9041160000488162
1.292903000023216
0.9555420000106096
0.9492179998196661
1.480003000004217
0.8666979998815805
1.7605989999137819
0.7994460000190884
0.8539870001841336
0.7409950001165271
0.7598609998822212
1.153383000055328
1.0873200001660734
1.186223000055179
0.8226659998763353
1.0026439998764545
