15.516902999952435
1.0529120001010597
0.9035829999484122
1.0668880003504455
0.7734380001202226
0.8981469999998808
1.3561030002310872
0.7345690000802279
0.9712789999321103
0.7580509996041656
0.7239779997617006
0.879254000261426
0.7718380000442266
7.168324000202119
0.8980890000239015
0.9970630002208054
0.7861689999699593
0.7925040000118315
0.6958480002358556
0.7366600004024804
0.5455200001597404
0.9545489996671677
0.9801949998363853
0.7967340000905097
0.5913060000166297
0.7669220003299415
0.8768120002932847
0.6589689999818802
0.8121040002442896
0.8011239999905229
0.8889379999600351
0.8169120000675321
0.8032509996555746
0.5548080001026392
0.7502150000073016
0.4982280000112951
0.8380510001443326
0.6741500003263354
0.8084809998981655
0.558156999759376
0.685013999696821
0.7808579998090863
0.7938340003602207
0.8841510000638664
0.752301000058651
0.7410830003209412
0.4920230000279844
0.6490349997766316
0.8088189996778965
0.8237310000695288
0.7371249999850988
0.5904279998503625
0.7775820000097156
0.8856440000236034
0.6230560000985861
0.7338140001520514
0.6625219997949898
0.9746170002035797
0.7792320000007749
0.6193870003335178
0.8357819998636842
0.5703070000745356
0.7378239999525249
0.7505590002983809
0.626155000180006
0.725025000050664
0.8085670000873506
0.7559799998998642
0.6696879998780787
0.6878900001756847
0.7200290001928806
0.8306519999168813
0.5251540001481771
0.7821899997070432
0.741001000162214
0.8364220000803471
0.7107200003229082
0.7603889997117221
5.868244000244886
0.5907149999402463
0.7275620000436902
0.6258600000292063
0.6685730000026524
0.7836859999224544
0.5989619996398687
0.6405939999967813
0.5177810001187027
0.6902689998969436
0.6037650001235306
0.6178969996981323
0.6180559997446835
0.5603410000912845
0.6912189996801317
0.7245209999382496
0.6784550002776086
0.8192900000140071
0.7670579999685287
0.6861580000258982
0.7343970001675189
0.9278560001403093
0.8176859999075532
0.6654190002009273
0.5624669999815524
0.6976749999448657
0.71512999990955
0.716028000228107
0.6442650002427399
0.804125000257045
0.8677359996363521
0.8257230003364384
0.8671079999767244
0.7150959996506572
0.6336170001886785
0.9514750000089407
0.7898070001974702
0.8308200002647936
0.5852359998971224
0.6516769998706877
0.8001609998755157
0.7571560000069439
0.6046739998273551
0.5728260003961623
0.7235019998624921
0.5162240001372993
0.5276739997789264
0.6028049997985363
0.5488339997828007
0.7506350004114211
0.6270159999839962
0.7759300000034273
0.6532089998945594
0.5295299999415874
0.5692750001326203
0.6892880001105368
0.6123589999042451
0.9125349996611476
0.4690419998951256
0.7614170000888407
0.5045620002783835
3.8807700001634657
0.6525050001218915
0.6675749998539686
0.6364010004326701
0.5177660002373159
0.7369479998014867
0.5212570000439882
0.7259370000101626
0.6281459997408092
1.0308619998395443
0.8151679998263717
0.7386010000482202
0.5873229997232556
0.5966639998368919
0.4783080001361668
0.5678179999813437
0.7107520001009107
0.5305690001696348
0.6742160003632307
0.5751889999955893
0.6374070001766086
0.5969420000910759
0.7034740000963211
0.7143999999389052
0.685202999971807
0.6807180000469089
0.7886079996824265
0.691130000166595
0.6429550000466406
0.7139540002681315
0.4717609998770058
0.6834479998797178
0.6061069997958839
0.6484229997731745
0.7024509999901056
0.709222000092268
0.628543000202626
0.8021200001239777
0.49804400000721216
0.7210619999095798
0.5017220000736415
0.7893530000001192
0.6383400000631809
0.6481809997931123
0.6387000000104308
0.7541919997893274
0.5007530003786087
0.7223499999381602
0.624917000066489
0.503973999992013
0.650354000274092
0.57946200016886
0.8434500000439584
0.45273600006476045
0.5972219998948276
0.7197509999386966
0.5187490000389516
0.723261000122875
0.6085210000164807
0.6104409997351468
0.719537999946624
0.5722130001522601
0.49477800028398633
0.5337319998070598
0.4829159998334944
0.5286010000854731
0.8150550001300871
0.6457259999588132
0.4687679996713996
0.5833620000630617
0.5141630000434816
0.4735850002616644
0.6014640000648797
0.656585999764502
0.5680590001866221
0.5093450001440942
0.6694549997337162
0.5754289999604225
0.7094029998406768
0.7983899996615946
0.6805469999089837
0.7561579998582602
0.5479759997688234
0.5273980000056326
0.7676519998349249
0.5396000002510846
0.622252999804914
0.546051999554038
0.5973789999261498
0.5143929999321699
0.5220510000362992
0.5247469996102154
0.4837330002337694
0.5661750002764165
0.5891760000959039
0.708937999792397
0.7878410001285374
0.7010320001281798
0.5658920002169907
0.7041569999419153
0.6131569999270141
8.135867999866605
0.6437530000694096
0.713365999981761
0.7084519998170435
0.7765670004300773
0.6870039999485016
0.5582520002499223
0.6458129999227822
0.4875209997408092
0.7003139997832477
0.465313000138849
0.6208379999734461
0.6645259996876121
0.6310560000129044
0.6756119998171926
0.5774400001391768
0.5267480001784861
0.6534409997984767
0.7776750000193715
0.6627569999545813
2.984350999817252
0.4586140001192689
0.6816429998725653
0.44508300023153424
0.6773930001072586
0.7040260001085699
0.6604999997653067
0.7566410000436008
0.7191530000418425
0.6319769998081028
0.600878999568522
0.628349999897182
0.5725189996883273
0.4723069998435676
0.7819860000163317
0.7194150001741946
0.6476800004020333
0.5888849999755621
0.6036209999583662
0.7270649997517467
0.535219999961555
0.7078069997951388
0.44652399979531765
0.5176569996401668
0.5399849996902049
0.6074270000681281
0.5051629999652505
0.44365999987348914
0.6422879998572171
0.5090899998322129
0.4790669996291399
0.6521419999189675
0.48821999970823526
0.6206109998747706
0.6540840002708137
0.5630120001733303
0.6799659999087453
0.6619090000167489
0.5461889998987317
0.7345349998213351
