1.7024490002077073
0.5678600000683218
0.35273200017400086
0.27015899983234704
0.2670129998587072
0.25701199984177947
0.34529700013808906
0.33690700004808605
0.27348800003528595
0.40640600002370775
0.446853999979794
0.3645480000413954
0.37881299993023276
0.3563329998869449
0.3519340001512319
0.40484099998138845
0.3364979999605566
0.4026730000041425
1.2359970000106841
0.8134910000953823
0.917202000040561
0.7776439997833222
1.1178359999321401
0.7341380000580102
0.8255489999428391
0.8844290000852197
0.7311720000579953
0.41254000016488135
0.2923709999304265
0.40847699996083975
0.44300299999304116
0.3020500000566244
0.23306700005196035
0.2318039999809116
0.2844450001139194
0.295285000000149
0.27961499989032745
0.3273090000730008
0.6019150000065565
0.6992579998914152
0.5399589999578893
0.49151399987749755
0.5715010000858456
0.45804399996995926
0.2506570001132786
0.2780859998892993
0.24214700004085898
0.24546499992720783
0.3803689999040216
0.3900269998703152
2.4383070000912994
0.42937499983236194
0.3966190000064671
0.46406099991872907
0.5113899998832494
0.4931030001025647
0.34199399990029633
0.34178199991583824
2.6946189999580383
0.24616300011985004
0.3993740000296384
0.3369390000589192
0.45396600011736155
0.48592400015331805
0.3896830000448972
0.8647459999192506
0.8559590000659227
0.379365999950096
0.26262000016868114
0.43866699980571866
0.2591929999180138
0.33906399994157255
0.30588000011630356
0.2449719998985529
0.27320299996063113
0.24666800000704825
0.8910300000570714
2.8844260000623763
0.2727699999231845
0.34613800002261996
0.30379600008018315
0.25655899988487363
0.25263900007121265
0.31096599996089935
0.2703420000616461
0.2693750001490116
0.323185000102967
0.36719200015068054
0.36821800004690886
0.2634280000347644
0.3495530001819134
0.31403300003148615
0.2842519998084754
2.1540429999586195
0.305887000169605
0.3406110000796616
2.2844330000225455
0.26381899998523295
0.27360100019723177
0.37315299990586936
0.2520739999599755
0.3676070000510663
0.22203999990597367
0.432511999970302
0.38173700007610023
0.29450599988922477
0.2897489999886602
0.29816100001335144
0.3093729999382049
0.37000299990177155
0.28506799996830523
0.274985000025481
0.3296540000010282
0.2496259999461472
0.49768900009803474
0.478275999892503
0.3198660002090037
0.3012980001512915
0.363605999853462
0.2722249999642372
0.3085950000677258
0.3187560001388192
0.25140599999576807
0.24006500001996756
0.2615670000668615
0.2532130000181496
0.3206349997781217
0.28223600005730987
0.3095750000793487
0.2396209998987615
0.25877300021238625
0.4362970001529902
0.8828169999178499
0.8862850000150502
0.27344200015068054
0.317486000014469
0.3305659999605268
2.2004839999135584
0.325203999876976
0.4063120000064373
0.23311399994418025
1.4565600000787526
3.2727919998578727
1.2245559999719262
1.0634560000617057
2.7235719999298453
0.42431800020858645
0.3142479998059571
0.2463030000217259
0.2822670000605285
0.2665069999638945
0.26670499984174967
0.2824290001299232
0.2847170000895858
0.3505479998420924
0.32155999983660877
0.3117050000000745
0.32591899996623397
0.699009999865666
0.917507000034675
0.3226250000298023
0.28465900011360645
0.3453449998050928
0.35647700005210936
0.39617899991571903
2.617433999897912
0.5062160000670701
0.28224799991585314
0.8929959998931736
0.9359019999392331
0.3333630000706762
0.30240399995818734
0.2910440000705421
0.3205869998782873
0.2925490001216531
0.3383019999600947
2.1933339999523014
0.31167700001969934
0.24708200013265014
0.37809299980290234
0.24980299989692867
0.24698499985970557
0.47851200005970895
0.3186120002064854
0.34905299986712635
0.3519760000053793
0.4462629999034107
2.4012209998909384
0.28088600002229214
0.3670429999474436
0.6140280000399798
0.45058699999935925
0.4243320000823587
3.5945669999346137
0.5779269998893142
0.3040610000025481
0.37845700001344085
0.33642200008034706
0.29020199994556606
0.3615929998923093
0.39136600005440414
0.3600469999946654
0.4387399998959154
0.48193900007754564
0.31345100002363324
0.24597799987532198
0.32869299990125
0.29443500004708767
0.28089900012128055
0.23961699986830354
0.27878900012001395
0.25389200006611645
0.3226410001516342
0.3234630001243204
0.3394800000824034
3.62958599999547
0.48756000003777444
0.31042100000195205
0.34020700003020465
0.30309299984946847
0.26856799982488155
0.34576599998399615
0.354613000061363
0.4662509998306632
0.37855900009162724
0.4010469999630004
0.23662599991075695
0.381264999974519
0.3513250001706183
0.27012800006195903
0.2779630001168698
1.7841819999739528
0.31451900000683963
0.7634460001718253
0.48690500017255545
0.37887699995189905
0.4861880000680685
0.3425209999550134
0.4229929998982698
0.4865829998161644
0.30887100007385015
0.3328639999963343
0.49048799998126924
0.34029299998655915
0.37990499986335635
0.34614300006069243
3.103354000020772
0.2571870000101626
0.25054200016893446
2.0229820001404732
0.3426269998308271
0.7473219998646528
0.725421000039205
0.7762370000127703
0.7856390001252294
0.8571209998335689
1.002210000064224
1.7034920000005513
0.32287100004032254
0.24946600012481213
0.241918999934569
0.24910200014710426
0.25243499991483986
0.28269600006751716
0.2944799999240786
0.4772779999766499
0.5374839999713004
0.36134500009939075
0.5281909999903291
0.3174369998741895
0.259273000061512
2.1662070001475513
0.24005099991336465
0.8472099998034537
0.29988099983893335
0.2627820000052452
0.30313599994406104
0.2643370002042502
0.25182899995706975
0.5217230000998825
0.3155190001707524
0.27588600013405085
0.29766299994662404
0.3290200000628829
0.2882499999832362
0.23722000000998378
1.8808679999783635
0.2680010001640767
0.3107030000537634
0.3327550000976771
0.2870710000861436
1.1506720001343638
1.0205000001005828
1.1306880000047386
0.7655060000251979
0.9485599999316037
0.7548080000560731
2.753571999957785
0.8103259999770671
2.358954999828711
