1.8778079999610782
1.2270629997365177
0.7669629999436438
0.7722370000556111
0.7778549999929965
0.736839999910444
0.9085980001837015
0.47105700010433793
1.1915819998830557
1.0074960002675653
1.2201279997825623
0.7914430000819266
0.9219190003350377
0.7379679996520281
0.8318980000913143
0.8549020001664758
0.7738379999063909
3.5926479999907315
0.8634269996546209
0.8125189999118447
1.0776659999974072
0.7317500002682209
0.9579460001550615
0.75970199983567
1.130909000057727
1.0984049998223782
0.49510199995711446
0.8151730000972748
1.0859570000320673
0.8373670000582933
1.0259479996748269
1.017402000259608
0.47168099973350763
0.7890409999527037
1.1393439997918904
0.8686150000430644
0.4704710002988577
1.1723489998839796
1.130737000145018
0.8231249996460974
1.5964750000275671
0.9230879996903241
0.8179839998483658
0.9106599995866418
1.0615539997816086
0.755573000293225
0.4010839997790754
1.4501620000228286
1.5804070001468062
0.7570190001279116
0.9108339999802411
1.0501140002161264
0.7706960001960397
0.8437000000849366
0.7835910003632307
1.169761000201106
5.542614999692887
0.9822209998965263
0.8307419996708632
0.8745280001312494
1.1448910003528
1.2122870003804564
1.2005839999765158
0.9275690000504255
0.8667509998194873
0.49747700011357665
0.7616440001875162
1.1131839998997748
1.0457939999178052
0.9792580003850162
1.5419669998809695
1.2239929996430874
0.9843629999086261
1.6783150001429021
0.9703150000423193
1.0426900000311434
0.8330099997110665
1.3901410000398755
1.0464159999974072
1.4509640000760555
0.9343789997510612
1.3893239996396005
1.0566420000977814
1.1279839999042451
1.1256319996900856
0.8895519999787211
0.9268050002865493
0.8269989998079836
0.7415849999524653
1.1313320002518594
0.9674100000411272
1.3720519999042153
0.9428670001216233
0.7859180001541972
0.8876479999162257
0.5229850001633167
1.181564999744296
0.733049999922514
1.0207889997400343
0.7703630002215505
1.0536720003001392
0.7605689996853471
0.755218000151217
1.0918490001931787
0.3992709997110069
0.7297300002537668
0.9975859997794032
0.9376399996690452
0.7448410000652075
0.8863619999028742
0.8058219999074936
0.7624130002222955
0.7890619998797774
1.093307000119239
1.27057099994272
0.9140459997579455
1.245054999832064
1.034595999866724
1.3860010001808405
0.9842089996673167
1.0610449998639524
0.9894610000774264
1.6296129999682307
1.2507249996997416
0.4360719998367131
1.1306120003573596
1.1237669996917248
0.8584230002015829
1.0543069997802377
1.0134919998236
1.0119070000946522
0.7886660001240671
1.1246819999068975
0.8026759997010231
0.7838989999145269
0.8232560004107654
0.8233699998818338
0.7491699997335672
0.7801490002311766
0.2531139999628067
0.9780760002322495
0.8319239998236299
1.0934119997546077
0.9296399997547269
0.3753939997404814
0.5201210002414882
0.9643139997497201
0.850295000243932
0.7549750003963709
0.9485729997977614
1.0083259996026754
0.8117450000718236
0.7474259999580681
0.3936149999499321
0.3833330003544688
0.9333150000311434
0.9088349998928607
0.8074469999410212
0.8583999997936189
1.4050599997863173
1.0944860000163317
1.332250999752432
0.9210140001960099
0.5062739998102188
1.184415000025183
1.5997079997323453
1.1790790003724396
1.0351709998212755
0.9428599998354912
1.286094999872148
0.9748280001804233
0.9480599998496473
3.2989509999752045
6.848015999887139
1.1769699999131262
0.8636790001764894
0.9652289999648929
0.8841299996711314
0.8874419997446239
0.8920959997922182
1.107508999761194
0.8159960000775754
0.46492999978363514
0.8303900002501905
1.33907900005579
0.9519239999353886
0.8242489998228848
1.018512999638915
1.0854190001264215
1.083852999843657
1.0414549997076392
0.9437569999136031
0.7833120003342628
0.7359250001609325
0.9167410000227392
0.7235459997318685
0.9542009998112917
1.1124510001391172
1.0565619999542832
0.949864000082016
1.0597100001759827
1.0750680002383888
1.0268709999509156
1.2932599997147918
1.2675619996152818
1.4179559997282922
1.0571579998359084
1.2005670000799
1.029310000129044
1.0584789998829365
1.053681000135839
0.4926249999552965
0.7770379995927215
1.5299680000171065
1.0085970000363886
1.3474919996224344
0.8606730001047254
1.3481540000066161
1.0654279999434948
0.8157890001311898
0.8228629999794066
0.4773229998536408
1.1041290001012385
1.0537849999964237
0.7920190002769232
0.8378739999607205
1.154413000214845
0.8487359997816384
1.0013029999099672
0.9725340004079044
0.856366999913007
1.0281110000796616
1.1930550001561642
0.9914430002681911
1.1647240002639592
1.0309580001048744
0.9052659999579191
1.0693359998986125
1.1993640000000596
0.8404759997501969
0.415011000353843
1.027025000192225
1.3457369999960065
1.039351999759674
1.349127999972552
1.1639609998092055
0.9793909997679293
0.9620570000261068
0.9141450002789497
1.040864999871701
0.9923330000601709
1.143190999981016
0.9089389997534454
1.1086379997432232
1.0476370002143085
1.2939240001142025
1.036536999978125
1.0650109997950494
1.0593590000644326
0.5932430000975728
0.780362999998033
1.0855130003765225
0.7902220003306866
0.8021559999324381
0.5940290000289679
1.2340400000102818
1.0369730000384152
1.1404929999262094
0.7357710003852844
0.3851749999448657
0.405456000007689
0.5222579999826849
0.8475280003622174
0.751339000184089
1.2163140000775456
1.4291819999925792
0.6816030000336468
0.4142519999295473
1.0474539999850094
1.297848999965936
1.3031430002301931
1.3168040001764894
1.139833000022918
1.0819419999606907
0.9524419996887445
5.327924999874085
0.7474239999428391
1.2802019999362528
1.0252030002884567
1.1309990002773702
7.15977399982512
1.1998240002430975
1.0567879998125136
1.5665580001659691
1.1058889999985695
0.2414040002040565
0.9377250000834465
1.4356010002084076
1.0262560001574457
0.5181249999441206
