2.5947719998657703
0.5525909997522831
0.8377820001915097
0.7636390002444386
0.7525609997101128
0.8738179998472333
0.8609040002338588
0.6542009999975562
0.6901630000211298
0.6038319999352098
0.801467000041157
0.6313270004466176
0.8379560001194477
0.6474819998256862
0.6118390001356602
0.6663730000145733
0.5767930001020432
0.6848529996350408
0.5946929999627173
0.5828839996829629
0.6044100001454353
0.6923380000516772
0.7183500002138317
0.5812329999171197
0.7597260000184178
0.4951420002616942
0.6346919997595251
0.6609649998135865
0.6060830000787973
0.6832969998940825
0.5823129997588694
0.5932599999941885
0.7849739999510348
0.5955960000865161
0.46327799977734685
0.35266399988904595
0.7334680003114045
0.7319029998034239
0.5126170003786683
0.6787649998441339
0.6328270002268255
0.5789370001293719
0.6249659997411072
0.727320000063628
0.543248999863863
0.6740540000610054
0.5233139996416867
0.5981180001981556
0.5816950001753867
0.6416730000637472
0.6923010000027716
0.5750130000524223
0.6897530001588166
0.6989099998027086
0.7179390001110733
0.3819710002280772
0.7338840002194047
0.6095639998093247
0.5405839998275042
0.663147000130266
0.6303949998691678
0.6982280001975596
0.6442190003581345
0.562588999979198
0.5481930002570152
0.6251150001771748
0.8412779998034239
0.8189990003593266
0.7467660000547767
0.6322889998555183
0.6773190000094473
0.7091560000553727
0.694225000217557
0.6686750003136694
0.4115989999845624
0.6813860000111163
0.7222769996151328
0.8499750001356006
0.8000030000694096
0.8113400000147521
0.742138999979943
0.8821370000950992
0.802152999676764
0.6910670003853738
0.7178209996782243
0.6088970000855625
0.6582540003582835
0.6878639999777079
0.6744849998503923
0.6481280000880361
0.7551199998706579
0.6223090002313256
0.7051869998686016
0.712313000112772
0.6917459997348487
0.5914090001024306
0.5699389996007085
0.5516119999811053
0.6870899996720254
2.389851000159979
0.713274999987334
0.5859699998982251
0.6676239999942482
0.5479540000669658
0.580502999946475
0.5930559998378158
0.5914650000631809
0.6810759999789298
0.6207550000399351
0.5845590000972152
0.6054549999535084
0.5384339997544885
0.6048089996911585
0.2454540003091097
0.6923710000701249
0.6900120000354946
0.5459909997880459
0.655999000184238
0.5338289998471737
0.6021670000627637
0.5547429998405278
0.6057889997027814
0.6027290001511574
0.5244999998249114
0.7661190000362694
0.6782990000210702
0.7185979997739196
0.6915719998069108
0.6549720000475645
0.7155240001156926
0.25852399971336126
0.6115149999968708
0.5286300000734627
0.5877580000087619
0.5503259999677539
0.5789719996973872
0.7764590000733733
0.7150269998237491
0.5374940000474453
0.24453500006347895
0.607084000017494
0.5094099999405444
0.5373979997821152
0.7257659998722374
0.7744060000404716
0.7989249997772276
0.6711120000109076
0.7415120000950992
0.4327929997816682
0.7797920000739396
0.6480630002915859
0.5853369999676943
0.871034000068903
0.6877179997973144
0.8471519998274744
0.6068549999035895
0.7491990001872182
0.7964959996752441
0.6879710000939667
0.6173290000297129
0.9040900003165007
0.6404099999926984
0.5710869999602437
0.6224750000983477
0.7543500000610948
0.717335999943316
0.5757100000046194
0.6704049999825656
0.4538800003938377
0.7331790002062917
0.5809769998304546
0.8158720000647008
0.6921009998768568
0.6209670002572238
0.7309889998286963
0.6412120000459254
0.6952929999679327
0.7676740000024438
0.6222079996950924
0.6016339999623597
0.5430020000785589
0.5987289999611676
0.6257910002022982
0.6658240002579987
0.6039120000787079
0.5648150001652539
0.6049100002273917
0.451191000174731
6.23499899962917
0.6218690001405776
0.6835950003005564
0.7288249996490777
0.5976459998637438
0.7296770000830293
0.6349080000072718
0.7010050001554191
0.5869960002601147
0.7850469998084009
0.8299300000071526
0.589784000068903
0.6995370001532137
0.5827009999193251
0.7913339999504387
0.6975719998590648
0.6915219998918474
0.7026780000887811
0.8232839996926486
0.7604729998856783
0.7252119998447597
0.5964219998568296
0.6220840001478791
0.5146110001951456
0.7781080002896488
0.6872449996881187
0.6530629997141659
0.6775429998524487
0.5530269998125732
0.529375999700278
2.0628769998438656
0.5536100002937019
0.6636959998868406
0.5720899999141693
0.5066330004483461
0.6780619998462498
0.6607639999128878
0.7102999999187887
0.46622899966314435
0.6354199997149408
0.5365500003099442
0.5263360003009439
0.726247999817133
0.6047610002569854
0.6510149999521673
0.5413399999961257
0.6445269999094307
0.6539719998836517
0.5247880001552403
0.6383460001088679
0.6478860001079738
0.6618340001441538
0.6875209999270737
0.5302349999547005
0.7016600002534688
0.719535999931395
1.3067610003054142
0.6927760001271963
0.24332599993795156
0.38307900028303266
0.6065119998529553
0.6304999999701977
1.0282100001350045
0.7358330003917217
0.7331860000267625
0.9286650000140071
0.734286000020802
0.690662999637425
0.6400980004109442
0.7690510000102222
0.8006420000456274
0.5374890002422035
0.6793420002795756
0.6961270002648234
0.6281610000878572
0.7470459998585284
0.7279429999180138
0.4427109998650849
0.8036699998192489
0.6443509999662638
0.7301609995774925
0.7344319997355342
0.658094999846071
0.7297339998185635
0.6785059999674559
0.8218629998154938
0.6031570001505315
0.8290690002031624
0.6093990001827478
0.7058669999241829
0.6256869998760521
0.6286999997682869
0.5259139998815954
0.6621159999631345
0.5916499998420477
0.6074009998701513
0.6212740000337362
0.45022800005972385
0.6953070000745356
0.713561000302434
0.692451000213623
0.6309639997780323
0.6156079997308552
0.7396140000782907
0.7337079998105764
0.5455240001901984
0.6045820000581443
0.6244439999572933
0.7869170000776649
0.6400419999845326
0.6071799998171628
0.5634439997375011
