1.8409430000465363
0.2758280001580715
0.6566380001604557
0.35657700011506677
0.3824460001196712
0.6529229998122901
0.6325939998496324
0.6149420000147074
0.7407579999417067
0.5930170000065118
0.6559669999405742
0.6788219998124987
0.747385999886319
0.5850090000312775
0.6385270000901073
0.5586209998000413
0.5910779999103397
0.6173689998686314
0.7136789998039603
0.5994150000624359
0.43282700004056096
0.4322280001360923
0.4720739999320358
0.4300639999564737
0.44311299989931285
0.4230019999668002
0.3628510001581162
0.6983219999819994
0.5362650000024587
0.5221299999393523
0.671792000066489
0.7229160000570118
0.25814599986188114
0.2956439999397844
0.2885879999957979
0.6432529999874532
0.6467929999344051
0.75848100008443
0.6050449998583645
0.33865800010971725
0.6238919999450445
0.5871569998562336
0.7626150001306087
0.7585769998840988
1.9623780001420528
0.8112679999321699
0.8910449999384582
0.3481789999641478
0.2601460001897067
0.7014470000285655
0.28832699987106025
0.23936800006777048
0.21629299991764128
0.5470030000433326
0.7523890000302345
0.6703700001817197
0.6759590001311153
0.8804089999757707
0.27392500010319054
0.3213559999130666
2.523871000157669
0.5695199999026954
0.5719520000275224
0.6684409999288619
1.602726000128314
0.6506710001267493
0.7837680000811815
0.8114660000428557
0.28655600012280047
0.5743960000108927
0.32466799998655915
0.5606730000581592
0.5624079999979585
0.5555650000460446
0.5522169999312609
0.520706000039354
0.7161659998819232
0.22801700001582503
0.2135089999064803
0.5305540000554174
0.558053000131622
0.24262099992483854
0.30829000007361174
0.273079999955371
0.2245819999370724
0.551335999974981
0.5242149999830872
0.6809869999997318
0.46263600001111627
0.6000800000037998
0.5436610002070665
0.712539000203833
1.2860880000516772
0.5766519999597222
0.6339259999804199
0.5004370000679046
0.5235079999547452
0.727803000016138
0.5583120000083
0.5446460000239313
0.5625
0.5503869999665767
0.5119849999900907
0.5974059998989105
0.5888680000789464
0.6074909998569638
0.5341989998705685
0.5200359998270869
0.22636700002476573
0.3008000000845641
0.2642030001152307
0.2993169999681413
0.5783650001976639
0.6609610000159591
0.3720970000140369
0.5607900000177324
0.5838450000155717
0.5202520000748336
0.8930430000182241
0.22958100005052984
0.5352689998690039
0.28816800005733967
0.3137759999372065
0.5063109998591244
0.6176790001336485
0.5520460000261664
0.30507000000216067
0.6195160001516342
0.5468450000043958
0.5136819998733699
0.4920289998408407
0.5696740001440048
0.5508200000040233
0.7898959999438375
0.679285999853164
0.6443310000468045
0.6609910000115633
0.25385400000959635
0.3302329999860376
0.44360100012272596
0.40274300007149577
0.3273559999652207
0.22230300004594028
0.3004630000796169
0.39002600009553134
0.7302870000712574
0.3892580000683665
0.2875720001757145
0.2351679999846965
0.23145899991504848
0.2752330000512302
0.42245299997739494
0.3744570000562817
0.38121899985708296
0.5019600000232458
0.36734899994917214
0.6465770001523197
0.3375490000471473
0.3244270000141114
0.3412399999797344
0.28961100010201335
0.33229200006462634
0.22595699992962182
0.24685900006443262
0.40198299987241626
0.22230300004594028
0.31708499998785555
0.7091190000064671
0.7333329999819398
0.6992629999294877
1.556984999915585
0.4882219999562949
0.24551700009033084
0.23390999995172024
0.3066159998998046
0.21245600003749132
0.2329209998715669
0.1975739998742938
0.24317799997515976
0.22959500015713274
0.30356699996627867
0.2919750001747161
1.5002439999952912
0.526875999988988
0.48862800002098083
0.5555850001983345
0.5249639998655766
1.9699699999764562
0.729952999856323
0.576454000081867
0.6707419999875128
0.34636700013652444
0.19958200003020465
0.33421300002373755
0.3591920000035316
0.43208299996331334
0.3193999999202788
0.3437359998933971
0.3980350000783801
0.32244499982334673
0.20125699997879565
0.19095399999059737
0.3267860000487417
0.23731400002725422
0.5800520000047982
0.29790899995714426
0.3528569999616593
0.9389460000675172
0.4881319999694824
0.6727960000280291
0.3688679998740554
0.3329270000103861
0.24960600002668798
0.2094460001681
0.27330100000835955
0.2166410000063479
0.2418329999782145
0.34169699996709824
0.3788970001041889
0.26613200013525784
0.22449099994264543
0.28211200004443526
0.22567200008779764
0.25619499990716577
0.36721099982969463
0.28129500010982156
0.18972300016321242
0.24054399994201958
0.31248400011099875
0.3038759999908507
0.3393600000999868
0.3421380000654608
0.6492329998873174
0.5891750000882894
0.20979400002397597
0.205818000016734
0.33773900009691715
0.3744570000562817
0.4037990001961589
0.38502700021490455
0.36600899999029934
0.2373420000076294
0.5122930000070482
0.37321200012229383
0.20960699999704957
0.25151599990203977
0.6395089998841286
0.36406999989412725
0.4842640000861138
0.2843669999856502
0.5232059999834746
0.3848889998625964
0.3665390000678599
0.4528290000744164
0.547848999965936
0.3281820002011955
0.30709500005468726
0.3980469999369234
0.27029799995943904
0.275209000101313
0.2910410000476986
0.3165309999603778
0.5484899999573827
0.5280979999806732
0.6982589999679476
0.2906470000743866
0.9049349999986589
0.2920349999330938
0.2923919998575002
0.9112229999154806
0.32416999991983175
0.3248370001092553
0.2740040000062436
0.3271699999459088
0.5993439999874681
0.6842710000928491
0.3977369999047369
0.32796000014059246
0.5582729999441653
0.32211699988693
0.2550030001439154
0.3504409999586642
0.3698859999421984
0.3584060000721365
0.5876760000828654
0.9274969999678433
1.00494599994272
1.140620999969542
1.081614000024274
5.261219999985769
11.89355199993588
7.439351000124589
0.6507000001147389
0.3084489998873323
0.495153000112623
1.0422249999828637
0.759214999852702
0.858883999986574
0.29046800010837615
0.30604099994525313
