39,943099999800324
17,746600000187755
12,326499999500811
11,617300000041723
11,802799999713898
14,733500000089407
11,651000000536442
12,040699999779463
14,82039999961853
12,038900000043213
12,128700000233948
11,46710000000894
11,354000000283122
11,71889999974519
11,703199999406934
11,384800000116229
11,751000000163913
11,809999999590218
12,721300000324845
12,128999999724329
11,769199999980628
11,170400000177324
11,024900000542402
11,831299999728799
11,191300000064075
10,850200000219047
11,380099999718368
11,67379999998957
11,476899999193847
11,979799999855459
11,606799999251962
12,035299999639392
11,115500000305474
11,361899999901652
12,965200000442564
11,44510000012815
11,030300000682473
11,4695999994874
11,66330000013113
11,354800000786781
13,429299999959767
13,32219999935478
12,076000000350177
11,683999999426305
11,565500000491738
11,114799999631941
11,134300000034273
11,115699999965727
11,287700000219047
11,271199999377131
11,316399999894202
11,168099999427795
10,983199999667704
11,760599999688566
11,555099999532104
10,784199999645352
10,941999999806285
10,840799999423325
10,619500000029802
11,621100000105798
11,409200000576675
10,501699999906123
10,717600000090897
10,904399999417365
10,432799999602139
10,880300000309944
10,729299999773502
10,73380000051111
11,14199999999255
11,032600000500679
11,1097999997437
11,31220000050962
11,039600000716746
11,563099999912083
11,488200000487268
10,702099999412894
12,239099999889731
11,935800000093877
11,732900000177324
10,912500000558794
11,419299999251962
11,871500000357628
10,961600000038743
11,851999999955297
12,913200000301003
12,213100000284612
11,533200000412762
11,498100000433624
12,245799999684095
11,44649999961257
11,458999999798834
11,17920000012964
11,46610000077635
11,308600000105798
11,13469999935478
11,399999999441206
11,598599999211729
11,486800000071526
10,874900000169873
11,551699999719858
11,338399999774992
11,212700000032783
11,423099999316037
12,16469999961555
11,638799999840558
11,028899999335408
12,066499999724329
11,47109999973327
10,88329999987036
10,987900000065565
11,227099999785423
11,40639999974519
11,030499999411404
11,15529999975115
11,078700000420213
11,628100000321865
10,969800000078976
10,664600000716746
11,455800000578165
11,78819999936968
11,880699999630451
11,486200000159442
11,370300000533462
11,200100000016391
11,017599999904633
10,986800000071526
12,907100000418723
10,942099999636412
11,22109999973327
11,158400000073016
10,970799999311566
11,487600000575185
11,095900000073016
10,967699999921024
11,253299999982119
12,1402000002563
11,301500000059605
11,000500000081956
10,67909999936819
11,21059999987483
11,17269999999553
11,443799999542534
11,365000000223517
14,671500000171363
10,960699999704957
10,353300000540912
11,407300000078976
10,391900000162423
11,395899999886751
10,89089999999851
11,28690000064671
10,08680000063032
12,379700000397861
11,089399999938905
11,18019999936223
10,930800000205636
11,017900000326335
11,262299999594688
10,822099999524653
11,225599999539554
11,881000000052154
10,881400000303984
10,917500000447035
11,20240000076592
10,785399999469519
11,142099999822676
11,195199999958277
11,365499999374151
11,224200000055134
11,677500000223517
10,792299999855459
12,135900000110269
11,51009999960661
10,828499999828637
12,0531000001356
11,099299999885261
11,456000000238419
10,852099999785423
11,48519999999553
10,95310000050813
11,035300000570714
11,423600000329316
11,625500000081956
10,931700000539422
10,993300000205636
11,111399999819696
10,81389999948442
11,051200000569224
11,082100000232458
11,016499999910593
11,760999999940395
10,742600000463426
11,569799999706447
11,281300000846386
12,328300000168383
11,333899999968708
11,125799999572337
11,422600000165403
10,903099999763072
11,24959999974817
11,320199999958277
10,566700000315905
11,119099999777973
11,06929999962449
12,872899999842048
10,976999999955297
10,952399999834597
11,250599999912083
11,126000000163913
13,512799999676645
11,686900000087917
12,970799999311566
11,551900000311434
11,42839999962598
11,185800000093877
11,100000000558794
11,649100000038743
11,141699999570847
11,135299999266863
11,054800000041723
10,886399999260902
11,199900000356138
11,474200000055134
11,206100000068545
11,147099999710917
11,325299999676645
11,068399999290705
11,851700000464916
11,32689999975264
10,959999999962747
11,411299999803305
11,528399999253452
11,269600000232458
11,061900000087917
12,4621000001207
11,37430000025779
10,617000000551343
11,033600000664592
11,267800000496209
10,869599999859929
11,803899999707937
11,031899999827147
10,88260000012815
10,917100000195205
11,692100000567734
11,313200000673532
11,137800000607967
11,312300000339746
11,54480000026524
11,4375
11,31150000076741
11,186999999918044
11,23519999999553
11,066700000315905
13,770499999634922
11,452899999916553
11,683199999853969
11,21929999999702
13,003600000403821
11,25109999999404
12,139200000092387
11,103200000710785
11,002799999900162
11,451099999248981
11,222199999727309
12,22330000065267
11,14879999961704
11,350600000470877
11,167899999767542
11,553700000047684
11,378399999812245
12,208399999886751
11,66840000078082
11,338699999265373
11,039900000207126
11,135400000028312
10,94510000012815
11,683899999596179
11,815899999812245
12,021399999968708
11,422600000165403
11,321199999190867
11,720900000073016
12,86019999999553
11,214099999517202
11,403399999253452
11,183300000615418
10,57730000000447
12,080000000074506
11,045699999667704
12,104899999685585
11,00069999974221
11,180399999953806
10,77529999986291
10,857199999503791
10,600700000301003
10,986100000329316
11,114099999889731
11,28150000050664
10,720499999821186
11,029000000096858
10,847599999979138
11,049700000323355
12,172900000587106
11,337400000542402
11,294599999673665
11,187699999660254
11,020700000226498
10,88939999975264
11,162499999627471
10,755900000222027
10,603500000201166
11,272299999371171
11,253200000151992
10,83420000039041
11,723000000230968
10,707999999634922
10,565200000070035
13,756499999202788
11,959999999962747
11,895700000226498
9,840300000272691
10,43709999974817
11,07689999975264
10,513399999588728
11,500599999912083
11,026800000108778
11,155799999833107
10,922900000587106
10,574800000526011
11,663499999791384
11,24129999987781
10,715199999511242
11,230800000019372
11,348799999803305
11,67740000039339
11,246499999426305
10,897300000302494
11,011899999342859
11,316899999976158
11,211799999698997
11,0472999997437
11,385200000368059
10,984600000083447
11,070899999700487
11,03830000013113
11,058499999344349
11,005599999800324
12,675300000235438
12,176400000229478
11,040000000037253
11,074000000022352
11,284099999815226
11,140999999828637
10,997299999929965
11,821500000543892
10,792499999515712
10,907999999821186
11,175999999977648
11,209099999628961
12,310100000351667
11,888300000689924
10,58570000063628
10,757699999958277
10,962899999693036
10,897699999623
10,576700000092387
11,003700000233948
10,604500000365078
11,077399999834597
11,343599999323487
11,463800000026822
11,3503999998793
11,095999999903142
11,364400000311434
10,720599999651313
12,26839999947697
11,139000000432134
11,06429999973625
10,9906000001356
10,70990000013262
11,182700000703335
10,966900000348687
10,764599999412894
11,413800000213087
10,589800000190735
11,166600000113249
10,854000000283122
11,265500000678003
11,35120000038296
11,099500000476837
11,059799999929965
13,953499999828637
11,164499999955297
10,723699999973178
11,482800000347197
11,561999999918044
10,842300000600517
11,252799999900162
10,969200000166893
11,156700000166893
11,4543999992311
11,230200000107288
11,067100000567734
11,190999999642372
11,632699999958277
11,06940000038594
11,609299999661744
12,136400000192225
11,101700000464916
11,469399999827147
11,093399999663234
11,105699999257922
11,249600000679493
11,455299999564886
10,935600000433624
11,26589999999851
11,170400000177324
10,531600000336766
11,398800000548363
11,237800000235438
11,081800000742078
11,078099999576807
10,8503999998793
10,610999999567866
11,423700000159442
10,95810000039637
11,17379999998957
11,923599999397993
11,139299999922514
11,213000000454485
10,661399999633431
10,787800000049174
10,956699999980628
11,323700000531971
11,96889999974519
10,92020000051707
11,03760000038892
11,016600000672042
10,729700000025332
11,0472999997437
10,698100000619888
10,70339999999851
11,778400000184774
10,818699999712408
11,20130000077188
11,38150000013411
11,816800000146031
11,41399999987334
10,949400000274181
11,03359999973327
10,966000000014901
12,207299999892712
11,155500000342727
14,326800000853837
11,055600000545382
11,698099999688566
10,923000000417233
10,859999999403954
12,517599999904633
11,685399999842048
11,318400000222027
11,062699999660254
10,450600000098348
10,885200000368059
11,027300000190735
10,44359999988228
10,83600000012666
10,494400000199676
10,624200000427663
10,652199999429286
11,323300000280142
10,463399999774992
10,317400000058115
11,047499999403954
10,712700000032783
12,186599999666214
13,918300000019372
12,305900000035763
11,550800000317395
12,63109999988228
10,633100000210106
10,337900000624359
10,469800000078976
10,74129999987781
10,570299999788404
10,734199999831617
11,413100000470877
10,647099999710917
11,03179999999702
13,083999999798834
13,098100000061095
11,349899999797344
11,060200000181794
11,781999999657273
10,368999999947846
10,781199999153614
10,82160000037402
13,330599999986589
10,993700000457466
10,744900000281632
11,836300000548363
12,332700000144541
12,413200000301003
13,09070000052452
10,722699999809265
11,686299999244511
12,176900000311434
10,894399999640882
11,111399999819696
11,080000000074506
11,026399999856949
11,135700000450015
10,976300000213087
10,629999999888241
10,48490000050515
14,13260000012815
14,37250000052154
13,157800000160933
12,472299999557436
11,62580000050366
11,037700000219047
11,033300000242889
10,787299999967217
12,35990000050515
12,45449999999255
12,47759999986738
11,404400000348687
12,325300000607967
11,661199999973178
12,315399999730289
12,853200000710785
11,582200000062585
10,8656000001356
11,048499999567866
10,849999999627471
10,991899999789894
12,279799999669194
10,885200000368059
11,032500000670552
10,471599999815226
12,075899999588728
11,428700000047684
11,212500000372529
11,01270000077784
11,22109999973327
11,144900000654161
10,971800000406802
11,057099999859929
11,457499999552965
11,247200000099838
11,297799999825656
11,119099999777973
11,104199999943376
11,106800000183284
11,443400000222027
11,16509999986738
10,834300000220537
11,005300000309944
11,227400000207126
11,10910000000149
11,091500000096858
11,071500000543892
11,148299999535084
12,394300000742078
13,104700000025332
12,479900000616908
13,097699999809265
11,618800000287592
11,340500000864267
11,067200000397861
12,63329999987036
11,257799999788404
11,07329999934882
11,077499999664724
12,107400000095367
11,06140000000596
11,29879999998957
10,938900000415742
10,74489999935031
12,197900000028312
12,847900000400841
13,322399999946356
11,15789999999106
10,89049999974668
11,020999999716878
10,952600000426173
11,012400000356138
12,029099999926984
13,360999999567866
14,385300000198185
11,485700000077486
11,245799999684095
11,437300000339746
10,941399999894202
10,709800000302494
11,043099999427795
10,995199999772012
12,958999999798834
11,528199999593198
12,293999999761581
18,6382999997586
12,746900000609457
13,809399999678135
11,63870000001043
10,756599999964237
11,212599999271333
10,856800000183284
14,1003999998793
11,464899999089539
14,232499999925494
13,260699999518692
11,221499999985099
11,553999999538064
11,430800000205636
10,776999999769032
11,462000000290573
10,77350000012666
11,168700000271201
13,225300000049174
13,957799999974668
12,538099999539554
10,86820000037551
10,77820000052452
11,492600000463426
11,678600000217557
10,664099999703467
10,876999999396503
11,688400000333786
11,895499999634922
11,211899999529123
10,860699999146163
10,934500000439584
11,10149999987334
11,107099999673665
11,268299999646842
11,635900000110269
13,199400000274181
12,046900000423193
10,808100000023842
11,182699999772012
10,916399999521673
12,926900000311434
11,75109999999404
12,014299999922514
13,32620000001043
13,530900000594556
11,567499999888241
18,625
13,12459999974817
11,951299999840558
11,91330000013113
12,10800000000745
11,604500000365078
12,190899999812245
15,815900000743568
12,544000000692904
10,954900000244379
10,845200000330806
12,46279999986291
11,225599999539554
10,93929999973625
10,800000000745058
10,848199999891222
11,90320000052452
11,914800000377
12,879499999806285
12,730500000528991
10,898100000806153
10,33809999935329
10,510599999688566
9,776700000278652
11,523299999535084
11,221300000324845
11,079400000162423
10,357699999585748
10,604500000365078
10,979199999943376
10,527700000442564
10,43129999935627
10,649100000038743
11,408499999903142
10,75650000013411
10,59279999975115
11,228600000031292
11,100899999961257
10,601999999955297
10,682199999690056
10,336399999447167
10,7441999996081
11,043899999931455
10,491600000299513
10,585600000806153
10,906900000758469
11,042600000277162
11,606399999931455
10,893500000238419
10,910199999809265
10,707600000314415
11,206200000829995
10,862499999813735
11,113200000487268
10,669600000604987
10,376999999396503
11,577200000174344
11,10190000012517
11,322699999436736
11,740299999713898
10,754700000397861
10,877299999818206
10,928000000305474
11,847700000740588
11,559799999929965
11,17890000063926
11,132000000216067
11,017600000835955
10,946999999694526
11,605099999345839
13,893099999986589
11,301099999807775
11,33779999986291
11,546000000089407
12,084999999962747
11,210699999704957
11,926099999807775
11,384500000625849
11,442099999636412
11,337199999950826
10,974899999797344
11,103900000452995
11,66980000026524
12,858199999667704
14,283299999311566
11,514200000092387
12,636699999682605
11,002799999900162
10,603500000201166
10,914300000295043
10,704699999652803
10,7406000001356
11,05390000063926
11,052500000223517
11,260999999940395
12,529099999926984
10,9527000002563
10,791100000031292
10,673000000417233
10,678899999707937
11,014899999834597
11,524100000038743
10,63950000051409
10,946299999952316
11,042999999597669
11,028300000354648
12,443199999630451
11,404099999926984
10,927799999713898
10,651899999938905
10,82949999999255
10,794600000604987
10,910000000149012
11,275099999271333
10,790999999269843
11,31940000038594
10,95259999949485
10,991799999959767
11,155599999241531
10,73380000051111
10,666000000201166
10,683799999766052
10,784799999557436
11,008099999278784
11,076799999922514
12,018600000068545
11,10259999986738
12,273000000044703
11,59400000050664
12,313400000333786
11,418200000189245
12,544200000353158
12,247299999929965
12,113599999807775
14,216300000436604
14,240999999456108
12,601100000552833
12,588000000454485
12,142199999652803
12,358799999579787
12,17050000000745
11,542700000107288
11,498699999414384
13,067300000227988
11,620600000023842
12,945600000210106
12,554100000299513
12,357199999503791
12,064400000497699
12,309200000017881
11,761700000613928
11,647200000472367
12,51699999999255
11,044900000095367
12,138600000180304
11,981300000101328
11,917399999685585
12,9222999997437
11,845700000412762
12,590499999932945
13,42670000065118
12,419099999591708
11,919199999421835
12,455799999646842
11,749099999666214
13,385800000280142
11,381800000555813
11,937699999660254
10,74970000050962
11,469099999405444
11,085200000554323
11,183199999853969
10,957999999634922
11,059100000187755
12,091399999335408
10,558699999935925
10,800999999977648
10,727500000037253
12,381399999372661
11,715400000102818
12,451100000180304
11,666799999773502
11,165200000628829
11,367499999701977
13,445999999530613
11,153700000606477
10,709799999371171
10,51670000050217
11,613099999725819
11,215300000272691
10,348499999381602
11,025900000706315
11,967700000852346
11,649200000800192
12,540000000037253
12,496299999766052
12,125700000673532
10,613800000399351
9,908100000582635
11,433100000023842
10,793399999849498
10,971599999815226
10,900899999774992
11,378700000233948
11,978799999691546
12,326099999248981
11,42989999987185
10,602800000458956
11,049100000411272
10,768500000238419
10,946100000292063
11,25650000013411
11,396399999968708
10,710500000044703
11,868400000035763
10,472099999897182
10,81140000000596
10,21900000050664
10,570099999196827
10,717300000600517
10,785399999469519
11,076700000092387
11,355899999849498
10,938299999572337
10,842000000178814
11,043800000101328
10,783099999651313
10,921099999919534
10,96860000025481
11,230600000359118
11,112999999895692
10,879799999296665
10,71710000000894
11,550099999643862
10,735000000335276
11,416299999691546
11,420400000177324
10,761900000274181
10,70310000050813
10,682199999690056
10,86670000012964
12,713399999774992
11,390800000168383
11,144399999640882
11,31209999974817
11,141799999400973
10,82700000051409
10,614699999801815
11,497400000691414
13,629100000485778
13,134300000034273
11,510299999266863
11,113499999977648
10,820600000210106
10,74959999974817
10,462499999441206
11,645800000056624
11,26509999949485
10,885100000537932
11,335699999704957
10,694500000216067
10,732499999925494
11,03429999947548
10,54550000000745
10,985700000077486
10,834599999710917
11,423000000417233
10,69829999934882
10,702899999916553
11,064100000075996
18,660600000061095
14,472099999897182
11,86710000038147
10,876600000075996
11,312699999660254
10,370700000785291
9,992199999280274
10,536600000225008
10,82010000012815
10,373099999502301
11,186599999666214
10,216500000096858
10,169400000013411
11,336500000208616
12,029699999839067
10,387000000104308
10,425100000575185
10,35880000051111
11,063799999654293
10,986900000832975
11,13340000063181
10,643200000748038
12,23589999973774
11,552500000223517
11,242899999953806
11,264000000432134
10,993699999526143
10,929299999959767
10,921799999661744
10,66440000012517
10,770900000818074
10,975499999709427
11,180100000463426
10,998300000093877
10,957399999722838
10,387900000438094
10,87540000025183
10,834599999710917
10,737699999473989
11,271499999798834
10,654000000096858
10,481399999931455
11,140100000426173
11,159199999645352
10,513000000268221
10,909900000318885
12,377899999730289
10,86589999962598
11,222900000400841
10,880900000222027
10,799899999983609
10,651200000196695
11,132999999448657
12,357500000856817
11,127899999730289
11,387099999934435
10,908800000324845
10,82759999949485
10,49280000012368
10,907000000588596
12,793700000271201
10,916799999773502
10,58600000012666
11,407599999569356
10,932800000533462
10,455300000496209
10,942400000058115
11,44579999987036
12,08640000037849
10,736999999731779
10,67740000039339
10,861700000241399
10,921799999661744
10,829600000753999
10,620099999941885
10,388000000268221
10,634300000034273
11,0945999994874
11,016600000672042
11,127500000409782
11,248999999836087
10,723699999973178
