215.9643999999389
111.18740000016987
134.26159999985248
195.03019999992102
212.94159999955446
203.5890000006184
229.77489999961108
201.04139999952167
187.86800000071526
224.4433000003919
206.81589999981225
220.8743000002578
223.4346000002697
132.6694000000134
263.030700000003
231.333599999547
213.95969999954104
223.46830000076443
196.0802999995649
214.59989999979734
236.46150000020862
201.69579999987036
217.9465999994427
103.47489999979734
212.1081999996677
199.81680000014603
192.51730000041425
100.88879999984056
190.57929999940097
186.19450000021607
