145.5311999991536
124.36020000092685
115.336799999699
162.5980000011623
116.69690000079572
123.71880000084639
119.07300000078976
119.23230000026524
210.7069000005722
115.63060000166297
117.50999999977648
120.81140000000596
114.57569999992847
119.09979999996722
111.91929999925196
122.21490000002086
117.09129999950528
116.27119999937713
116.04009999893606
111.0262000001967
116.40130000002682
114.22680000029504
112.14139999821782
118.67109999991953
116.50300000049174
116.69210000149906
119.98240000009537
121.34149999916553
114.10490000061691
150.48279999941587
