36.44249999988824
37.84190000034869
36.94430000055581
42.760000000707805
40.991499999538064
35.762799999676645
36.48730000015348
39.05879999976605
41.02900000009686
36.18999999947846
36.58189999964088
37.28900000080466
36.05900000035763
36.11380000039935
35.483899999409914
40.10259999986738
35.20490000024438
36.19319999963045
37.14080000016838
36.183699999935925
43.18159999977797
38.71169999986887
37.581100000068545
37.67489999998361
37.14060000050813
43.26609999965876
36.80900000035763
36.267799999564886
36.87349999975413
41.786700000055134
41.06500000040978
37.26200000010431
39.41079999972135
39.61730000004172
37.41960000060499
37.30460000038147
43.49739999976009
34.9413999998942
38.59959999937564
40.50400000065565
36.415599999949336
37.911000000312924
36.272699999623
36.24319999944419
36.814799999818206
38.93999999947846
37.28370000049472
36.81149999983609
43.73600000049919
42.76119999960065
41.99209999945015
36.36320000048727
36.05810000002384
36.74320000037551
35.55549999978393
36.70260000042617
37.553299999795854
36.001600000075996
41.213999999687076
35.54150000028312
39.41189999971539
35.38960000034422
40.93829999957234
37.72140000015497
41.433800000697374
36.58590000029653
40.39039999991655
40.197100000455976
37.06390000041574
37.66899999976158
43.68279999960214
35.66619999986142
36.745500000193715
37.043899999931455
36.882100000046194
37.36309999972582
35.63879999984056
36.01619999948889
36.76869999989867
35.727300000377
41.43730000033975
35.31469999998808
37.123399999924004
44.32849999982864
37.95479999948293
41.51300000026822
38.57499999925494
37.29209999926388
36.69180000014603
37.15139999985695
41.63219999987632
42.5722000002861
36.00069999974221
36.14540000073612
36.204599999822676
40.06510000023991
39.02110000047833
36.76409999933094
36.56900000013411
48.82019999995828
39.577499999664724
38.42059999983758
36.50219999998808
38.016800000332296
36.26960000023246
38.049999999813735
36.82620000001043
37.77509999927133
41.02989999949932
36.47129999939352
37.3144999993965
38.97569999936968
41.49890000000596
36.70669999998063
47.300400000065565
36.55499999970198
41.19359999988228
34.75999999977648
38.70890000090003
39.50249999947846
38.8445999994874
37.22580000013113
37.142100000754
37.98439999949187
36.575699999928474
36.04989999998361
38.46349999960512
37.91720000002533
36.26909999921918
34.810600000433624
38.621600000187755
36.552499999292195
36.68580000009388
40.877299999818206
40.188800000585616
41.27820000052452
38.288799999281764
43.43790000025183
