40.33250000001863
36.01480000000447
34.42280000029132
37.181600000243634
36.529099999926984
47.893600000068545
38.42059999983758
38.972700000274926
37.87539999978617
43.30769999977201
41.62490000016987
36.620099999941885
36.683000000193715
40.49390000011772
37.436999999918044
39.01079999981448
38.722000000067055
36.199599999934435
35.75799999991432
37.30530000012368
35.8503999998793
37.399000000208616
37.7245999998413
35.624199999962
41.32730000000447
40.94400000013411
37.44149999972433
37.273300000466406
37.30709999985993
37.39490000065416
39.69650000054389
36.71209999918938
37.37969999946654
36.12790000066161
41.364000000059605
37.76310000009835
39.107899999246
39.34219999983907
39.73550000041723
39.29910000041127
35.928999999538064
35.94799999985844
46.61380000039935
39.28260000050068
35.79730000067502
41.73439999949187
39.96069999970496
35.62390000000596
