2.9387849997729063
1.9227350000292063
0.6161159994080663
1.3201270001009107
2.099708999507129
2.12627200037241
2.0827790005132556
3.3310070000588894
1.9266240000724792
1.9604850001633167
1.9653660003095865
1.9473299998790026
1.9411059999838471
1.674354000017047
1.9350560000166297
1.718295999802649
1.6601769998669624
1.8831250006332994
1.8863929994404316
1.6305380007252097
1.902164999395609
0.5933739999309182
1.8239749995991588
1.8676249999552965
1.900500999763608
1.8338119992986321
3.126920999959111
1.9306560000404716
1.9429339999333024
1.8986669993028045
1.8296730006113648
1.935367999598384
1.8214440001174808
1.8245379999279976
1.8435319997370243
1.8284030007198453
1.1516540003940463
1.82649099919945
1.8134190002456307
1.8198340004310012
1.8710970003157854
1.8497789995744824
1.8479450000450015
1.8212050003930926
1.8303579995408654
1.812148000113666
1.8775840001180768
3.319166999310255
1.6721400003880262
1.874193999916315
1.8241159999743104
1.8419300001114607
1.8585060006007552
1.9336540000513196
1.823904000222683
5.075872999615967
1.771449999883771
1.7686499999836087
1.6908310009166598
1.7902830000966787
1.7724000001326203
1.7621510000899434
1.7763539999723434
1.758971999399364
2.6051989998668432
1.7246220000088215
1.7295110002160072
1.7318130005151033
1.5687410002574325
1.5542339999228716
1.7624890003353357
1.8070410005748272
3.1509060002863407
1.7954500000923872
1.7766579994931817
1.5020909998565912
1.7564139999449253
1.7485869992524385
1.7178489994257689
1.7302039992064238
0.9919530004262924
1.7598199993371964
0.7099419999867678
1.7758229998871684
1.330175000242889
1.7175449999049306
1.7826620005071163
1.7118650004267693
1.720133999362588
1.7663439996540546
3.0827820003032684
1.7330740001052618
1.685886999592185
3.139495000243187
1.5065709995105863
1.7362810000777245
1.6920509999617934
1.7679090006276965
2.8858049996197224
1.7597159994766116
1.7135749999433756
1.6671520005911589
1.698722000233829
1.6702450001612306
1.677618999965489
1.7184770004823804
1.8258870001882315
1.7289549997076392
1.6653909999877214
1.6588449999690056
1.6752669997513294
1.726447000168264
1.7265909994021058
1.722575000487268
1.2292879996821284
0.7766789998859167
1.6930919997394085
1.675437000580132
1.7143029998987913
2.9774500001221895
1.7146530002355576
1.6576150003820658
1.7054570000618696
1.7419889997690916
1.712253000587225
1.676087999716401
1.5028720004484057
1.6600160002708435
1.676184999756515
1.688409000635147
1.7205649996176362
1.7074449993669987
1.7065189993008971
2.046244000084698
1.6932589998468757
1.6784029994159937
1.6537530003115535
1.7229189993813634
1.722899000160396
1.72216899972409
1.6551470002159476
1.7071730000898242
1.6648010006174445
1.6349769998341799
1.6471210001036525
1.6673309998586774
1.7608500001952052
0.45118500012904406
1.7150519993156195
1.688060000538826
1.6725100008770823
1.6589580001309514
1.6549770003184676
1.6867800001055002
3.237894999794662
0.5307559994980693
1.7237910004332662
1.6947550000622869
1.682880999520421
2.0189650002866983
1.7142349993810058
1.6533019999042153
1.7089869994670153
1.6652220003306866
1.6594460001215339
1.6446199994534254
1.6303949998691678
2.6463150000199676
1.696697000414133
1.5125260008499026
1.675236999988556
3.286594000644982
1.6573219997808337
1.61899199988693
1.6884870007634163
1.6703260000795126
2.2951349997892976
1.7097289999946952
1.640812000259757
1.7082459991797805
1.6603119997307658
1.662169000133872
1.6682970002293587
1.2134730005636811
1.6702760001644492
1.677790000103414
1.6649219999089837
1.7115179998800159
2.434621000662446
1.6709590004757047
1.6484769992530346
1.714341999962926
1.6968640005216002
4.159071000292897
3.418761999346316
1.6360200000926852
1.6706769997254014
1.6477510007098317
3.1084359996020794
1.6586349997669458
1.6256579998880625
1.6528860004618764
1.6470590000972152
1.6103750001639128
1.650688000023365
1.614666000008583
1.629372000694275
1.616253999993205
1.6907959999516606
3.865554000250995
3.044569999910891
0.8768570004031062
1.618045000359416
2.4815279999747872
3.5095459995791316
2.162332999520004
1.6175239998847246
1.6371440002694726
1.5742040006443858
1.6127199996262789
1.662967000156641
1.6072060000151396
1.6341820005327463
1.6017089998349547
1.602951000444591
1.6194749996066093
1.5911339996382594
1.6094049997627735
1.61655000038445
1.6282209996134043
1.6196779999881983
1.6414509993046522
1.6576649993658066
1.6093319999054074
1.611994999460876
1.6139729991555214
1.6000029994174838
1.6211839998140931
1.6184009993448853
1.6585659999400377
2.7728949999436736
1.6035730000585318
1.646459000185132
1.652432999573648
1.6763590006157756
2.9525800002738833
2.1086490005254745
1.6977770002558827
0.45521000027656555
1.6490630004554987
1.6762319998815656
1.6729100001975894
1.6475809998810291
0.7311789998784661
1.6636159997433424
1.665361000224948
1.63767399918288
1.6230130000039935
2.981209000572562
1.6515399999916553
1.638677000068128
1.6585849998518825
1.6445000004023314
3.058283000253141
1.6674730004742742
1.8191380007192492
1.647427000105381
1.6514040008187294
3.1489800000563264
1.295010999776423
1.6725099999457598
1.5616620006039739
1.6974720004945993
1.9914979999884963
1.6597939999774098
1.6555059999227524
1.6450000004842877
1.652522999793291
1.6680180002003908
1.665022000670433
2.808861999772489
1.5296559995040298
1.6627079993486404
1.6938159996643662
1.6376369995996356
2.7239140002056956
1.6707509998232126
1.6584059996530414
1.691359999589622
1.6571559999138117
2.987607999704778
1.684705000370741
1.643300000578165
1.5796229997649789
1.6827649995684624
1.655031000263989
1.6870349999517202
1.7007160000503063
1.606372999958694
1.6292310003191233
1.6456019999459386
1.68705500010401
1.7246460001915693
1.656775999814272
1.6435770001262426
1.6226749997586012
1.6354389991611242
1.6274000005796552
2.4656189996749163
1.68183199968189
1.720316999591887
1.6809069998562336
1.6306410003453493
3.2191079994663596
1.6059540007263422
1.5944739999249578
1.6915980000048876
1.633572000078857
2.868411999195814
1.6411079997196794
1.6160469995811582
1.625789999961853
1.6052469993010163
3.0345729999244213
1.628604999743402
1.5917139993980527
1.6531910002231598
1.6326070008799434
3.622334999963641
1.6472260002046824
1.6069879997521639
1.655345999635756
1.6564459996297956
3.011744000017643
1.607069999910891
0.4153260001912713
1.62149600032717
1.6289550000801682
1.6963080000132322
1.6663440000265837
1.60984200052917
1.6487109996378422
1.61839700024575
1.6232080003246665
1.6706719994544983
1.6454650005325675
1.6576720001176
1.6158560002222657
1.6022530002519488
2.8686629999428988
1.613488000817597
1.6647720001637936
1.664304000325501
1.5833679996430874
2.9249390000477433
1.610177000053227
1.6208760002627969
1.6990200001746416
1.628898000344634
2.3321299999952316
1.6955740004777908
1.6273639993742108
1.6810399992391467
1.6431109998375177
1.5950360000133514
1.6636819997802377
1.6029810002073646
1.6095739994198084
1.625713000074029
0.9900879999622703
1.642289999872446
1.6277240002527833
1.6246159998700023
1.6111759999766946
1.6202460005879402
1.590242000296712
2.867387999780476
1.5498350001871586
2.8399059996008873
1.5986359994858503
1.6344010001048446
1.5858979998156428
1.5874260002747178
1.5926219997927547
1.559574999846518
1.6456720000132918
1.572037000209093
1.6097679995000362
1.6198599999770522
1.567339999601245
1.5732319997623563
1.5855520004406571
2.3040869999676943
1.6167249996215105
1.5842840000987053
1.6352350004017353
1.618834000080824
2.8976419996470213
1.602068000473082
1.6307380003854632
1.5554820001125336
1.5962629998102784
1.6206550002098083
1.6165270004421473
1.5747620007023215
1.619492999278009
1.5763109996914864
1.6050249999389052
1.5735719995573163
2.1709369998425245
3.423473999835551
1.5833090003579855
1.5690230000764132
1.5535930003970861
1.560827000066638
1.5843890001997352
1.545219000428915
0.4795969994738698
1.5994979999959469
1.612300000153482
1.5478860000148416
2.633246999233961
1.5593900000676513
1.6041919998824596
1.5580979995429516
1.554632999934256
2.8329400001093745
1.6127829998731613
2.4073439994826913
1.55398799944669
1.5508179999887943
2.7793880002573133
1.5850149998441339
1.5865650000050664
1.5554190007969737
0.5530179999768734
0.5484490003436804
0.4476220002397895
1.4638109998777509
0.4849069993942976
0.478082999587059
1.4109100000932813
1.428867000155151
0.508453999646008
1.431691000238061
1.4610470002517104
1.4176890002563596
1.595011000521481
1.566861999221146
1.480306999757886
1.5440100003033876
1.5863180002197623
1.6662560002878308
2.9771609995514154
1.6617909995839
1.5788019997999072
1.5510409995913506
1.5536049995571375
1.647235999815166
1.5426080003380775
1.5805660001933575
1.591745000332594
1.5560779999941587
1.5622560000047088
1.567892000079155
1.5774400001391768
1.5737740006297827
1.5816869996488094
1.5701179997995496
1.559354000724852
1.5648360000923276
1.5606000004336238
1.5986460000276566
1.600105999968946
1.5311150001361966
1.561420999467373
1.5413830000907183
3.003308999352157
1.6219989992678165
1.569081999361515
1.5506610004231334
1.5794280003756285
1.5745459999889135
1.559787000529468
1.5698609994724393
1.605928000062704
1.575645999982953
1.5914480006322265
1.3483330002054572
1.5734569998458028
1.587181999348104
1.5566139994189143
1.5528589999303222
3.567982000298798
1.5718900002539158
1.010058999992907
1.5861729998141527
1.5624010004103184
1.5787709997966886
1.5780969997867942
1.5562990000471473
1.5236789993941784
1.5790649997070432
0.44822899997234344
1.5348330000415444
1.5447659995406866
1.5706770000979304
1.5734090004116297
1.5567969996482134
1.612177999690175
3.341474000364542
1.5689359996467829
1.5657449997961521
1.5408949991688132
1.5350360004231334
0.6271150000393391
1.5379729997366667
1.5266030002385378
1.5504039991647005
1.6247800001874566
1.5830819997936487
1.5290210004895926
1.5153479995205998
1.5323189999908209
1.5263710003346205
1.5205679992213845
1.5370209999382496
1.5382530000060797
1.5273289997130632
1.5361670004203916
2.9574539996683598
1.533917000517249
1.5284719998016953
1.5299469996243715
1.5257839998230338
1.5648480001837015
1.5598799996078014
1.6022609993815422
1.53677099943161
1.576434999704361
1.601006000302732
1.5984579995274544
1.5563540002331138
1.5292770005762577
1.5276549998670816
1.5364089999347925
1.5380719993263483
1.5027829995378852
1.5750890001654625
1.5372080001980066
1.5486960001289845
1.5455149998888373
2.9057050002738833
1.5597930001094937
1.570168999955058
1.5468850005418062
1.5301409997045994
1.533636000007391
1.5491309994831681
1.5429159998893738
1.5956929996609688
1.5966870002448559
1.5354730002582073
1.5173309994861484
1.6103039998561144
1.5780210001394153
1.5389820002019405
1.556677999906242
1.550033999606967
2.712390000000596
1.5731690004467964
1.5369550008326769
1.597261999733746
1.5951059991493821
2.9761210000142455
1.5410130005329847
1.569144000299275
1.5900169992819428
1.5207520006224513
1.445218000560999
1.521891999989748
1.5200339993461967
1.5515970000997186
1.5883340006694198
1.5685740001499653
1.512012000195682
1.5177079997956753
1.2987850001081824
1.516129999421537
2.9337880006060004
1.569878000766039
1.52163300011307
1.5220299996435642
1.5053570000454783
3.073969000019133
1.5561200007796288
1.5451119998469949
2.767113999463618
1.6936539998278022
2.8030920000746846
1.6824280004948378
1.7235110001638532
1.6743989996612072
1.7020560000091791
1.6633820002898574
1.669735999777913
0.5857680002227426
1.6967989997938275
1.7163490001112223
1.6432900000363588
1.6994529999792576
1.6471069995313883
2.4864089991897345
1.66873300075531
1.6441390002146363
1.6457010004669428
1.7833729991689324
1.6551500000059605
1.6683000000193715
1.6903050001710653
1.6431990005075932
1.6568149998784065
1.697120999917388
1.6745760003104806
1.6890059998258948
1.6670709997415543
1.646301000379026
1.752224000170827
0.5228019999340177
1.6942159999161959
1.6550630005076528
1.6681079994887114
1.6595339998602867
1.6367410002276301
1.5283960001543164
1.6517009995877743
1.6404690006747842
1.6361840004101396
1.671013000421226
1.7055129995569587
1.659862999804318
1.6917629996314645
4.349751000292599
1.6038920003920794
1.6930840006098151
1.6447600005194545
1.6417570002377033
1.616623000241816
1.6253920001909137
1.6681659994646907
1.6554340003058314
2.7846070006489754
1.5993920005857944
1.6335149994120002
1.596748000010848
1.649024000391364
1.6367180002853274
1.6220469996333122
1.6257670000195503
1.6189659992232919
1.6565549997612834
0.6043650005012751
1.6641290001571178
1.6320470003411174
1.63117800001055
1.6459270007908344
0.8337550004944205
5.119217999279499
1.5392140001058578
1.5625900002196431
1.6017310004681349
1.5928530003875494
1.545375999994576
1.62816399987787
1.6398010002449155
1.624804999679327
1.5393799999728799
1.5886660004034638
1.571246000006795
1.5530070001259446
1.560127000324428
1.5925489999353886
0.4509679991751909
1.5916860001161695
1.5439320001751184
1.5663230000063777
1.6192290000617504
1.598598999902606
1.646623999811709
1.6111170006915927
2.961436999961734
1.56143799982965
1.6842609997838736
1.574902999214828
1.547511000186205
2.146948999725282
1.598790000192821
1.552432999946177
1.6068820003420115
1.5681889997795224
1.5658600004389882
1.5606469996273518
1.5481580002233386
1.5771119995042682
1.5763769997283816
1.5921269999817014
1.618466000072658
1.5597600005567074
1.567688999697566
1.5876330006867647
1.5360070001333952
1.5249420003965497
1.5711230002343655
1.5878250002861023
1.6016489993780851
3.0228709997609258
1.5767419999465346
1.581678000278771
1.5843690000474453
1.5534479999914765
1.5818710001185536
1.7096739998087287
1.5301270000636578
1.5544900000095367
1.581432999111712
1.5751240001991391
3.8373790001496673
1.5701360004022717
1.5129109993577003
1.543525000102818
1.579556000418961
1.5491669997572899
3.0289709996432066
1.5332519998773932
1.5145450001582503
1.5605049999430776
0.7990669999271631
2.885460000485182
1.5241049993783236
1.531601999886334
1.5175829995423555
1.5046290000900626
1.5703330002725124
3.358152000233531
1.7735700001940131
1.5284900004044175
1.5087319994345307
1.5113189993426204
1.5084159998223186
0.6159419994801283
1.5030050007626414
1.5148510001599789
1.6656750002875924
1.5412060003727674
1.516695000231266
1.559938999824226
1.5291259996592999
2.64308699965477
1.5739320004358888
1.5420999992638826
1.534048999659717
1.5259729996323586
1.5498390002176166
1.528052999638021
1.5310399997979403
1.522996999323368
1.5140610001981258
1.5573580004274845
1.5218900004401803
1.5364840002730489
1.5672769993543625
1.5492200003936887
2.814966999925673
1.5434240000322461
1.5256989998742938
1.547763000242412
1.5037259999662638
2.8731949999928474
1.5183550007641315
1.5295589994639158
1.5451349997892976
1.5436060000211
1.5552579993382096
1.472261999733746
1.5477149998769164
1.5741410003975034
1.554658000357449
1.521034000441432
1.5395480003207922
1.5147409997880459
1.5067710001021624
1.5423760004341602
3.270483000203967
1.5041159996762872
1.5135679999366403
1.5140479998663068
1.5657339999452233
1.8047369997948408
1.532922999933362
1.5387930003926158
1.5604890007525682
1.5501609994098544
1.5135200005024672
1.5076580001041293
1.5366350002586842
0.7348879994824529
0.6366140004247427
1.550921999849379
1.5707720005884767
1.5132150007411838
1.5267690001055598
0.9144750004634261
1.5251129996031523
1.5415869997814298
0.824974000453949
0.7841929998248816
1.5163569999858737
1.541846999898553
1.5168869998306036
1.5189979998394847
1.5544290002435446
1.53116500005126
1.5227520000189543
1.5595419993624091
1.5067149996757507
1.5637940000742674
3.634553000330925
1.5215620007365942
2.8695000000298023
1.1416130000725389
0.8123490000143647
1.5117899999022484
1.5118880001828074
1.5168660003691912
1.5190059999004006
1.5225640004500747
1.5284079993143678
3.3526719994843006
1.47970400005579
1.479755999520421
1.4861749997362494
1.2163500003516674
1.5275159999728203
0.6478249998763204
1.48363299947232
1.5110539998859167
1.5194140002131462
1.4679789999499917
2.8909520003944635
1.481471000239253
1.4873959999531507
1.411221000365913
1.4742080001160502
1.4846310000866652
1.5235890001058578
1.4771790001541376
1.480527000501752
1.491367000155151
1.4977700002491474
1.4888159995898604
1.5380969997495413
1.0092739993706346
1.52781100012362
1.5630970001220703
1.5407170001417398
1.4792099995538592
1.4929369995370507
1.4769289996474981
2.574594000354409
3.229441000148654
1.548909000121057
1.46187200024724
1.4698540000244975
1.4564319998025894
1.4682550001889467
1.7112149996683002
4.575813999399543
0.8151170006021857
1.4582600006833673
1.4809699999168515
1.4333450002595782
1.4458749992772937
1.4628720004111528
2.7676839996129274
1.472470000386238
1.4449640000239015
1.4533089995384216
1.4467319995164871
2.831503000110388
1.466410000808537
1.4642850002273917
1.453498000279069
1.549604999832809
1.4935320001095533
1.4473199993371964
1.499851000495255
1.4589970000088215
1.4883129997178912
1.458441000431776
1.4585389997810125
1.437122999690473
4.316097000613809
1.4303879998624325
1.479653999209404
1.4638570006936789
1.4376360001042485
1.4267690004780889
1.4488979997113347
1.4607429997995496
1.4778479998931289
1.4323780005797744
1.4291149992495775
1.4578260006383061
1.4739329991862178
1.4068450005725026
1.4449920002371073
0.41835600044578314
1.464975000359118
1.444914000108838
1.426117000170052
1.3898109998553991
2.9680789997801185
1.4236980006098747
1.477663000114262
1.4278300004079938
1.4417429994791746
1.4092080006375909
1.4750159997493029
0.4243850000202656
1.4287099996581674
1.4396500000730157
1.5054259998723865
1.462836000137031
1.485771999694407
1.4751319997012615
1.4262680001556873
1.4398240000009537
1.4759799996390939
1.473249999806285
2.77573199942708
1.4962070006877184
1.4215839998796582
3.454648000188172
1.4209480006247759
1.4372939998283982
1.430970000103116
1.4134529996663332
1.4836200000718236
1.4519520001485944
1.44858100079
1.4680679999291897
1.4538120003417134
1.4697890002280474
1.481152000837028
1.4511969992890954
1.4601969998329878
1.4291570000350475
2.6797690000385046
1.4279610002413392
1.4543629996478558
1.4990739999338984
1.4489070000126958
1.4410040006041527
1.4241889994591475
1.415145999751985
1.4312399998307228
1.4136899998411536
1.1557379998266697
1.4424780001863837
1.4353379998356104
1.4982160003855824
1.4418249996379018
1.4989329995587468
1.4116749996319413
1.4229920003563166
1.4352660002186894
1.445704000070691
1.43484599981457
1.4494209997355938
1.461250999942422
1.4656599992886186
1.3881259998306632
1.4315790003165603
1.4962280001491308
1.449018000625074
1.4124179994687438
2.161526999436319
1.4061679998412728
1.4829889992251992
1.4166469993069768
1.4467759998515248
1.4224359998479486
1.4390349993482232
1.442845000885427
1.4270109999924898
1.4251769995316863
1.4859699998050928
1.4390430003404617
1.4327070005238056
1.45875099953264
1.4937300002202392
1.414202000014484
2.366515999659896
4.1292970003560185
2.952072000131011
1.4913440002128482
1.4738050000742078
1.4292049994692206
1.8288350002840161
1.3950039995834231
1.4021509997546673
1.4015959994867444
1.383632999844849
1.3993199998512864
1.4133120002225041
1.460661000572145
1.4065319998189807
1.3810280002653599
1.3877800004556775
1.397350000217557
1.429034000262618
2.774214000441134
2.8170030005276203
1.4243990005925298
1.4493850003927946
1.3971480000764132
1.4308420000597835
1.4713650001212955
1.4633160000666976
1.4205440003424883
1.4827609993517399
1.4068550001829863
1.4464469999074936
1.3922270005568862
1.4294199999421835
1.3979070000350475
1.4730869997292757
1.4190589999780059
1.3868680000305176
1.4536340003833175
1.3878229996189475
1.4144120002165437
1.4086509998887777
1.406624000519514
1.441300000064075
1.400437000207603
1.3965579997748137
2.647598000243306
1.4138759998604655
1.391859999857843
1.3973949998617172
1.4961399994790554
1.430595999583602
1.4145940002053976
1.4152400000020862
1.3931020004674792
1.435108999721706
1.4052510000765324
1.390174999833107
1.405376000329852
1.4283609995618463
1.4190980000421405
1.4426530003547668
1.4287180006504059
1.3825120003893971
2.4047250002622604
1.41366000007838
1.4023070000112057
1.4156270008534193
1.4548269994556904
1.3789750002324581
1.4182040002197027
1.413900999352336
1.408424999564886
1.394522000104189
1.405397000722587
1.4296209998428822
1.4008949995040894
0.9344389997422695
1.4106949996203184
1.402165999636054
1.387427999638021
1.392119999974966
1.392803999595344
1.4031540006399155
1.3766080001369119
1.4653249997645617
1.4379899995401502
1.4113140003755689
1.4186399998143315
1.3850219994783401
1.3677289998158813
1.3890070002526045
1.4124599993228912
1.3794630002230406
0.47865100018680096
1.4354620007798076
1.4275820003822446
1.441100999712944
1.3871889999136329
1.3634810000658035
1.3797450000420213
1.4050639998167753
1.3813239997252822
1.355625000782311
1.392420000396669
1.389461999759078
1.409082000143826
2.635469999164343
3.391732999123633
1.400437000207603
1.3899590000510216
1.4518659999594092
1.4038070002570748
1.6017129998654127
3.8904100004583597
1.3843189999461174
1.3418560000136495
1.387818000279367
1.3595320004969835
1.3859059996902943
1.3878029994666576
1.433360000140965
1.4072479996830225
1.3567570000886917
1.346119999885559
2.553563999943435
1.363424999639392
1.397287999279797
1.369967999868095
1.3837580000981688
1.4150339998304844
1.4225270003080368
1.3751400001347065
1.375958999618888
0.5229349993169308
1.4203989999368787
1.388430000282824
1.4385819993913174
1.4039119994267821
1.3644919991493225
1.3706210004165769
0.8500749999657273
1.3671459993347526
1.3775019999593496
1.4011070001870394
1.3629299998283386
1.3472840003669262
1.3549779998138547
1.3672710005193949
1.3744249995797873
1.411000999622047
1.3584529999643564
1.3543659998103976
1.3785869991406798
1.3999439999461174
0.4668089998885989
1.3603579998016357
1.3770369999110699
1.3817389998584986
2.6372769996523857
1.3764450000599027
1.3846499994397163
1.4078799998387694
1.3724819999188185
1.3996780002489686
1.3697839993983507
1.3609770005568862
1.3716770000755787
1.404126999899745
1.360673999413848
1.3719459995627403
1.3787799999117851
1.3538020001724362
1.373921999707818
1.4156949995085597
1.372988000512123
1.359281999990344
2.7021440006792545
1.4051440004259348
1.351854999549687
1.4347839998081326
1.3841750007122755
1.4321940001100302
2.5590360006317496
1.5458889994770288
1.5529269995167851
1.5103059997782111
1.5037559997290373
1.5107310004532337
1.5240629995241761
1.522494999691844
1.5172969996929169
1.532935000024736
2.7548979995772243
1.5801220005378127
1.5581789994612336
1.5863400008529425
1.564075999893248
2.6321010002866387
0.5943269999697804
1.5594020001590252
1.5152629995718598
1.5588360000401735
1.5171579997986555
0.6296260003000498
1.526762000285089
1.531773000024259
1.5826409999281168
1.5404329998418689
1.513213999569416
1.5403770003467798
1.5726209999993443
1.5277909999713302
0.6286530001088977
2.9933230001479387
1.5345940003171563
1.5619059996679425
1.566010999493301
1.5465050004422665
1.5239529991522431
1.52876599971205
1.5782369999215007
1.5477210003882647
1.6029980005696416
1.5350529998540878
1.5757879996672273
1.5806970000267029
1.9345820005983114
1.542740000411868
1.5591320004314184
1.4982699993997812
0.5865009995177388
1.5902960002422333
1.5431960001587868
1.5710289999842644
1.5541650000959635
1.54437099955976
1.544998999685049
1.5112060001119971
1.555855999700725
1.5536919999867678
1.5336210001260042
2.7691599996760488
1.577866000123322
1.530829000286758
1.5514450008049607
1.513740999624133
1.5254409993067384
1.5961560001596808
1.547635999508202
1.5256679998710752
1.5922969998791814
1.6204159995540977
5.20949500054121
1.5120540000498295
1.463956999592483
1.5126759996637702
1.1421689996495843
1.4719650000333786
3.8418139992281795
1.4761250000447035
1.4746530000120401
2.4729039994999766
1.4521019998937845
1.4318699995055795
1.4479090003296733
1.4792020004242659
1.4909410001710057
1.4340419992804527
1.4480090001598
1.515375000424683
1.488609000109136
1.4395479997619987
1.4628649996593595
1.4919120008125901
1.521726000122726
1.4570089997723699
2.0461269998922944
1.4325029999017715
1.45161799993366
1.4113549999892712
1.4218739997595549
1.4265990005806088
1.4587869998067617
1.4430069997906685
2.9513210002332926
1.493405000306666
1.4516559997573495
1.4388399999588728
1.452844999730587
1.4400960002094507
1.438858000561595
1.4536610003560781
1.4780160002410412
1.489389999769628
1.4536009998992085
1.4479270000010729
1.4786970000714064
1.4440549993887544
1.4550219997763634
1.499499000608921
1.4466860005632043
1.4914620006456971
2.8330140002071857
1.4914810005575418
1.4661950003355742
1.452759999781847
1.4960310002788901
1.1973899994045496
1.4709040001034737
1.4623020002618432
1.443121999502182
1.4388810005038977
2.8930259998887777
1.4186320006847382
2.903791000135243
1.4187550004571676
1.4450310003012419
1.3907800000160933
1.412248999811709
1.4086969997733831
1.4512139996513724
1.4272560002282262
1.4187409998849034
1.4231089996173978
1.3908750005066395
1.443672999739647
1.4184159999713302
1.43418899923563
1.4449070002883673
2.7384999999776483
4.33090899977833
1.3813789999112487
1.3695930000394583
1.3974740002304316
1.3949819998815656
1.4260050002485514
1.3615380004048347
2.714790000580251
1.3836630005389452
1.4060699995607138
1.4093979997560382
1.4166139997541904
1.4653650000691414
1.4231340000405908
1.5029430007562041
2.788331000134349
1.388604000210762
1.3817819999530911
1.3736020000651479
1.3685060003772378
1.4245139993727207
1.3898329995572567
1.4161970000714064
1.4320799997076392
1.398449999280274
1.4172280002385378
1.4335810001939535
1.4102760003879666
1.42028299998492
1.3920990005135536
1.4252390004694462
1.3885220000520349
1.3906399998813868
1.3861260004341602
1.4007179997861385
1.4065330000594258
1.3846330000087619
1.3986450005322695
1.3779020002111793
1.3955990001559258
2.38279000017792
1.430794999934733
1.4106109999120235
1.3671300001442432
1.430184000171721
1.4265769999474287
4.289823000319302
1.6105880001559854
1.3939910000190139
1.4246500004082918
0.4809879995882511
1.4304959997534752
1.4540259996429086
1.3619969999417663
1.4070619996637106
1.4195550000295043
1.4275940004736185
1.36255900003016
2.416054000146687
1.3677219999954104
1.4049970004707575
3.215200999751687
1.4229749999940395
1.3778719995170832
1.413498000241816
1.3938349997624755
2.7929029995575547
1.2499770000576973
1.519679999910295
1.252820000052452
1.4181260000914335
1.4324839999899268
1.4518299996852875
1.3782550003379583
1.3810219997540116
1.4043680001050234
1.3805160000920296
1.380129000172019
1.3865900002419949
1.3909059995785356
1.4309080000966787
1.3782689999789
1.3769800001755357
1.1081809997558594
1.3833819990977645
1.371967999264598
1.411906000226736
1.359914000146091
1.3648180002346635
1.4061219999566674
1.4443429997190833
1.4171249996870756
2.0073070004582405
1.3698469996452332
1.3556220000609756
1.392378999851644
1.37219800055027
1.3639500001445413
1.428927999921143
1.3384899999946356
0.448080999776721
1.4033690001815557
1.3374040005728602
1.375586999580264
1.4003680003806949
1.343758000060916
0.5726549997925758
1.3467499995604157
1.3494620006531477
1.3541879998520017
1.4735420001670718
1.3661459991708398
1.3646759996190667
1.3276879992336035
1.3573230002075434
1.3705110000446439
1.3647679993882775
1.3729769997298717
2.3219130001962185
1.3329300004988909
1.337662000209093
1.3833610005676746
1.3437729999423027
2.7730460008606315
1.8815919999033213
1.3435979997739196
1.3410750003531575
1.331020999699831
1.3364280005916953
1.3807380003854632
1.343414000235498
2.5851780008524656
1.3141390001401305
1.3467049999162555
1.3491399995982647
1.3232610002160072
1.332964999601245
1.3125670002773404
1.32281699962914
1.3559839995577931
1.3161850003525615
1.329225999303162
1.3342580003663898
1.3778759995475411
1.4020800003781915
1.3222240004688501
1.3790300004184246
1.3122560000047088
1.4116390002891421
1.339019000530243
1.3514919998124242
1.3225680002942681
1.45550199970603
1.4554700003936887
1.3404169995337725
1.332693999633193
1.3674320001155138
1.334575000219047
1.3469120003283024
2.3442909996956587
1.3572259992361069
1.3128899997100234
1.3472340004518628
1.3567780004814267
1.3542479993775487
1.3504659999161959
1.3538790000602603
1.43870999943465
1.3174099996685982
1.3829659996554255
1.3463429994881153
1.3191430000588298
1.3455369994044304
1.3482399992644787
1.3169449996203184
2.4858759995549917
1.3777330005541444
1.349167000502348
1.3366510001942515
1.3505180003121495
1.3286609994247556
1.324684999883175
1.3310789996758103
1.4308629995211959
1.3825219999998808
1.3088149996474385
1.3088919995352626
1.314508999697864
1.321047999896109
1.346752000041306
1.327858000062406
1.3747789999470115
1.3664889996871352
1.2964880000799894
1.3181369993835688
1.322652000002563
1.3522560000419617
1.303503000177443
1.4247239995747805
1.3253399999812245
1.3393810000270605
1.321585999801755
1.3523650001734495
1.3184799998998642
1.3523960001766682
1.348589999601245
1.3185519995167851
1.3995709996670485
1.330009000375867
1.3079760000109673
2.27001899946481
1.3071440001949668
1.3314119996502995
1.3195979995653033
1.3340029995888472
1.3628599997609854
1.3104919996112585
1.3336040005087852
1.3182920003309846
1.3304559998214245
2.449452000670135
1.3308520000427961
1.3486489998176694
1.2869530003517866
1.3068369999527931
1.3307799994945526
1.3732349993661046
1.3416759995743632
1.34294299967587
1.3135389992967248
1.3129820004105568
1.3043339997529984
1.3115830002352595
1.3081310000270605
1.3712390000000596
1.3219190007075667
1.3976830001920462
1.349213999696076
1.3321420000866055
1.3290550000965595
1.3429849995300174
1.2875919993966818
1.3373919995501637
1.3311959998682141
1.3401340004056692
1.3743599997833371
1.3192219994962215
0.4438699996098876
1.350988999940455
1.3253250000998378
1.3165170000866055
1.3129980005323887
1.3111479999497533
1.3687279997393489
1.3687060000374913
1.3080609999597073
1.3218800006434321
1.3143700007349253
0.902424999512732
1.3556169997900724
1.3070809999480844
1.3427229998633265
2.4001009995117784
1.3192760003730655
1.3116270005702972
1.3550680000334978
1.3282239995896816
1.323090000078082
1.3679489996284246
1.3164929999038577
0.8395330002531409
1.3093659998849034
1.316095999442041
1.3335520001128316
1.3551479997113347
1.315764999948442
1.3349339999258518
1.308089000172913
2.534301000647247
1.319679000414908
1.366753000766039
1.3384500006213784
1.2830389998853207
1.3408019999042153
1.3142450004816055
1.3695629993453622
1.3437829995527864
1.3553659999743104
1.3266200004145503
1.334404000081122
1.3468260001391172
1.4436099994927645
1.2948160003870726
0.4552530003711581
2.707701999694109
1.318859999999404
1.3387080002576113
2.1792470002546906
1.562313999980688
1.3504709992557764
1.3202560003846884
1.3354450007900596
1.3003639997914433
1.3154670000076294
1.2863210001960397
1.3680520001798868
1.3582229996100068
1.3285639993846416
1.3039090000092983
1.2573950001969934
1.3794980002567172
1.3376339999958873
1.3364570001140237
1.3954119998961687
1.313819999806583
0.6294929999858141
1.3115429999306798
1.3772959997877479
1.307939000427723
1.298097999766469
1.3041719999164343
1.3279879996553063
1.3340199999511242
1.3045109994709492
1.3266070000827312
1.317331999540329
1.3427320001646876
1.358254000544548
1.3244389994069934
1.3339809998869896
1.3760019997134805
1.3203980000689626
1.3730739997699857
2.5023770006373525
1.344362000003457
1.3133399998769164
1.2962659997865558
1.2962270006537437
1.4100229991599917
1.3376299999654293
2.611618999391794
1.3107369998469949
1.3125010002404451
1.2607110003009439
0.487126000225544
1.3114459998905659
1.3380770003423095
1.2986009996384382
1.3177309995517135
1.3338800007477403
1.3340110005810857
1.3467250000685453
1.4170269994065166
1.2889630002900958
1.3190300008282065
1.2558270003646612
2.7509270003065467
1.2587489997968078
1.266237000003457
1.330430000089109
1.2961419997736812
1.3109379997476935
1.281514000147581
1.2875990001484752
1.3167120004072785
1.3300670003518462
1.2666330002248287
1.287704000249505
1.3045830000191927
1.3010199991986156
1.2721049999818206
0.6941340006887913
1.2694800002500415
1.2878590002655983
1.314974999986589
1.2924350006505847
1.2880580006167293
1.303834999911487
2.3105910001322627
2.151932000182569
1.269429000094533
1.2816639998927712
1.2833909997716546
1.264317000284791
1.3029180001467466
1.318154999986291
1.2678319998085499
1.316469999961555
1.271886999718845
1.3199079995974898
1.3060180004686117
1.2916859993711114
1.288319000042975
1.3527300003916025
1.2898740004748106
1.2920030001550913
1.2912290003150702
1.2970390003174543
1.2884669993072748
1.3197039999067783
1.303438000380993
1.299052999354899
2.535911999642849
1.2838030001148582
1.270643999800086
1.2859240006655455
4.118178000673652
1.3061910001561046
1.2616830002516508
1.3016360001638532
0.34999800007790327
1.2857900001108646
1.273361999541521
1.3132330002263188
1.2755079995840788
1.2827070001512766
1.2771309996023774
1.2714660000056028
1.2904520006850362
1.2758189998567104
1.2716310005635023
1.2771379994228482
1.2962410002946854
2.5899350000545382
1.5150930006057024
1.5270260004326701
1.5168409999459982
1.5316049996763468
1.533118000254035
1.4984569996595383
1.5363180004060268
1.5583390006795526
1.5105840004980564
1.4376909993588924
1.4326599994674325
1.4545839997008443
1.4824790004640818
1.4431839995086193
1.4698060005903244
1.5275630000978708
1.4600700000301003
1.489011999219656
1.4390939995646477
1.4991199998185039
1.438021999783814
1.4105869997292757
1.4976429995149374
1.4876549998298287
1.5060149999335408
1.5045199999585748
1.4872270002961159
1.4766389997676015
1.4620570000261068
1.4284900007769465
2.7996629998087883
1.4561630003154278
1.4680260000750422
1.4905420001596212
1.475678000599146
1.4690429996699095
1.4779320005327463
1.4699560003355145
1.4948180001229048
1.4716320000588894
1.5474840002134442
1.4840670004487038
1.4688849998638034
1.4586450001224875
1.503868999890983
1.4497589999809861
1.4807559996843338
1.4814719995483756
1.4588310001417994
1.4991910001263022
1.4974539997056127
1.4791049994528294
1.437495999969542
1.512269999831915
1.4673220003023744
1.5399000002071261
1.1293040001764894
1.424966000020504
1.5268099997192621
1.4996919995173812
1.4990220004692674
1.4735690001398325
0.7706829998642206
2.703765000216663
1.513934999704361
1.5058570001274347
1.4739060001447797
1.455565999262035
2.0747360000386834
4.759801999665797
1.3621039995923638
1.3815040001645684
1.4546579997986555
1.4044430004432797
1.4268430005759
1.3977290000766516
1.392425000667572
1.3972039995715022
2.357557000592351
1.4491969998925924
1.403855999931693
1.9176599998027086
1.399868999607861
1.4137320006266236
1.4179110005497932
2.6131980000063777
2.531175000593066
1.416003999300301
1.3723200000822544
1.3805989995598793
1.0518770003691316
2.7768559996038675
1.3764459993690252
1.4043840002268553
1.4002229999750853
1.3994869999587536
0.8262809999287128
1.40476300008595
1.0985850002616644
1.457166999578476
1.4071899997070432
1.3859000001102686
1.4555609999224544
1.4035820001736283
2.978132000193
1.3762900000438094
1.4069449994713068
1.3872560001909733
1.0623039994388819
2.597093000076711
1.4416619995608926
1.3946369998157024
1.442532000131905
1.3988990001380444
1.4621719997376204
1.3975519994273782
1.3893569996580482
2.747254000045359
1.3805860001593828
1.3933380004018545
0.7801029998809099
1.397677999921143
1.7542699994519353
1.3650440005585551
1.3939199997112155
1.4215080002322793
1.4116489998996258
1.372975000180304
3.7402619998902082
1.358853000216186
1.3904039999470115
0.8574820002540946
1.3663719994947314
1.350998000241816
1.2498619994148612
1.5952190002426505
1.418126999400556
1.357064999639988
1.3347910000011325
1.3475919999182224
1.356619999743998
1.3256240002810955
1.3617420000955462
0.4379770001396537
1.3443130003288388
0.5114690000191331
1.3484030002728105
0.37213699985295534
1.4112099995836616
1.332380000501871
1.3753739995881915
1.4257669998332858
1.350913000293076
2.2669219998642802
1.3966530002653599
1.4187399996444583
1.409690000116825
1.3725859997794032
1.359624999575317
0.7761800000444055
1.3575740000233054
1.2565789995715022
1.3486049994826317
1.3753800000995398
1.3862910000607371
1.375432999804616
1.4110829997807741
0.4196770004928112
1.3780340002849698
1.4040410006418824
1.3810769999399781
1.3611829997971654
1.4084780002012849
1.3860910004004836
1.3420280003920197
1.3315270002931356
1.3549159998074174
1.380247000604868
1.4178559994325042
1.412015000358224
1.3527830000966787
1.3367929998785257
1.3649100000038743
1.3926200000569224
1.3813499994575977
0.4032370001077652
1.3618109999224544
2.9998980006203055
1.1245480002835393
1.0279059996828437
1.3557759998366237
1.377784000709653
1.3612529998645186
1.3536729998886585
1.3891010005027056
0.8912599999457598
1.3348570000380278
1.2642180006951094
0.856479000300169
1.387784999795258
1.357451000250876
1.397952999919653
1.350704999640584
1.4272090001031756
0.8435969995334744
0.8791819997131824
0.41483100038021803
1.3521079998463392
1.3485679998993874
1.4399569993838668
1.3933539995923638
1.0888609997928143
2.3841399997472763
1.398527999408543
1.3482450004667044
1.3960569994524121
1.3570199999958277
1.3750609997659922
1.3645860003307462
1.3645109999924898
1.4069980001077056
1.3467590007930994
1.3968039993196726
1.0797819998115301
1.3997950004413724
1.3511420004069805
1.425467999652028
1.3929279996082187
1.3618090003728867
1.4368449999019504
1.3585399994626641
1.3843530006706715
1.2903739996254444
1.3540909998118877
1.3871999997645617
1.3658130001276731
1.3760709995403886
1.3551629995927215
1.3667050004005432
2.2000559996813536
1.2591439997777343
1.3808119995519519
1.3423430006951094
1.2403549998998642
