5.39056900003925
1.2054730001837015
1.6312159998342395
1.3002539998851717
1.1134170000441372
1.3676829999312758
1.3952780002728105
1.2893409999087453
0.46447900030761957
1.0899720001034439
1.1854389999061823
1.192435999866575
1.159694000147283
4.263968999963254
1.0762830004096031
1.0655919997952878
1.0287779998034239
0.9665830000303686
0.9340849998407066
0.987900999840349
1.0238120001740754
0.9377129999920726
0.946755999699235
0.9357439996674657
0.9080130001530051
0.9857189999893308
0.9411939997226
0.9268549997359514
0.9192969999276102
0.9376229997724295
0.9720860002562404
0.9131939997896552
0.9254189999774098
0.9167450000531971
0.9360770001076162
0.7025780002586544
0.9674670002423227
0.9439850002527237
0.7078569997102022
0.9595059999264777
0.9625169998034835
1.1352160000242293
1.0603640000335872
3.0215859999880195
0.9995789998210967
1.0011760001070797
0.9720519999973476
0.9697039998136461
0.9629369997419417
0.9031639997847378
0.9779920000582933
0.9210149999707937
0.9654669999144971
0.912947999779135
0.9154950003139675
0.9129030001349747
1.0435539996251464
1.0145710003562272
1.0023250002413988
0.9009279999881983
0.9143819999881089
1.0648449999280274
0.9985849997028708
1.0082849999889731
0.9275919999927282
0.9051410001702607
0.8941520000807941
0.8925140001811087
0.9813319998793304
0.8920459998771548
0.276655999943614
0.891418999992311
0.9025960001163185
0.9471809999085963
0.9332240000367165
0.9187170001678169
0.8983319997787476
0.8978490000590682
2.306877000257373
0.8833500002510846
0.9112829999066889
0.8697730000130832
0.8644650001078844
0.7045599999837577
0.8735129996202886
0.8855950003489852
0.8769649998284876
0.8703839997760952
0.9129229998216033
0.8754809997044504
0.8865370000712574
0.883749000262469
0.8988950001075864
0.9056420000270009
0.9657019996084273
1.0084620001725852
0.9811319997534156
0.9870180003345013
1.012875999789685
0.8822099999524653
0.927697999868542
0.8532199999317527
0.900346000213176
0.9740289999172091
1.0428670002147555
0.9746179999783635
0.9526519998908043
0.9824780002236366
0.9516129996627569
0.8551279995590448
0.8930569998919964
0.8685929998755455
0.8441320001147687
0.8565890002064407
0.864843999966979
0.8998500001616776
0.8851420003920794
0.8861579997465014
0.9773250003345311
0.8611539998091757
0.8960890001617372
0.8786730002611876
0.9004379999823868
0.867763000074774
0.8693110002204776
0.8818999999202788
0.8740130001679063
0.9027169998735189
0.8474980001337826
0.8608880001120269
0.8637850000523031
0.8169319997541606
0.8344660000875592
0.8248910000547767
0.8194690002128482
0.8601679997518659
0.8566649998538196
0.8401569998823106
0.8079890003427863
0.8573030000552535
0.8100560000166297
0.8012190000154078
0.8530110004357994
0.37197399977594614
0.8257860001176596
0.8123460002243519
0.8082449999637902
0.8171379999257624
0.8182089999318123
0.8109479998238385
0.8121440000832081
0.8218350000679493
0.8168339999392629
0.8471630001440644
0.28317000018432736
0.8118879999965429
0.8226450001820922
0.8188800001516938
0.7967509999871254
0.8036370002664626
0.798808999825269
0.7941829999908805
1.4828379997052252
0.8094679997302592
0.8096299995668232
0.8171580000780523
0.799711000174284
0.8108740001916885
0.7995529999025166
0.7948119998909533
0.809665999840945
0.80589700024575
0.8037330000661314
0.8323160000145435
0.9015410002321005
0.8993370002135634
0.8898599999956787
0.8862230000086129
0.8973250002600253
0.9042580001987517
0.873856000136584
0.8792840000241995
0.892572000157088
0.8715580003336072
0.8565589999780059
0.8746039997786283
0.7987510003149509
0.8157220003195107
0.783456000033766
0.8226009998470545
0.7902190000750124
0.7780149998143315
0.8288519997149706
0.7988189999014139
0.7886179997585714
0.7937400001101196
0.9215589999221265
0.8976989998482168
0.8698350000195205
0.9290959998033941
0.8703280002810061
0.8679340002126992
0.8994930000044405
0.9017139999195933
0.8928590002469718
0.918792000040412
0.8581070001237094
0.78969999961555
0.7828970002010465
0.8021770003251731
0.7920160000212491
0.7911559999920428
0.773675000295043
0.7934010000899434
0.30025399988517165
0.7957669999450445
0.781779000069946
0.7907579997554421
0.7906499998643994
0.7867580000311136
0.787268000189215
0.7824919996783137
0.7900139996781945
0.7954330001957715
0.789894999936223
0.7928750002756715
0.7879919996485114
0.789553000126034
0.7889880002476275
0.8075140002183616
0.7881049998104572
0.7706360002048314
0.7864570003002882
0.8243320002220571
0.7822480001486838
0.7814960000105202
0.7860549995675683
0.7841850002296269
0.7974220002070069
0.7877280004322529
3.7689610002562404
0.7322860001586378
0.7356699998490512
0.7312660003080964
0.7722849999554455
0.7546230000443757
0.750189000274986
0.7616280000656843
0.7531209997832775
0.7491119997575879
0.7571310000494123
0.7442099996842444
0.7473740000277758
0.7494729999452829
0.7842000001110137
0.7471429998986423
0.7502009999006987
0.7370230001397431
0.7451140000484884
0.753000000026077
0.7493769996799529
0.7475379998795688
0.7515079998411238
0.7469520000740886
0.7384850000962615
0.7745300000533462
0.7388089997693896
0.7759070000611246
0.7580079999752343
0.7465129997581244
0.7467690003104508
0.7513729999773204
0.7812909996137023
0.7471779999323189
0.7836170000955462
0.7395539996214211
0.7612949996255338
0.7447110000066459
0.7575630000792444
0.7415669998154044
0.7380329999141395
0.7688680002465844
0.7496090000495315
0.7553659998811781
0.755725999828428
0.7486410001292825
0.7441100003197789
0.7508200001902878
0.7509670001454651
0.7458350001834333
0.7820469997823238
0.7495070002041757
0.7540779998525977
0.7474969998002052
0.7447580001316965
0.7513299998827279
0.7393970000557601
0.7383799999952316
0.7860650001093745
0.7661480000242591
0.741526999976486
0.7569860001094639
0.7482560002245009
0.7852699998766184
0.7438570000231266
0.7386580002494156
0.7537389998324215
0.7489220001734793
0.7416069996543229
0.7478219997137785
0.7851399998180568
0.7542909998446703
0.7871550000272691
0.7504569999873638
0.750969999935478
0.756079999729991
0.7831540000624955
0.7941290000453591
0.7755980002693832
0.7521080002188683
0.7329759998247027
0.7484049997292459
0.7478239997290075
0.49253599997609854
0.7782509997487068
0.7555530001409352
0.7808950003236532
0.7419209997169673
0.7397059998475015
0.7474739998579025
0.7541839997284114
8.373912000097334
0.9187239999882877
0.7934630000963807
0.735443000216037
0.7491839998401701
0.7384019996970892
0.7361220000311732
0.7444080002605915
0.7879659999161959
0.7384750000201166
3.6146120000630617
0.7271679998375475
0.7365219998173416
0.7773019997403026
0.7324540000408888
0.7315639997832477
0.7388789998367429
0.7356819999404252
0.7344590001739562
0.7270440002903342
0.7335900003090501
0.7442199997603893
0.7293259999714792
0.8010740000754595
0.750434999819845
0.7343349996954203
0.7346939998678863
0.7183519997633994
0.732789000030607
0.7324270000681281
0.7675949996337295
0.7517369999550283
0.7370640002191067
0.7182720000855625
0.7356239999644458
0.7674309997819364
0.24491900019347668
0.7417469997890294
0.7713229996152222
0.7507469998672605
0.7699220003560185
0.7223120001144707
0.7306520002894104
0.7461940003558993
4.5699620000086725
0.7193479998968542
0.7200319999828935
0.7213619998656213
0.7181790000759065
0.7191309998743236
0.7219519997015595
0.7395299999043345
0.7242580000311136
0.7288859998807311
0.7035990003496408
0.7228349996730685
0.7561470000073314
0.7106729997321963
0.7058970001526177
0.7227620002813637
0.7566160000860691
0.7152559999376535
0.7274670000188053
0.7150980001315475
0.7119849999435246
0.7053570002317429
0.3158729998394847
0.7138319998048246
0.7188539998605847
0.7258099997416139
0.800779000390321
0.7039320003241301
0.7114859996363521
0.7047219998203218
0.701908000279218
0.7094899998046458
0.7185490000993013
0.7159380000084639
0.7202499997802079
0.7317659999243915
0.7546860002912581
0.7264819997362792
0.7349330000579357
0.7188689997419715
0.7264609998092055
0.7216030000708997
0.7102409997023642
0.7280089999549091
0.7240900001488626
0.7405189997516572
0.7147439997643232
0.7533960002474487
0.7213260000571609
0.7177470000460744
0.7136719999834895
0.7057860000059009
0.708684999961406
0.7153319995850325
0.7165699996985495
0.7196939997375011
0.7467680000700057
0.7138419998809695
0.7169169997796416
0.71929100016132
0.6978990002535284
0.7505999999120831
0.7170190000906587
0.7171420003287494
0.7101549999788404
0.7185339997522533
0.7112929997965693
0.7103789998218417
0.7086279997602105
0.7445370000787079
0.7159190000966191
0.6993710002861917
0.2772940001450479
0.7201519999653101
0.7175320000387728
0.6952149998396635
0.7145980000495911
0.717786000110209
0.7158949999138713
0.7626279997639358
0.7162700002081692
0.712313000112772
0.7935959999449551
0.7166030001826584
0.7301690001040697
0.7038759998977184
0.32781600020825863
0.715485000051558
0.7092089997604489
0.7168490001931787
0.7186460001394153
0.7353890002705157
0.703551999758929
0.721295999828726
0.735676999669522
0.7137609999626875
0.7177610001526773
0.7136679999530315
0.6907150000333786
0.7146419999189675
0.7400560001842678
0.7148009999655187
0.7133109997957945
0.7122189998626709
0.7082569999620318
0.7105870000086725
0.7238839999772608
0.7104039997793734
0.7096580001525581
0.7111769998446107
0.7364079998806119
0.7040280001237988
0.7114450000226498
0.7115950002335012
0.7368159997276962
0.716188000049442
0.7164799999445677
0.6938930000178516
0.7200719998218119
0.7456350000575185
0.762279000133276
0.7274270001798868
0.7076489999890327
0.7291139997541904
0.7074049999937415
0.7030690000392497
0.7199550000950694
0.7396450000815094
0.7155349999666214
0.754676999989897
0.7172630000859499
0.7376660001464188
0.7044939999468625
0.7155599999241531
0.7537549999542534
0.6953819999471307
0.7179129999130964
0.7120510004460812
0.7136320001445711
0.711884000338614
0.7459280001930892
0.7149239997379482
0.7041560001671314
0.693233999889344
0.7068419996649027
0.7132439999841154
0.7090030000545084
0.7105190004222095
0.7502189995720983
0.7363229999318719
0.708870000205934
0.7094049998559058
0.6978229996748269
0.71458899974823
0.7186679998412728
0.7078229999169707
0.6953730001114309
0.7463030000217259
0.7169780000112951
0.7118869996629655
0.7187240002676845
0.7052799998782575
0.7134119998663664
0.7164849997498095
0.7135280002839863
0.7411839999258518
1.2757500000298023
0.7546609998680651
0.753965999931097
0.786286000162363
0.7652440001256764
0.762626999989152
0.760600000154227
0.7609580000862479
0.7560519999824464
0.7580069997347891
0.8402880001813173
0.7377899996936321
0.8082799999974668
0.744690999854356
0.7924170000478625
0.760238999966532
0.7597800004296005
0.7588539998978376
0.7571660000830889
0.7783089997246861
0.7623990001156926
0.7585110003128648
0.7403090000152588
0.7912519997917116
0.7986739999614656
0.8837300003506243
0.876959000248462
0.8906740001402795
0.8389670001342893
0.8254559999331832
0.8459010003134608
0.8418060000985861
0.8443350000306964
0.8828340000472963
0.8305190000683069
0.8818750004284084
0.8341759997420013
0.8844560002908111
0.8645700002089143
0.8364499998278916
0.833319999743253
0.8491890002042055
0.8762329998426139
0.8714859997853637
0.8416010001674294
0.8442979999817908
0.8395819999277592
0.7613159995526075
0.7308980002999306
0.7609049999155104
0.7684050002135336
2.8907660003751516
0.7269439999945462
0.7475820002146065
0.7403569999150932
0.2594380001537502
0.7342799999751151
0.7485560001805425
0.7598390001803637
0.7448219996877015
0.741690999828279
0.7464970001019537
0.7758170003071427
0.7494999999180436
0.7921250001527369
0.7435170002281666
0.748232000041753
0.7314239996485412
0.7581710000522435
0.8295640000142157
0.8310770001262426
0.8345739999786019
0.8100729999132454
0.848519999999553
0.870411999989301
0.8302100002765656
0.8164240000769496
0.817269999999553
0.8352069999091327
0.8192300000227988
0.885232999920845
0.862479000352323
0.8330239998176694
0.8160049999132752
0.8374550002627075
0.8272410002537072
0.8393599996343255
0.8173160003498197
0.8216149997897446
0.8694690000265837
0.8481989996507764
0.8519210000522435
0.742034999653697
0.7770660002715886
0.7746910001151264
0.7775690001435578
0.7215350000187755
0.7356010000221431
0.7505210000090301
0.7243200000375509
0.7346220002509654
0.7393729998730123
0.7450080001726747
0.7264149999246001
0.7681259997189045
0.7427579998038709
0.7440510001033545
0.7446460002101958
0.7391940001398325
0.33276900043711066
0.7742049996741116
0.7444489998742938
0.7289619999937713
0.771186999976635
0.7364600002765656
0.754402999766171
0.7391320001333952
0.7244549999013543
0.7574589997529984
0.7416530000045896
0.7541100000962615
0.7520889998413622
8.312785999849439
0.7070339997299016
0.7273800000548363
0.7386350003071129
0.7316840002313256
0.7504999996162951
0.7282489999197423
0.7159140002913773
0.7301389998756349
0.7623339998535812
0.7137489998713136
0.7334239999763668
0.7268569995649159
0.7248570001684129
0.7257789997383952
0.735080000013113
0.7206659996882081
0.73093600012362
0.7798600001260638
0.7212439998984337
0.7177150002680719
0.7285649999976158
0.7307150000706315
0.7750310003757477
0.7355990000069141
0.7273840000852942
0.7469359999522567
0.7322789998725057
0.7116009998135269
0.7279690001159906
0.7766269999556243
0.7495900001376867
0.7248990000225604
0.7617930001579225
0.7219570004381239
0.7660019998438656
0.7298349998891354
0.7197539997287095
0.7399920001626015
0.7265229998156428
0.7214999999850988
0.7267780001275241
0.7243129997514188
0.7326430003158748
0.36735699977725744
0.7296589999459684
0.7242260002531111
0.7294189999811351
0.7911669998429716
0.7245510001666844
0.7675600000657141
0.7361909998580813
0.726002000272274
0.7272340003401041
0.7363370000384748
0.7500510001555085
0.7228099997155368
0.7325410000048578
0.7464700001291931
0.7309099999256432
0.784177000168711
0.7295770002529025
0.7464469997212291
0.7580409999936819
0.7556030000559986
0.7910909997299314
0.7145139998756349
0.7306889998726547
0.7191420001909137
0.7406190000474453
0.7133120000362396
0.7312730001285672
0.7588470000773668
0.7287050001323223
0.7111629997380078
1.7627659998834133
0.7147710002027452
0.7278009997680783
0.7106000003404915
0.7176459999755025
0.7114579998888075
0.7165890000760555
0.7236339999362826
0.7155900001525879
0.7182229999452829
0.7312739999033511
0.7529349997639656
0.7202500002458692
0.7061169999651611
0.7439709999598563
0.7440120000392199
0.7151830000802875
0.7281649997457862
0.7125840000808239
0.7502930001355708
0.7306819995865226
0.6493109995499253
0.7652930002659559
0.7179060000926256
0.7262409999966621
0.7051209998317063
0.7339629996567965
0.7223999998532236
0.7183890002779663
0.7108849999494851
0.7438489999622107
0.7208449998870492
0.7474979995749891
0.7396320002153516
0.7502689999528229
0.7193980002775788
0.7179700001142919
0.7037889999337494
0.7036430002190173
0.7157370001077652
0.7185149998404086
0.7197329998016357
0.7131190001964569
0.7590479999780655
3.6998160001821816
0.7463010000064969
0.6986170001327991
0.7442860002629459
0.21902700001373887
0.6921999999321997
0.6925949999131262
0.7011199998669326
0.7422790001146495
0.40032699983567
0.6959589999169111
0.7380590001121163
0.6996180000714958
0.7239850000478327
0.6766599998809397
0.689081999938935
0.7391949999146163
0.6943179997615516
0.734908000100404
0.6902000000700355
0.6909819999709725
0.6906179999932647
0.6975729996338487
0.6871040002442896
0.6857110001146793
0.6942139999009669
0.7041139998473227
0.7058160002343357
0.6954280002973974
0.7233549999073148
0.6858990001492202
0.678564999718219
0.689520999789238
0.7022560001350939
0.7025020001456141
0.6887950003147125
0.6815089997835457
0.6758550000376999
0.6940060001797974
0.6888959999196231
0.706024999730289
0.6911059999838471
0.7205379996448755
0.6946450001560152
0.6947260000742972
0.6875920002348721
0.7242390001192689
0.6935629998333752
0.7024209997616708
1.6816039998084307
0.8571259998716414
0.7092910003848374
0.6766280001029372
0.6737680002115667
0.23332600016146898
0.7087149997241795
0.6955320001579821
0.6976030003279448
0.6908829999156296
0.6936490000225604
0.6806290000677109
0.6901909997686744
0.6950970003381371
0.6964910002425313
0.6939730001613498
0.7024499997496605
0.688276999630034
0.6933040004223585
0.6959899999201298
0.6952340002171695
0.6928929998539388
0.6980989999137819
0.687249000184238
0.6898280000314116
0.6913740001618862
0.6777380001731217
0.7017870000563562
0.8142109997570515
0.6895039998926222
0.690158000215888
0.690253000240773
0.6999099999666214
0.7186070000752807
0.7228100001811981
0.7008270001970232
0.6998230000026524
0.6859810003079474
0.7225049999542534
0.6899509998038411
0.7368020000867546
0.6996829998679459
0.682540999725461
0.6952519998885691
0.6764070000499487
0.6939789997413754
0.2769679999910295
0.6982789998874068
0.7474960000254214
0.70002599991858
0.7231049998663366
0.7205089996568859
0.6781770000234246
0.6944929999299347
0.6902949996292591
0.6946109998971224
0.733308999799192
0.7121339999139309
0.6871279999613762
0.6770270001143217
0.6697820001281798
0.6815650002099574
0.6871769996359944
0.6876189997419715
0.6668969998136163
0.6902649998664856
0.6948400000110269
1.5861320002004504
0.6790550001896918
0.6742639997974038
0.679558000061661
0.4453460001386702
0.6764619997702539
0.6663299999199808
0.6686040000058711
0.6786819999106228
0.7158689997158945
0.6805630000308156
0.6756520001217723
0.24315200001001358
0.6695880000479519
0.6642700000666082
0.6707150000147521
0.6750839999876916
0.5285600000061095
0.6831590002402663
3.7595679997466505
0.6652420000173151
0.6840079999528825
0.6621030000969768
0.673739000223577
0.6473260000348091
0.6604900001548231
0.665785999968648
0.703472999855876
0.6679449998773634
0.6532890000380576
0.23503499990329146
0.663226000033319
0.6466720001772046
0.663498000241816
0.6526600001379848
0.6609029998071492
0.6542450003325939
0.6995589998550713
0.6598199997097254
0.6773680001497269
0.65872299997136
0.6479929997585714
0.6576769999228418
0.6551649998873472
0.6497690002433956
0.6939889998175204
0.6800440000370145
0.6368680000305176
0.6773259998299181
6.416843000333756
0.6409310000017285
0.6448679999448359
0.6607240000739694
0.6562160002067685
0.6571430000476539
0.65574000030756
0.6551769999787211
0.6317010000348091
0.6359709999524057
0.6546839997172356
0.6531470003537834
0.653954999987036
0.6362640000879765
0.6628440003842115
0.6400849996134639
0.6468189996667206
0.6382699999958277
0.6577849998138845
0.6717949998565018
0.6475349999964237
0.6517380001023412
0.6487259999848902
0.6963599999435246
0.6309660002589226
0.6784789999946952
0.6423009997233748
0.6570859998464584
0.6532010002993047
0.6483209999278188
0.6519849998876452
0.66048499988392
0.6463659997098148
0.6506019998341799
0.658529999665916
0.6604019999504089
0.6536979996599257
0.22087100008502603
0.6578549998812377
0.6533160000108182
0.6597799998708069
0.6358809997327626
0.6588999996893108
0.8474019998684525
0.6835449999198318
0.5105119999498129
0.6580890002660453
0.6405009999871254
0.671089000068605
0.6675069998018444
0.6395679996348917
0.6589830000884831
0.6350329997949302
0.6518159997649491
0.6539859999902546
0.6450209999457002
0.6397549998946488
0.6605929997749627
0.661888999864459
0.6538230003789067
0.6925389999523759
0.6581219998188317
0.6523150000721216
0.700565000064671
0.6885649999603629
0.37406700011342764
0.6616690000519156
0.6529559995979071
0.6629119999706745
0.6580619998276234
0.6784719997085631
0.6584769999608397
0.6476150001399219
0.6555420001968741
0.6547039998695254
0.6502080000936985
0.6538140000775456
0.6846110001206398
0.6567580001428723
0.6458070003427565
0.6389610003679991
0.659058999735862
0.6858279998414218
0.6852529998868704
0.6632900000549853
0.6412080000154674
0.6525080003775656
0.6540000000968575
0.6868050000630319
0.6379429996013641
0.6510100001469254
0.6548020001500845
0.654922999907285
4.219699999783188
0.6276799999177456
0.6845340002328157
0.6567110000178218
0.6330260001122952
0.6372759998776019
0.6387869999743998
0.6427930002100766
0.6219509998336434
0.6354440003633499
0.6540719997137785
0.6387460003606975
0.6631200001575053
0.6551430001854897
0.6354600000195205
0.661468000151217
0.636828999966383
0.6819050000049174
0.6328960000537336
0.6414320003241301
0.6422309996560216
0.6440030001103878
0.6539350003004074
0.6507109999656677
0.650770999956876
0.6528020002879202
0.6213579997420311
0.6215209998190403
0.6278950003907084
0.6335979998111725
0.6176430000923574
0.6321060000918806
0.6211500000208616
0.6148840002715588
0.6479269997216761
0.6324900002218783
0.633901999797672
0.6311099999584258
0.6166150001809001
0.620323000010103
0.643633000086993
0.6685880003497005
0.6475619999691844
4.09110700013116
0.5945389997214079
0.6175449998117983
0.6280959998257458
0.5955420001409948
0.6216019997373223
0.6079959999769926
0.6086189998313785
0.6006269999779761
0.6146219996735454
0.9362090001814067
0.6154129998758435
0.617664999794215
0.6159000000916421
0.6164770000614226
0.6124439998529851
0.20738100027665496
0.6194670000113547
0.5991069995798171
0.6179510001093149
0.6135920002125204
0.6136759999208152
0.6112649999558926
0.6122159999795258
0.2537629995495081
0.5959199997596443
0.650403999723494
0.6218999996781349
6.215458000078797
0.7013749997131526
0.6229090001434088
0.6538979997858405
0.614852000027895
0.6202289997600019
0.6065679998137057
0.6109410002827644
0.6267109997570515
0.620218999683857
0.6133719999343157
0.6137929996475577
0.6078680003993213
0.6516130003146827
0.6018510004505515
0.5972360000014305
0.6452350001782179
0.5958659998141229
0.6179249999113381
0.6103520002216101
0.6483589997515082
0.6102030002512038
0.6143319997936487
0.6564770000986755
1.2016980000771582
0.6851909998804331
0.6904429998248816
0.24353699991479516
0.6809769999235868
0.6971010002307594
0.6749309999868274
0.7177809998393059
0.6783389998599887
0.6895429999567568
0.6879799999296665
0.29170800000429153
0.6830659997649491
0.6886879997327924
0.7190780001692474
0.7303780000656843
0.6914150002412498
0.6719900001771748
0.7142699998803437
0.7358940001577139
0.6845630002208054
0.6963829998858273
0.6913700001314282
0.6975360000506043
0.7130579999648035
0.6897559999488294
0.7178009999915957
0.6730289999395609
0.6819590004161
0.7194249997846782
0.6732260002754629
0.6902200002223253
0.6981349997222424
0.6710520000196993
0.6932580000720918
0.6951500000432134
0.6757999998517334
0.692888000048697
0.6952039999887347
0.6979270000010729
0.6940160002559423
0.6923219999298453
0.6848129997961223
0.6971909999847412
0.6983749996870756
0.6935239997692406
0.6900309999473393
0.6902999999001622
0.7144809998571873
0.6887010000646114
0.6847779997624457
0.6628980003297329
0.6849230001680553
0.6773080001585186
0.6959339999593794
0.6856609997339547
0.7223879997618496
0.6892050001770258
0.7128770002163947
0.6877530002966523
0.6773160002194345
0.696340000256896
0.6811390002258122
0.6952349999919534
0.6848950004205108
0.688043000176549
0.6873880000784993
0.7252539996989071
0.6906290003098547
0.6905489997006953
0.6751009998843074
0.6905629998072982
0.7206500000320375
0.6708219996653497
0.69015400018543
0.7341049998067319
0.6900989999994636
0.6710059996694326
0.6803939999081194
0.691922000143677
0.7067589997313917
0.7433460000902414
0.6933950004167855
0.7146079996600747
0.6700569996610284
0.6694740001112223
0.6857239999808371
0.6806450001895428
0.7274619997479022
0.6862820000387728
0.692981000058353
0.6877489998005331
0.678847000002861
0.6966529996134341
0.6868289997801185
0.6942759999074042
0.6899829995818436
0.667539999820292
0.6889610001817346
0.6860620002262294
0.6798369996249676
0.6911100000143051
0.673569000326097
0.6920260000042617
0.6935660000890493
0.9330029999837279
0.6793210003525019
0.6880930000916123
2.0281989998184144
0.6617330000735819
0.6563969999551773
0.6629759999923408
0.655094999819994
0.6658780002035201
0.7129700002260506
0.7065389999188483
0.6673419997096062
0.6658859997987747
0.6735919998027384
0.6718179997988045
0.6704130000434816
0.7149429996497929
0.6567190000787377
0.6668920000083745
0.6947649996727705
0.6654630000703037
0.6662849998101592
0.6743390001356602
0.6643909998238087
0.6791449999436736
0.6626209998503327
0.7116259997710586
0.666848000138998
0.6687139999121428
0.7093499996699393
0.708704000338912
0.6932000000961125
0.6641290001571178
0.7170990002341568
2.322038999758661
0.6643940000794828
0.6445170002989471
0.6439780001528561
0.6998199997469783
0.6957530002109706
0.6566640003584325
0.6550619998015463
0.641754999756813
0.6463839998468757
0.6449160003103316
0.6483529997058213
0.7007929999381304
0.6618429999798536
0.650777000002563
0.6483370000496507
0.6472189999185503
0.6643280000425875
0.6655129999853671
0.6727470001205802
0.6510660001076758
0.6551570002920926
0.6823269999586046
0.6591179999522865
0.6591079998761415
0.663842000067234
0.6577130001969635
0.656156999990344
0.6419979999773204
0.6546109998598695
0.6663029999472201
0.6523620001971722
0.662965000141412
0.6483280002139509
0.6561949998140335
0.6501380000263453
0.6540709999389946
0.6864350000396371
0.6939709996804595
0.6415189998224378
0.6578580001369119
0.6592530002817512
0.655019000172615
0.6616599997505546
0.6516259997151792
0.6607760000042617
0.659343000035733
0.6622319999150932
0.6775960000231862
0.6664140000939369
0.666919999755919
1.724214999936521
0.8663679999299347
0.6722230003215373
0.664106999989599
0.6834690002724528
0.6533310003578663
0.647336000110954
0.6812060000374913
0.6533840000629425
0.25326699996367097
0.643796999938786
0.6923050000332296
0.6520769996568561
0.6614269996061921
0.7072730003856122
0.6594230001792312
0.6559669999405742
0.7228840002790093
0.6873989999294281
0.6506049996241927
0.6620780001394451
0.6652910001575947
0.6611349997110665
0.6534710000269115
0.6509190001524985
0.6430589999072254
0.6588200000114739
0.6451989999040961
0.6581699997186661
0.665062999818474
0.697280999738723
0.6703269998542964
0.657829999923706
0.657137000001967
0.656763999722898
0.6763949999585748
0.6604430000297725
0.6581389997154474
0.6464539999142289
0.663052000105381
0.6590889999642968
0.6639729999005795
0.6580090001225471
0.6656499998643994
0.33667600015178323
0.6665369998663664
0.6510529997758567
0.6650919998064637
0.6436720001511276
0.7005199999548495
0.6690770001150668
1.6659840000793338
3.591529999859631
0.6332109998911619
0.6365149999037385
0.6312740002758801
0.622878999914974
0.6482899999246001
0.6503759999759495
0.6982600004412234
0.6463399999774992
0.6396600003354251
0.6346689998172224
0.6516009997576475
0.6375930001959205
0.6391099998727441
0.6445530001074076
0.6486749998293817
0.6394449998624623
0.6315930001437664
0.638952000066638
0.6660000002011657
0.6484280000440776
0.6463440000079572
0.6277209999971092
0.6430700002238154
0.6387920002453029
0.6461010002531111
0.6401869999244809
0.6455619996413589
0.6276720003224909
0.6412240001372993
0.6636179997585714
0.6478010001592338
0.6444640001282096
0.643968999851495
0.6439100001007318
0.6283809999004006
0.6384349996224046
0.6586890001781285
0.6388900000602007
0.6564309997484088
0.6402130001224577
0.6407599998638034
0.6418039998970926
0.6503099999390543
0.6771059995517135
0.646984999999404
0.6789140002802014
0.6810490000061691
0.6274530002847314
0.6302430001087487
0.6832179999910295
0.6439570002257824
0.655805999878794
0.6434820001013577
0.6714679999276996
0.6534059997648001
0.6393430000171065
0.6408699997700751
0.6412579999305308
0.6401439998298883
0.6440499997697771
0.6421290002763271
0.6383159998804331
0.6338280001655221
0.6488049998879433
0.6703710001893342
0.6378300003707409
0.6446899999864399
0.6763619999401271
0.7081880001351237
0.6395270000211895
0.6421760004013777
0.6433699997141957
0.20100999996066093
0.6438609999604523
0.6267470000311732
0.64461600035429
0.6460319999605417
0.6438529998995364
0.6724880002439022
0.6436379998922348
0.6309790001250803
0.6464440003037453
0.19347900012508035
0.6612300002016127
0.6423979997634888
0.6406780001707375
0.671533000189811
0.680883000139147
8.214180000126362
0.6828580000437796
0.6150440000928938
0.6283680000342429
0.6167529998347163
0.6344880000688136
0.6136590000241995
0.6612240001559258
0.6119450000114739
0.670968999620527
0.6135830003768206
0.6370319998823106
0.6530599999241531
0.6273380001075566
0.6365899997763336
0.6390779996290803
0.6670689997263253
0.6265340000391006
1.35126500017941
0.6672080000862479
0.623771000187844
0.6309529999271035
0.614759000018239
0.6309860004112124
0.6193559998646379
0.6337980004027486
0.6435399996116757
0.6458739996887743
0.6194119998253882
0.27973200008273125
0.6572320000268519
0.6142660002224147
0.6415619999170303
0.6246819999068975
0.6295179999433458
0.6622550003230572
0.6268139998428524
0.6304109999909997
0.6247870000079274
0.6564409998245537
0.6113900002092123
0.6325199999846518
0.7511410000734031
0.6327550001442432
0.6684190002270043
4.399021999910474
0.6106110000982881
0.6071429997682571
0.6146110002882779
0.5975750000216067
0.5938019999302924
0.6185349998995662
0.616631000302732
0.6599030001088977
0.6240609996020794
0.64549700031057
0.35864900005981326
0.6219450002536178
0.6179160000756383
0.6295869997702539
0.6118209999985993
0.5958869997411966
0.6105160000734031
0.6181080001406372
0.6778859999030828
0.6171870003454387
0.6014280002564192
0.612548999954015
0.6176879997365177
0.6225880002602935
0.605859000235796
0.6163420001976192
0.6277740001678467
0.6146799996495247
0.6228229999542236
0.6194509998895228
0.618642000015825
0.6258629998192191
0.6171719999983907
0.5989390001632273
0.6418369999155402
0.6518089999444783
0.613597999792546
0.6155249997973442
0.5977340000681579
0.5997090004384518
0.6132290000095963
0.6138920001685619
0.6359879998490214
0.6124609997496009
0.6044749999418855
0.6122849998064339
0.6094939997419715
0.6097810002975166
0.6106460001319647
0.5887959999963641
0.5939389998093247
0.6166020003147423
0.5994710000231862
0.5983969997614622
0.6123529998585582
0.644310999661684
0.6400910001248121
0.6094019999727607
0.6121319998055696
0.5975270001217723
0.6181830000132322
0.6237840000540018
0.6155360001139343
0.6334029999561608
0.5972380000166595
0.6070280000567436
0.24032699968665838
0.605231000110507
0.6002609999850392
0.6180460001341999
0.616526999976486
0.6126839998178184
0.6193200000561774
0.6432359996251762
0.6366159999743104
0.608041999861598
0.6150090000592172
0.6055270000360906
0.598594999872148
0.608500000089407
0.6147420001216233
0.6089360001496971
0.6463900003582239
0.6260440000332892
0.6207340001128614
0.6100500002503395
0.5912299999035895
0.6093020001426339
0.5970020000822842
0.5995020000264049
0.5999290002509952
0.6081860000267625
0.6148780002258718
0.6129069998860359
0.6173279997892678
0.5939719998277724
0.6511749997735023
0.6200250000692904
0.6130889998748899
0.6087249997071922
0.6014690003357828
0.624294999986887
0.6210189997218549
0.6286749998107553
0.6175269996747375
0.6145139997825027
0.33216000022366643
0.616437999997288
0.6196960001252592
0.6221790001727641
0.6249319999478757
0.5985559998080134
0.6136030000634491
0.6156559996306896
0.6022359998896718
0.6153520001098514
0.6115819998085499
0.61609400017187
0.6196600003167987
0.6160059999674559
0.6178839998319745
0.6109150000847876
0.5969460001215339
0.6131460000760853
0.6100249998271465
0.6168300001882017
0.6176660000346601
0.6155860000289977
0.6525880000554025
0.649898000061512
0.6204689997248352
0.6122320001013577
0.6162149999290705
0.5992109999060631
0.6113430000841618
0.6095070000737906
0.6352679999545217
0.596667000092566
0.6089670001529157
0.6086029997095466
0.6140990001149476
0.6078630001284182
0.5952229998074472
0.6159860002808273
0.5993229998275638
0.6027609999291599
0.6081240000203252
0.6016930001787841
0.6109530003741384
0.2142059998586774
6.9637439996004105
0.606914000120014
0.5821070000529289
0.5930860000662506
0.6256769997999072
0.6393459998071194
0.584581000264734
0.6022080001421273
0.6126100001856685
0.6500380001962185
0.5819550002925098
0.5831199996173382
0.6281610000878572
0.5791239999234676
0.5976660000160336
0.5949450000189245
0.6145210000686347
2.5877010002732277
0.5896340003237128
0.5874800002202392
0.5802549999207258
0.5932350000366569
0.5919189997948706
0.5901990002021194
0.5792519999668002
0.5775509998202324
0.60072400001809
0.6023880001157522
0.6300590001046658
0.6250079995952547
0.6212529996410012
0.5782559998333454
0.5758589999750257
0.6468750000931323
0.7893650000914931
0.59728500014171
0.5794939999468625
0.598059999756515
0.5968639999628067
0.5992349996231496
0.5801760000176728
0.5975799998268485
0.5811009998433292
0.5948700001463294
0.18011300032958388
0.602148000150919
0.5943990000523627
0.5796479997225106
0.5969030000269413
0.5799819999374449
0.5976589997299016
0.5858240001834929
0.5930340001359582
0.32176500000059605
0.589955999981612
0.5990699999965727
0.6298039997927845
0.6005020001903176
0.5991269997321069
0.5897730002179742
0.5980440001003444
0.5948660001158714
0.5983319999650121
0.6012499998323619
0.5839240001514554
0.6364779998548329
0.5947630000300705
0.5938730002380908
0.5962180001661181
0.596580000128597
0.5871629999019206
0.6002539996989071
0.5987060000188649
0.5946689997799695
0.5952009996399283
0.5948370001278818
0.6317460001446307
0.5985150001943111
0.6049149995669723
0.602136000059545
0.5793929998762906
0.5808739997446537
0.5877799997106194
0.6030510002747178
0.5895359995774925
0.5917519996874034
0.5789739997126162
0.5886629996821284
0.5921279997564852
0.5885300002992153
0.5890969997271895
0.6050769998691976
0.5974599998444319
0.6015439997427166
0.6000259998254478
0.5811550002545118
0.5745149999856949
0.595253000035882
0.6017950000241399
0.6029119999147952
0.5817619999870658
0.5787579999305308
0.5838310001417994
0.5987250003963709
0.5906500001437962
0.618223000317812
0.5975570003502071
0.6009659999981523
0.614839999936521
0.5872080000117421
0.5962729998864233
0.5830339998938143
0.5833760001696646
0.6371290003880858
0.6301640002056956
0.5804749997332692
0.628084999974817
0.6008159997873008
0.6132970000617206
0.5865639997646213
0.6294780001044273
0.6045900001190603
0.59791100025177
0.6058380003087223
0.5810610000044107
0.5924300001934171
0.5877749999053776
0.6390999997965991
0.598433000035584
1.2205770001746714
0.6389009999111295
0.6529180002398789
0.6327519998885691
0.6335289999842644
0.6364700002595782
0.6496540000662208
0.6862610001116991
0.6389609999023378
0.6448440002277493
0.6469129999168217
0.6423949999734759
0.6515409997664392
0.6796639999374747
0.6461659995839
0.6287350002676249
0.6338769998401403
0.6773970001377165
0.6258050003089011
0.6592680001631379
0.6460839998908341
0.6803669999353588
0.6393029997125268
0.6464010002091527
0.6403020001016557
0.6739649996161461
0.6419989997521043
0.642831000033766
0.6473109996877611
0.6465980000793934
0.6411950001493096
0.6490050000138581
0.6294739996083081
0.6397860003635287
0.6264019999653101
0.6582269999198616
0.6254459996707737
0.6375939999707043
0.6440460002049804
0.64424500009045
0.6512159998528659
0.6483820001594722
0.6473850002512336
0.6285210000351071
0.6376200001686811
0.6337130004540086
0.6451960001140833
0.6411299998871982
0.63277000002563
0.6934699998237193
0.6427009999752045
0.6308890003710985
0.6407209997996688
0.6242500003427267
0.6502010002732277
0.6477239998057485
0.7053920002654195
0.6434579999186099
0.6476380000822246
0.6432320000603795
0.6792520000599325
0.6411589998751879
0.6394349997863173
0.646611999720335
0.6311910003423691
0.6439969995990396
0.6529520000331104
0.6278329999186099
0.648414000403136
0.6823710002936423
0.6425130004063249
0.6367489998228848
0.6383099998347461
0.6201269999146461
0.6656009997241199
0.6251999996602535
0.6398160001263022
0.6427220003679395
0.6764809996820986
0.652736000251025
0.6374289998784661
0.8346029999665916
0.6316830003634095
0.6235020002350211
0.629499000031501
0.6699749999679625
0.6276489999145269
0.6237960001453757
0.6442460003308952
0.6421439996920526
0.639293999876827
0.6249270001426339
0.6397539996542037
0.649282000027597
0.6395180001854897
0.6444859998300672
0.6708010002039373
0.6296699997037649
0.6351900002919137
0.6286369999870658
0.6380110001191497
0.6130639999173582
0.6370840002782643
0.6461960002779961
0.6347620002925396
0.6257810001261532
0.6387700000777841
0.6662550000473857
0.660929000005126
0.6422820002771914
0.6505169998854399
0.6352500002831221
0.631175999995321
0.6365299997851253
0.6414100001566112
0.6779860001988709
0.6452440000139177
0.6434190003201365
0.6411689999513328
0.6454980000853539
0.6217470001429319
0.6438279999420047
0.6390000004321337
0.637362000066787
0.631349999923259
0.6383019997738302
0.6361949997954071
0.6341110002249479
0.6685530003160238
0.6363620003685355
0.6370810000225902
0.6283430000767112
0.6339360000565648
0.22040800005197525
0.6447009998373687
0.6380219999700785
0.6422299998812377
0.6584689998999238
0.651642999611795
0.6299600000493228
0.6440580002963543
0.6387209999375045
0.6334939999505877
0.6398750003427267
0.6157430000603199
0.6167209995910525
0.6353869996964931
0.6198889999650419
0.6361850001849234
0.6285149999894202
0.6272159996442497
0.6330049997195601
0.6589730000123382
0.6109750000759959
0.623505000025034
0.6268099998123944
0.6702549997717142
0.6315890001133084
0.61538300011307
0.6185469999909401
0.6299509997479618
0.633564000017941
0.619351000059396
0.669421000406146
0.6500339997000992
0.6613309998065233
0.6338059999980032
0.6233140002004802
0.2295630001462996
0.6349929999560118
0.6374539998359978
0.6364450003020465
0.615726999938488
0.6155249997973442
0.6359569998458028
0.6319300001487136
0.6487089996226132
0.6302449996583164
0.6131290001794696
0.6523269996978343
0.637638000305742
0.6172789996489882
0.631978000048548
0.6165849999524653
0.6164190000854433
0.6375969997607172
0.6270880000665784
0.6506170001812279
0.6358110001310706
0.6332429996691644
0.6851950003765523
0.6160510000772774
0.6347770001739264
0.6321760001592338
0.6599850002676249
0.6742739998735487
0.6261880001984537
0.6226319996640086
0.6526639997027814
0.6155479997396469
0.6203120001591742
0.6369990003295243
0.6433340003713965
0.6498429998755455
0.6416339999996126
0.631290000397712
0.6267119999974966
0.6204500002786517
0.615282999817282
