4.3142629992216825
1.147393999621272
1.106208000332117
1.0884910002350807
1.150653000921011
1.063653999939561
1.0848469994962215
1.0958539992570877
1.1334979999810457
1.0620699990540743
1.1296490002423525
1.0627089999616146
1.0493850000202656
1.119047999382019
1.0539100002497435
1.007140999659896
1.0035139992833138
1.03163200058043
0.9742549993097782
0.9834340009838343
0.9939860012382269
1.004058999940753
0.9462440013885498
1.0023730006068945
0.8718729987740517
0.8924380000680685
0.861965000629425
0.8868950009346008
0.8600460011512041
0.858746999874711
0.8681929986923933
0.879381999373436
0.8683359995484352
0.8432340007275343
0.8553089983761311
0.961047999560833
0.9558269996196032
0.912457000464201
0.8647150006145239
0.8655409999191761
0.9879149999469519
0.9671829994767904
0.9846560005098581
0.85856700129807
0.8865419998764992
0.8521389998495579
0.8441349994391203
0.8516450002789497
0.9570020008832216
0.8601930011063814
0.880952998995781
0.8525109998881817
0.8697800002992153
0.8536299988627434
0.8492590002715588
0.8523610010743141
0.8487250003963709
0.8532339986413717
0.8480920009315014
1.8711320012807846
0.8366490006446838
0.9383519999682903
0.8530509993433952
0.872503001242876
0.8446559999138117
0.8450990002602339
0.8559210002422333
0.8407489992678165
0.8287799991667271
0.8803579993546009
0.8584630005061626
0.9518909994512796
0.9437380004674196
0.9263499993830919
0.9512239992618561
0.9705030005425215
0.8561639990657568
0.8443919997662306
0.842424999922514
0.8357319999486208
0.8991979993879795
0.934824999421835
0.9566810000687838
0.9408199992030859
0.9414900001138449
0.9276780001819134
0.9280249997973442
0.8551230002194643
0.8127439990639687
0.8344580009579659
0.8419289998710155
0.8213809989392757
1.1459790002554655
0.8280269987881184
0.8819409999996424
0.8393469993025064
0.838713999837637
0.9347840007394552
0.8383969999849796
0.8338259998708963
0.8286930005997419
0.8408070001751184
0.8706000000238419
0.8786849994212389
0.8344969991594553
0.8657660000026226
0.8397549986839294
0.8372820001095533
0.8225179985165596
0.8556770011782646
0.8288770001381636
0.8225020002573729
0.8541239984333515
0.8820939995348454
0.8535779993981123
0.8273579999804497
0.9071520008146763
1.7149229999631643
0.9154580011963844
0.9245490003377199
0.9019479993730783
0.9089609999209642
0.9229370001703501
0.8939740005880594
0.8978820014744997
1.1383899990469217
0.9177069999277592
0.9125970005989075
1.0363650005310774
0.8907140009105206
0.9352909997105598
0.8548619989305735
0.7936860006302595
0.8315660003572702
0.7954019997268915
0.8026019986718893
0.8127699997276068
0.795634999871254
0.8049669992178679
0.792790999636054
0.7866889983415604
0.8276790007948875
0.8048000000417233
0.8005459997802973
0.8131749983876944
0.7809549998492002
0.7981439996510744
0.8249900005757809
0.7996120005846024
0.7937940005213022
0.7851449996232986
1.0754659995436668
0.792731000110507
0.8085210006684065
0.7987990006804466
0.803074000403285
0.7916640006005764
0.8216789998114109
0.7934940010309219
0.8202889990061522
0.8054990004748106
0.28468899987637997
0.788137000054121
0.8944729994982481
0.8778329994529486
0.9810559991747141
0.9055639989674091
0.8878830000758171
0.8728960007429123
0.8959640003740788
0.8879010006785393
0.9437269996851683
0.8884430006146431
0.775620000436902
0.7795049995183945
0.796059001237154
0.8273399993777275
0.7978530004620552
0.8002349995076656
0.7984999995678663
0.7907530013471842
0.7716950010508299
0.7668360006064177
0.7642979994416237
0.8144860006868839
0.8462940007448196
0.9115260001271963
0.9083960000425577
0.8785549998283386
0.9110080003738403
0.8597160000354052
0.9136670008301735
0.8561859987676144
0.894140001386404
0.9187930002808571
0.835547000169754
0.7689469996839762
0.747019000351429
0.7769630011171103
0.8281979989260435
0.7856130003929138
0.7703740000724792
0.7669119983911514
0.7769940011203289
0.8003690000623465
0.7992409989237785
0.8139220010489225
0.7887910008430481
0.7909540012478828
0.26208600029349327
0.7770220004022121
0.7671900000423193
0.7773230001330376
0.7974660005420446
0.7773850001394749
0.7634850014001131
0.783253999426961
0.8341100011020899
0.7802760004997253
0.7732220012694597
0.7642339989542961
0.77322500012815
0.788952000439167
0.7614850010722876
0.7803899999707937
0.7646490000188351
0.779569000005722
0.7846870012581348
0.8186840005218983
0.7819250002503395
0.776486000046134
0.7907289993017912
0.7569009996950626
0.7607470005750656
0.7750119995325804
0.7775779999792576
0.8257839996367693
0.7720010001212358
3.7345420010387897
0.7490619998425245
0.7592620011419058
0.8034520000219345
0.7408309988677502
0.7609009984880686
0.7963079996407032
0.7515760008245707
0.7578489985316992
0.7315799985080957
0.7501810006797314
0.747001999989152
0.7502009999006987
0.7600560002028942
0.7333260010927916
0.7419449985027313
0.7487520016729832
0.7496680002659559
0.7521839998662472
0.7996190004050732
0.7364950012415648
0.7641679998487234
0.7824610006064177
0.7735450007021427
0.7564000003039837
0.8554159998893738
0.749142998829484
0.7503549996763468
0.740217000246048
0.8173930011689663
0.8038929998874664
0.7590830009430647
0.7659290004521608
0.7453409992158413
0.7527949996292591
0.7756850011646748
0.7491149995476007
0.7564460001885891
0.7564310003072023
0.7550060003995895
0.7522400002926588
0.7666539996862411
0.7635559998452663
0.7509449999779463
0.7876479998230934
0.7495309989899397
0.7544750012457371
0.7507549989968538
0.8289459999650717
0.7449709996581078
0.7592489998787642
0.753973999992013
0.7460360005497932
0.7521660011261702
0.7495369985699654
0.7820239998400211
0.7550200000405312
0.7564520016312599
0.7733900006860495
0.7488180007785559
0.7445190008729696
0.7587320003658533
0.7600490003824234
0.7412010002881289
0.7641429994255304
0.7559510003775358
0.7506310008466244
0.7947359997779131
0.7558770012110472
0.7475519999861717
0.7904870007187128
0.7445569988340139
0.7561729997396469
0.7641610000282526
1.8460200000554323
0.731436999514699
0.7446550000458956
0.7604990005493164
0.7303179986774921
0.7470989990979433
0.7414260003715754
0.7355299983173609
0.4023419991135597
0.7390810009092093
0.7417089994996786
0.7215349990874529
0.7426989991217852
0.7837920002639294
0.7797170002013445
0.7389799989759922
0.7359410002827644
0.7126519996672869
0.768716000020504
0.7719830013811588
0.7386559993028641
0.7237960007041693
0.7223800010979176
0.7703590001910925
0.7237410005182028
0.7592159993946552
0.7150919996201992
0.7333510015159845
0.7275590002536774
0.7353060003370047
0.7790389992296696
0.730409000068903
0.7287230007350445
0.7186020016670227
0.7320550009608269
0.7340200003236532
0.7359769996255636
0.7359020002186298
0.7462060004472733
0.7702000010758638
0.7325539998710155
0.7235150001943111
0.724906999617815
0.7410850003361702
0.7581979986280203
0.7230050005018711
0.7293459996581078
0.7383500002324581
0.7414330001920462
0.7364900000393391
0.730324000120163
0.7204459998756647
0.7441179994493723
0.7393509987741709
0.733144000172615
0.739146001636982
0.7292400002479553
0.7469040006399155
0.7366690002381802
0.7260149996727705
0.7257679998874664
0.7303999997675419
0.736795999109745
0.7247659992426634
0.7315020002424717
0.7553320005536079
1.312636001035571
0.7739330008625984
0.7583179995417595
0.7489279992878437
0.7438820004463196
0.7958280015736818
0.7533749993890524
0.7770649995654821
0.7501159999519587
0.7641589995473623
0.7526169996708632
0.7903710007667542
0.7612699996680021
0.7615459989756346
0.7860959991812706
0.7887539993971586
9.858595000579953
0.7432520017027855
0.728770999237895
0.7954259999096394
0.7452460005879402
0.7779500000178814
0.7739620003849268
0.7412640005350113
0.8300589993596077
0.848089998587966
0.800050999969244
0.7406939994543791
0.7794310003519058
0.7767309993505478
0.7485339995473623
0.7582689989358187
0.7453579995781183
0.7451779991388321
0.7588870003819466
0.7516210004687309
0.7473569996654987
0.7321759983897209
0.74520100094378
0.7772220000624657
1.5140139982104301
0.7393390014767647
0.7567779999226332
0.7532039992511272
0.7286780010908842
0.7351630013436079
0.7715509999543428
0.7550059985369444
0.8396829999983311
0.7299320008605719
0.7370439991354942
0.7576919998973608
0.7326480001211166
0.8042550012469292
0.7413929998874664
0.7329779993742704
0.7375579997897148
0.7683300003409386
0.7350590005517006
0.7711689993739128
0.7636740002781153
0.7246640007942915
0.7427890002727509
0.7315830010920763
0.7242939993739128
0.7329490017145872
0.7365520000457764
0.7370350006967783
0.7211920004338026
0.7320940010249615
0.7377550005912781
0.7932720016688108
0.7432390004396439
0.7296190001070499
0.7751070000231266
0.7251629997044802
0.7344929985702038
0.7352240011096001
0.7452939990907907
0.7465989999473095
3.6883799992501736
0.7691689990460873
0.730111001059413
0.7710239998996258
0.757252000272274
0.7388069983571768
4.632794998586178
0.6996690016239882
0.7134599983692169
0.7457940001040697
0.7140820007771254
0.751452000811696
0.7085450012236834
0.7172490004450083
0.7213220000267029
0.7110040001571178
0.7172209993004799
0.7148810010403395
0.7119410000741482
0.7139800004661083
0.7054249998182058
0.7069939989596605
0.7205219995230436
0.7062940001487732
0.6983720008283854
0.7152839992195368
0.7133310008794069
0.6938320007175207
0.729195000603795
0.7121309991925955
0.691856998950243
0.707701999694109
0.7376380003988743
0.7174890004098415
0.7354850005358458
0.7155870012938976
0.7054540012031794
0.740404000505805
0.7027219999581575
0.8234160002321005
0.7144520003348589
0.7118590008467436
0.7248410005122423
0.7234690003097057
0.7178110014647245
0.7038420010358095
0.6977040003985167
0.7113540004938841
0.7133389990776777
0.7097360007464886
0.7310720011591911
0.7244889996945858
0.7082239985466003
0.7156860008835793
0.724244000390172
0.7661889996379614
0.7206420004367828
0.7179439999163151
0.7010519988834858
0.713128000497818
0.7081969995051622
0.9930759984999895
0.7063619997352362
0.7033670004457235
0.7084369994699955
0.8067969996482134
0.708024000748992
0.7171579990535975
0.7260839994996786
0.703515999019146
0.7078520003706217
0.710207000374794
0.6977869998663664
0.7435299996286631
0.701307998970151
0.7467780001461506
0.714860999956727
0.7109699994325638
0.717434998601675
0.7177130002528429
0.7152789998799562
0.7084999997168779
0.7051769997924566
0.7168690003454685
0.7095919996500015
0.7062179986387491
0.7155450005084276
0.7021800000220537
0.7377400007098913
0.7132850009948015
0.71565099991858
0.3093349989503622
0.7138529997318983
0.6950390003621578
0.7217580005526543
0.7068079989403486
0.7458289992064238
0.756972000002861
0.7187379989773035
0.7122249994426966
0.7116729989647865
0.7039789985865355
0.7350660003721714
0.7427500002086163
0.7327479999512434
0.724431999027729
0.7411700002849102
1.2729560006409883
0.7267389986664057
0.7310409992933273
0.7296140007674694
0.26343800127506256
0.7304570004343987
0.7455470003187656
0.7236780002713203
0.7415519990026951
0.7464259993284941
0.7717860005795956
0.7332919985055923
0.7526969984173775
0.7343990001827478
0.7234049998223782
0.7438379991799593
0.7354600001126528
0.7621270008385181
0.7340700011700392
0.7458549998700619
0.7383510004729033
0.7450339999049902
0.7711829990148544
0.7408440001308918
0.7804910000413656
0.8127919994294643
3.017596000805497
0.8089819997549057
0.8455230016261339
0.7895950004458427
0.8613749984651804
0.8184779994189739
0.7997730001807213
0.8127210009843111
0.8478079997003078
0.860980000346899
0.8091439995914698
0.8329179994761944
0.8407930005341768
0.8219140004366636
0.8531050011515617
0.8171200007200241
0.8179739993065596
0.8559739999473095
0.803031999617815
0.8178770001977682
0.8201409988105297
0.851274998858571
0.8115029986947775
0.7228280007839203
0.7273149993270636
0.7320509999990463
0.7259880006313324
0.7156199999153614
3.612966999411583
0.6904360000044107
0.7420979999005795
0.7086040005087852
0.7184209991246462
0.7395760007202625
0.7144339997321367
0.7101239990442991
0.7115950006991625
0.7088329996913671
0.721068000420928
0.7075280006974936
0.7272040005773306
0.7119949981570244
0.697265001013875
1.2159369997680187
0.741227000951767
0.7064869999885559
0.7604629993438721
0.8025320004671812
0.8191640004515648
0.7954510003328323
0.7891290001571178
0.7829710002988577
0.8080630004405975
0.7915390003472567
0.79373399913311
0.8128980007022619
0.7673499993979931
0.8053609989583492
1.3587849996984005
0.7931459993124008
0.8017480000853539
0.7815219983458519
0.7798049990087748
0.80065300129354
0.7861019987612963
0.7917950004339218
0.8136139996349812
0.7915620002895594
0.26899100095033646
0.8101840000599623
0.709256000816822
0.7260829992592335
0.6932569984346628
0.6995539981871843
0.7130100000649691
0.700051000341773
0.7437539994716644
0.6998740006238222
0.7500709984451532
0.7008700016885996
0.6717290002852678
0.7319670002907515
0.6947079990059137
0.6855220012366772
0.6855750009417534
0.7069199997931719
0.7007379997521639
0.6986030004918575
0.6887550000101328
0.6938400007784367
0.6966290008276701
0.6986940000206232
0.6938489992171526
0.6845379993319511
0.6976880002766848
0.198250999674201
0.7076949998736382
0.6780519988387823
0.7309379987418652
0.6776009984314442
0.715931998565793
0.6961289998143911
0.7005129996687174
0.6885770000517368
0.689665999263525
0.6721369996666908
0.692561998963356
0.6971850004047155
0.6999520007520914
0.7491229996085167
0.6930640004575253
0.6636499986052513
0.6903069987893105
0.6962160002440214
0.675348998978734
0.7026199996471405
0.6965210009366274
0.6935590002685785
0.6837189998477697
0.4500409997999668
0.6946020014584064
0.6953079998493195
0.7028339989483356
0.697215000167489
0.6761499997228384
0.6866999994963408
0.7320849988609552
0.6904400009661913
0.7030330002307892
0.699966000393033
0.7425720002502203
0.7001830004155636
0.6847040001302958
0.7099649999290705
0.6988069992512465
0.7196969985961914
0.6793080009520054
0.6911549996584654
0.7143849991261959
0.6904830001294613
0.7297470010817051
0.6863560006022453
0.6961840000003576
0.7001389991492033
0.682905999943614
0.6867800001055002
0.6890190001577139
0.726537000387907
0.7015029992908239
0.6989480014890432
0.6796090006828308
0.6774679999798536
0.6959279999136925
0.6852369997650385
0.6993499994277954
0.6661699991673231
0.6751819998025894
0.6741550005972385
0.6797869987785816
0.6818779986351728
0.6946200001984835
0.7352820001542568
0.6861790008842945
0.7161980010569096
0.684994000941515
0.7136049997061491
0.6776369996368885
0.70244500041008
0.677954999729991
0.7002100013196468
0.6702410001307726
0.6945430003106594
0.7189499996602535
0.6755830012261868
0.6886339988559484
0.6709540002048016
0.7155459988862276
0.7001560013741255
0.6795430015772581
0.689113000407815
0.6817929986864328
0.2731170002371073
0.6919579990208149
0.6699999999254942
0.6736479997634888
0.6734340004622936
0.6757009997963905
0.7151190005242825
0.6740080006420612
0.6683369986712933
0.6941459998488426
0.698148999363184
0.6905840002000332
0.6876389998942614
0.6924469992518425
0.6919389981776476
0.6911469995975494
0.6933190003037453
0.6734749991446733
0.7035550009459257
0.6797030009329319
0.6776529997587204
0.71119299903512
0.6807499993592501
0.2181179989129305
0.6954080015420914
0.6969770006835461
1.618096001446247
0.6803300008177757
0.6850310005247593
0.6917739994823933
0.6794140003621578
0.6936130002140999
0.6708959992974997
0.664690000936389
0.6735430005937815
0.6808439996093512
0.6671510003507137
0.7140720002353191
0.6784240007400513
0.71930299885571
0.6938589997589588
0.6818460002541542
0.6727709993720055
0.680553000420332
0.6834430005401373
0.6838499996811152
0.7129740007221699
0.6835350003093481
0.6753930002450943
0.7174039985984564
0.6805409993976355
0.6618390008807182
0.6831320002675056
0.675968000665307
0.6953349988907576
0.6764540001749992
4.954874001443386
0.6530289985239506
0.6575889997184277
0.2194480001926422
0.6643050014972687
0.7081970013678074
0.6592129990458488
0.6670780014246702
0.6692629996687174
0.665455998852849
1.6344559993594885
0.6544780004769564
0.6368140000849962
0.6559709999710321
0.6630229987204075
0.6474990006536245
0.6493679992854595
0.6518130004405975
0.6630959995090961
0.6595580000430346
0.6530559994280338
0.666482001543045
0.6425010003149509
0.6695980001240969
0.6554490011185408
0.6715200003236532
0.6504640001803637
0.6572569999843836
0.6504900008440018
0.653481999412179
0.6558550000190735
0.6611560005694628
0.7123090010136366
0.6570560000836849
0.6460069995373487
0.6384139992296696
0.6599080003798008
0.6471250001341105
0.6488659996539354
0.6571800000965595
0.6541409995406866
0.6517310012131929
0.6504309996962547
0.6518299989402294
0.682736998423934
0.6618550010025501
0.6656359992921352
0.6468790005892515
0.70698899962008
0.6532469987869263
0.6836249995976686
0.6898790001869202
0.6525920014828444
0.6575429998338223
0.633907999843359
0.6732959989458323
0.6380350012332201
0.6462200004607439
0.6504939999431372
0.641482999548316
0.6332230009138584
0.6442700009793043
0.649397000670433
0.6353239994496107
0.22523699887096882
0.6442660000175238
0.6843759994953871
0.7058119997382164
9.71552599966526
0.642475999891758
0.643538998439908
0.6395849995315075
0.6834980007261038
0.6489039994776249
0.6374099999666214
0.6277010012418032
0.6243089996278286
0.6574839986860752
0.649337001144886
0.654356999322772
0.6746249999850988
0.6550850011408329
0.653404001146555
0.6776549983769655
0.636905999854207
0.641397001221776
0.6468909997493029
0.6610499992966652
0.6910960003733635
0.6284069996327162
0.6428660005331039
0.6630760002881289
1.7743959985673428
0.6475820001214743
0.6525149997323751
0.6299040000885725
0.6475639995187521
0.6559739988297224
0.6557039991021156
0.6554809994995594
0.6558860000222921
0.6470359992235899
0.6665419992059469
0.6471280008554459
0.6579509992152452
0.6550929993391037
0.6422799993306398
0.6548349987715483
0.665870999917388
0.6507749985903502
0.6569739989936352
0.6826800014823675
1.3870890010148287
0.6371100004762411
0.6409740000963211
0.6463339999318123
0.6105590015649796
0.6115610003471375
0.23157699964940548
5.499439001083374
0.6123659983277321
0.6177350003272295
0.6831880006939173
0.6206449996680021
0.6145660001784563
0.6058839987963438
0.6051119994372129
0.6194219999015331
0.610623998567462
0.604525001719594
0.6291370000690222
0.6070659998804331
0.6053940001875162
0.6009149998426437
0.6025529988110065
0.612381000071764
0.6097550000995398
0.6093269996345043
0.5894880015403032
0.6116269994527102
0.6152550000697374
0.609102001413703
0.6296390015631914
0.589699000120163
0.6104899998754263
0.6120840013027191
0.5978910010308027
0.5922689996659756
0.6125670000910759
0.6046399995684624
0.6107620000839233
0.6166139990091324
0.609145000576973
0.6004829984158278
0.6263410001993179
0.5982429999858141
0.6118600014597178
0.6154089998453856
0.6068240012973547
0.6069310009479523
0.6054649986326694
0.6521460004150867
0.6018169987946749
0.6082750000059605
0.6091060005128384
0.6171770002692938
0.6088379994034767
0.6074280012398958
0.6126509997993708
0.6076710000634193
0.6227530017495155
0.6253039985895157
0.5919220000505447
0.5946749988943338
0.6076970007270575
0.640607999637723
0.6126470007002354
0.6086079999804497
0.6199940014630556
0.6368649993091822
0.6152579989284277
0.6214489992707968
0.5842170007526875
0.6183899994939566
0.6112639997154474
0.6105710007250309
0.6158950012177229
0.6183950006961823
0.61353699862957
0.6170889995992184
0.6432840004563332
0.6114560011774302
0.6114509999752045
0.6387689989060163
0.6109229996800423
0.6129640005528927
0.6317700017243624
0.5970460008829832
0.6056749988347292
0.6077060010284185
0.6070349998772144
0.6146750003099442
0.6159300003200769
0.6124789994210005
0.6308970004320145
0.6078749988228083
0.6454090010374784
0.6261250004172325
0.6019850000739098
0.604433000087738
0.6090240012854338
0.6090489998459816
0.6125280000269413
0.61370600014925
0.611378001049161
0.6085379999130964
0.618172001093626
0.6108149997889996
0.6257969997823238
0.6225970014929771
0.6131419986486435
0.628956999629736
0.6105160005390644
0.6114949993789196
0.6314819995313883
0.5941610001027584
0.6205420009791851
0.647817000746727
0.6335739996284246
0.5964799989014864
0.5961990002542734
0.6090900003910065
0.6251730006188154
0.6173000000417233
0.6218200009316206
0.6068740002810955
0.643843000754714
0.6472260002046824
0.5982210002839565
0.6105580013245344
0.5971820000559092
0.6443080008029938
0.2744839992374182
0.6050689984112978
0.609935998916626
0.6036959998309612
0.5978289991617203
0.6067479997873306
0.645091999322176
0.6112440004944801
0.6154709998518229
0.6748679988086224
0.5973240006715059
0.6179450005292892
0.6134589985013008
4.507734000682831
0.5908749997615814
0.602394999936223
0.5970050003379583
0.6003719996660948
0.5879470016807318
0.5924630016088486
0.5943470001220703
0.59740100055933
0.6031889989972115
0.5982750002294779
0.5931689999997616
0.6355649996548891
0.5967100001871586
0.6098370011895895
0.6018139999359846
0.6170760001987219
0.6104320008307695
0.6021420005708933
0.6153720002621412
0.5932949986308813
0.5883840005844831
0.6143420003354549
0.5948640014976263
0.5963039994239807
0.19785800017416477
0.6001510005444288
0.6242709998041391
5.818328998982906
0.5568029992282391
0.573191000148654
0.5888999998569489
0.5815960001200438
0.6015140004456043
0.5777829997241497
0.5905630011111498
0.5942909996956587
0.6059559993445873
0.5736859999597073
0.5798760000616312
0.5920810010284185
0.5793200004845858
0.214283999055624
0.5628750007599592
0.5797070004045963
0.5991550013422966
0.5947710014879704
0.5885360017418861
0.5695509985089302
0.5978919994086027
0.5804399996995926
0.5654649995267391
0.5795809999108315
0.5595370009541512
0.5594450011849403
0.5716159995645285
0.5594120007008314
0.56963200122118
0.5732470005750656
0.5699350014328957
0.5561760012060404
0.5765770003199577
0.5689539983868599
0.5795610006898642
0.5936969984322786
0.5964030008763075
0.5846820008009672
0.30288900062441826
0.5848559997975826
0.5651889983564615
0.5896429996937513
0.5822289995849133
0.5819569993764162
0.5890570003539324
0.5721500013023615
0.5758699998259544
0.5863940007984638
0.5633870009332895
0.572630999609828
0.5628830008208752
0.5801619999110699
0.557880001142621
0.5556359998881817
0.5996059998869896
0.5645899996161461
0.5751649998128414
0.5822160001844168
0.5634960010647774
0.5854880008846521
0.5651489999145269
0.5751899983733892
0.5623240005224943
0.5774130001664162
0.5947610009461641
1.4072210006415844
0.6285809986293316
0.6336490008980036
0.6654959991574287
0.6359850000590086
0.6335800010710955
0.6403969991952181
0.6163699999451637
0.6196990013122559
0.6261139996349812
0.635683000087738
0.6215149983763695
0.6135140005499125
0.6115840002894402
0.6217859983444214
0.6311480011790991
0.6212430000305176
0.6148230005055666
0.6328259985893965
0.6405759993940592
0.6339459996670485
0.6651700008660555
0.6338960006833076
0.6733280010521412
0.6328500006347895
0.6344910003244877
0.6404320001602173
0.6347899995744228
0.6306260004639626
0.6212449986487627
0.6622089985758066
0.6259139999747276
0.6184360012412071
0.6397540010511875
0.6189419999718666
0.6341360006481409
0.6342510003596544
0.6335370000451803
0.6152049992233515
0.6361560001969337
0.6181020010262728
0.6335610002279282
0.6269729994237423
0.6253370009362698
0.6680840011686087
0.6366370003670454
0.638527000322938
0.6461929995566607
0.6396800000220537
0.7235850002616644
0.6312899999320507
0.6217229999601841
0.6637200005352497
0.655247999355197
0.6503790002316236
0.678642001003027
0.6535900011658669
0.6164750009775162
0.6293100006878376
0.619242999702692
0.6141689997166395
0.6329720001667738
0.6283529996871948
0.6348349992185831
0.624167999252677
0.66486999951303
0.6159489993005991
0.626850001513958
0.6791299991309643
0.6365250013768673
0.6246809996664524
0.6347270011901855
0.6269230004400015
0.6737440004944801
0.6341530010104179
0.6495439987629652
0.6351389996707439
0.6279000006616116
0.6387959998100996
0.6281460002064705
0.6331430003046989
0.6640730015933514
0.6472350005060434
0.6214460004121065
0.6383200008422136
0.6063560005277395
0.6251139994710684
0.6212750002741814
0.6194089986383915
0.6387239992618561
0.6409560013562441
0.632022999227047
0.6300539989024401
0.6596820000559092
0.6408500000834465
0.6583770010620356
0.6170820016413927
0.6266390010714531
0.6371040008962154
0.6107709985226393
0.6313060000538826
0.6389659997075796
0.6500400006771088
0.6282219998538494
0.6630249992012978
0.6335709989070892
0.6357209999114275
0.6257849987596273
0.6261640004813671
0.6397479996085167
0.6402310002595186
0.6302720010280609
0.6372670009732246
0.6118269991129637
0.6358419992029667
0.6368160005658865
0.6159780006855726
0.6360539998859167
0.631351999938488
0.624812999740243
0.6350270006805658
0.6157060004770756
0.6342270001769066
0.6335549987852573
0.6199830006808043
0.6242729984223843
0.6365339998155832
0.6354929991066456
0.6282649990171194
0.6388959996402264
0.6395079996436834
0.6249059997498989
0.6158060003072023
0.20115100033581257
0.6589709986001253
0.6301600001752377
0.6325160004198551
0.659366000443697
0.628515999764204
0.6598519999533892
0.6180340014398098
0.6382849998772144
0.6285379994660616
0.6468550004065037
0.6373800002038479
0.6370780002325773
0.6234879996627569
0.6229719985276461
0.6657710000872612
0.6199839990586042
0.6271160002797842
0.6381700001657009
0.6336690001189709
0.6213329993188381
0.6274609994143248
0.6747149992734194
0.6198159996420145
0.6377050001174212
0.6494599990546703
0.6528629995882511
0.6820139996707439
0.6278869993984699
0.6645180005580187
0.6675009988248348
0.68278600089252
0.6195219997316599
0.6414330005645752
0.6192480009049177
0.6281800009310246
0.6385839991271496
0.63255799934268
0.6391900014132261
0.2727290000766516
0.6370180007070303
0.6204810012131929
0.6329730004072189
0.22367299906909466
0.17894400097429752
0.6402669996023178
0.6393360011279583
0.6329320017248392
0.6207970008254051
0.629305999726057
0.6405669990926981
0.638901999220252
0.2308100014925003
0.6158159989863634
0.6320340000092983
0.28116300143301487
0.671772001311183
0.6218609996140003
0.6140310000628233
0.6301940008997917
0.6383040007203817
0.6536989994347095
0.6282980013638735
0.6337660010904074
0.6357060000300407
0.6337749995291233
0.6705799996852875
0.6299859993159771
0.27668000012636185
0.643265999853611
0.6330399997532368
0.6163139995187521
0.6493919994682074
0.6264880001544952
0.61281399987638
0.3665280006825924
0.669514998793602
0.6639489997178316
0.64121900126338
0.6256850007921457
0.6380780003964901
0.6665869988501072
0.6017359998077154
0.6391410008072853
0.6826169993728399
0.6736650001257658
0.6376200001686811
0.6316899992525578
0.6355050001293421
0.6306750010699034
0.6352930013090372
0.6784910000860691
0.6486980002373457
0.636684000492096
0.6284800004214048
0.6387539990246296
0.6194519996643066
0.6334189996123314
0.6335790008306503
0.626163000240922
0.6405090000480413
0.6678929999470711
0.6317749992012978
0.6308970004320145
0.6261680014431477
0.6326010003685951
0.6430799998342991
0.6232479996979237
3.1957830004394054
0.6619720011949539
0.6605289988219738
0.6177450008690357
0.6275539994239807
0.6093610003590584
0.6278469990938902
0.6172570008784533
0.6115809995681047
0.6117650009691715
0.6106419991701841
0.6132350005209446
0.6008920017629862
0.6140639986842871
0.619497999548912
0.5939290001988411
0.6456679999828339
0.6057629995048046
1.8374199997633696
0.6084679998457432
0.6105960011482239
0.6360679995268583
0.6030189990997314
0.6065320000052452
0.5928370002657175
0.6316299997270107
0.5993909984827042
0.6005769986659288
0.5908729992806911
0.5917040016502142
0.6406560000032187
0.6249450016766787
0.6004220005124807
0.6087449993938208
0.6092679984867573
0.619650000706315
0.5932529997080564
0.6113849990069866
0.6197650004178286
0.6337509993463755
0.592416999861598
0.6471440009772778
0.6216590013355017
0.591372000053525
0.7430680003017187
0.6044859997928143
0.5854889992624521
0.6107560005038977
0.585547000169754
0.6204639989882708
0.6127279996871948
0.5861419998109341
0.6465819999575615
0.6053069997578859
0.618130000308156
0.6194770000874996
0.5885329991579056
6.08636499941349
0.575381999835372
0.5978890005499125
0.5797109995037317
0.5767679996788502
0.5736190006136894
0.5820860005915165
0.5914050005376339
0.5840999986976385
0.5926280003041029
0.621849998831749
0.5897059999406338
0.5776120014488697
0.578192999586463
0.5731869991868734
0.5927729997783899
0.2888110000640154
0.6152410004287958
0.5939869992434978
0.5944889988750219
0.6306129992008209
0.5792559999972582
0.5944250002503395
0.5753729995340109
0.6004379987716675
0.5739089995622635
0.6157489996403456
0.5956029985100031
0.5785670001059771
0.5763879995793104
0.6148530002683401
0.5951580014079809
0.20568500086665154
9.66873800009489
0.55918899923563
0.5864029992371798
0.5691189989447594
0.568044999614358
0.5856189988553524
0.6059170011430979
0.5620039999485016
0.56258499994874
0.5774609986692667
0.5744559988379478
0.6227430012077093
0.613943001255393
0.5777630005031824
0.616601999849081
0.6026649996638298
0.5758350007236004
0.578125
0.5804819986224174
0.5662479996681213
0.5751600004732609
0.5683900006115437
0.5766879990696907
0.5642140004783869
0.5699610002338886
0.5982290003448725
2.5579289998859167
0.576859001070261
0.5693970005959272
0.5689840000122786
0.5685140006244183
0.5634909998625517
0.5599509999155998
0.5638310015201569
0.5620999988168478
0.5907419994473457
0.5768890008330345
0.5845780000090599
0.59735800139606
0.5727420002222061
0.6296950001269579
0.5749559998512268
0.5681650005280972
0.6061499994248152
0.5652040001004934
4.465939000248909
0.5498609989881516
0.5802440010011196
0.5508849993348122
0.5548069998621941
0.5738370008766651
0.5459850002080202
0.548412999138236
0.5464089997112751
0.550076000392437
0.5715410001575947
0.588578000664711
0.5516630001366138
0.5598879996687174
0.5547620002180338
0.5506980009377003
0.547673998400569
0.5603640004992485
0.5739769991487265
0.5431519988924265
0.6078169997781515
0.5666729994118214
0.5528459995985031
0.5882930010557175
0.5947309993207455
0.5752029996365309
0.566881000995636
0.5837929993867874
0.5649059992283583
0.5632240008562803
0.5464689992368221
0.5453929994255304
0.552394999191165
0.5590540003031492
0.5527539998292923
0.5690770000219345
0.5747559983283281
0.5991280004382133
0.5643010009080172
0.5689130015671253
0.5835149995982647
0.5683960001915693
0.6115250010043383
0.5951329991221428
0.5574949998408556
0.5865930002182722
0.567807000130415
0.5767379999160767
0.5732829999178648
0.5758819989860058
0.5484079997986555
0.5496759992092848
0.5464770011603832
0.5798790007829666
0.5480119995772839
0.5673940014094114
0.5680189989507198
0.5544180013239384
0.5547189991921186
0.5732070002704859
0.5529340002685785
0.5525620002299547
0.5568089988082647
0.5872670002281666
0.5622140001505613
0.5556710008531809
0.5570830013602972
0.5642639994621277
0.5502400007098913
0.557548999786377
0.5448830015957355
0.45900500006973743
0.5679389983415604
0.5456630010157824
0.6003029998391867
0.5546150002628565
0.5965599995106459
0.559816000983119
0.5536690000444651
0.5552719999104738
0.5655720010399818
0.5866499990224838
0.5961990002542734
0.5477619990706444
0.558984000235796
0.5584260001778603
0.5699439998716116
0.5601209998130798
0.5498490016907454
0.554407998919487
0.5715689994394779
0.554679999127984
0.5454879999160767
0.557388000190258
0.5950269997119904
0.5523499995470047
0.22755299881100655
0.5831749998033047
0.5533910002559423
0.5514850001782179
0.5889490004628897
0.5800039991736412
0.5514380000531673
0.5647059995681047
0.5701649989932775
0.5563389994204044
0.5530360005795956
0.5461780000478029
0.5741869993507862
0.5632340013980865
0.5538589991629124
0.5458840001374483
0.5634819995611906
0.5707189999520779
0.5572830010205507
0.5642360001802444
0.55778600089252
0.5648330003023148
3.9993099998682737
0.5487509984523058
0.5816479995846748
2.564547000452876
0.5469490010291338
0.5753559991717339
0.5905030015856028
0.543036000803113
0.5473570004105568
0.5486060008406639
0.546509999781847
0.5463100001215935
0.5484589990228415
0.5815530009567738
0.5607960000634193
0.5477220006287098
0.5336400009691715
0.5500300005078316
0.5637379996478558
0.6243179999291897
0.5480760000646114
0.5551049988716841
0.5594059992581606
0.5404820013791323
0.5413529984652996
0.561132000759244
0.5429670009762049
0.5614719986915588
0.5371009986847639
0.5836679991334677
0.541575999930501
0.5385760013014078
0.5632330011576414
0.5653849989175797
0.5499040000140667
0.5947069991379976
0.592187000438571
0.5408509988337755
0.546144001185894
0.6003189999610186
0.5471629984676838
0.5724880006164312
0.5451309997588396
0.5380229987204075
0.5555569995194674
0.5447270013391972
0.5780490003526211
0.5532530006021261
0.5477550011128187
0.548777999356389
0.5446279998868704
0.5420690011233091
0.5559919998049736
0.5555770006030798
0.5575509984046221
0.5483999997377396
0.5437059998512268
0.545329000800848
0.5528739988803864
0.5785600002855062
0.56717099994421
0.5517389997839928
0.5591009985655546
0.5495319999754429
0.5834170002490282
0.5435910001397133
0.5464019998908043
0.5467199999839067
0.5565179996192455
0.5434220004826784
0.5500799994915724
0.5793949998915195
0.22657999955117702
0.5483260005712509
0.5890339985489845
0.5400259997695684
0.5443029999732971
0.5498740002512932
0.5451029986143112
0.5717869997024536
0.5499799996614456
0.5723890010267496
0.5477129984647036
0.5435220003128052
0.5409689992666245
0.5496540013700724
0.545091999694705
0.5387490000575781
0.5485849995166063
0.19652300141751766
0.5470540001988411
0.5512340012937784
0.5429839994758368
0.5642850007861853
0.576426999643445
0.5614139996469021
0.5810449998825788
0.5784940011799335
0.5413119997829199
0.5467169992625713
0.5517580006271601
0.5514340009540319
0.5636940002441406
0.5502190012484789
0.5423809997737408
0.5695549994707108
0.5559620000422001
0.6332670003175735
0.5450679995119572
0.5461240001022816
0.5437570009380579
0.5584859997034073
0.5423729997128248
0.5463079996407032
0.5486260000616312
0.5800420008599758
0.6017269995063543
0.5586930010467768
0.5438279993832111
0.5538569986820221
0.5403630007058382
0.5480370000004768
0.3010200001299381
0.5509980004280806
0.5435659997165203
0.19521000050008297
0.5290040001273155
0.5484730005264282
0.5709530003368855
0.5480880010873079
0.44021299853920937
0.5421569999307394
0.548012999817729
0.5407919995486736
0.5426690001040697
0.5583379995077848
0.5527019985020161
0.555332999676466
3.9416150003671646
0.5297590009868145
0.5675429999828339
0.5394000001251698
0.5434479992836714
0.5367489997297525
0.539045000448823
0.5595589987933636
0.5865189991891384
0.5425000004470348
0.55141899921
0.5546639990061522
0.5519120004028082
0.5569959990680218
0.5530089996755123
0.5436899997293949
0.5367900002747774
0.5443840008229017
0.5338109992444515
0.5328349992632866
0.5293589998036623
0.5317100007086992
0.5747079998254776
0.5499879997223616
0.5402759984135628
0.5400939993560314
0.5877960007637739
0.5437270011752844
0.5375910010188818
0.5409079995006323
0.5333259999752045
0.5579200014472008
0.5358550008386374
0.5466230008751154
0.5285680014640093
0.6445289999246597
0.5341159999370575
0.5346019994467497
0.5328230001032352
0.5353420004248619
0.5434140004217625
0.5382439997047186
0.538969999179244
0.5531549993902445
0.5335639994591475
0.5458519998937845
0.5310810003429651
0.532557999715209
0.5369520001113415
0.5382209997624159
0.5652060005813837
0.5355079993605614
0.5973110012710094
0.5443970002233982
0.5442109983414412
0.5857529994100332
0.5337829999625683
0.5320919994264841
0.5475980006158352
0.5345080010592937
0.5449529998004436
0.534068999812007
0.5337029993534088
0.5346409995108843
0.5651280004531145
0.5348869990557432
0.5316169988363981
0.5577130001038313
0.545321999117732
0.5604050010442734
0.5413850005716085
0.5539430007338524
0.2270480003207922
0.5335540007799864
2.748191000893712
0.534893998876214
0.5313200000673532
0.5322709996253252
0.5812560003250837
0.5219640005379915
0.5360749997198582
0.5854129996150732
5.57795500010252
0.5753330010920763
0.5730339996516705
0.5808150004595518
0.5775290001183748
0.6045810002833605
0.5847580004483461
0.5814159996807575
0.5982810016721487
0.5762729998677969
0.5994169991463423
0.6220620013773441
0.5759319998323917
0.5951489992439747
0.5879960004240274
0.5766350012272596
0.579160001128912
0.5881230011582375
0.599566001445055
0.5991099998354912
0.6181920003145933
0.6076950002461672
0.5929550006985664
0.5780790001153946
0.5816250015050173
0.5786080006510019
0.6040879990905523
0.6424139998853207
0.6246549990028143
0.5964230000972748
0.317179000005126
0.5768780000507832
0.6004029996693134
0.575942998751998
0.5790030006319284
0.5841109994798899
0.6182439997792244
0.5861969999969006
0.5970750004053116
0.5853679999709129
0.5756069999188185
0.62567999958992
0.5879180002957582
0.5828259997069836
0.5953839998692274
0.5857339985668659
0.5740090012550354
0.5973579995334148
0.6027440000325441
0.6008930001407862
0.5982520002871752
0.5930580012500286
0.598624000325799
0.6112029999494553
0.584094999358058
0.6000059992074966
0.594675000756979
0.5821380000561476
0.6064250003546476
0.5877180006355047
0.6050090007483959
0.5713069997727871
0.6045190002769232
0.5768350008875132
0.596671000123024
0.5802420005202293
0.6282379999756813
0.598683999851346
0.5831640008836985
0.5966590009629726
0.5929690003395081
0.6043250001966953
0.575466999784112
0.5874070003628731
0.5761910006403923
0.5792590007185936
0.5762619990855455
0.5766829997301102
0.6220379993319511
0.6457629986107349
0.605519000440836
0.5959769990295172
0.5795089993625879
0.6151679996401072
0.5800759997218847
0.5853610001504421
0.5984530001878738
0.5744620002806187
0.6007410008460283
0.6014499999582767
0.59820800088346
0.5879680011421442
0.588816998526454
0.601927001029253
0.5860719997435808
0.6043650005012751
0.6077839992940426
0.583016000688076
0.5804709997028112
0.5789860002696514
0.577054999768734
0.5923900008201599
0.5782140009105206
0.5813909992575645
0.588740998879075
0.5972799994051456
0.595065999776125
0.5720550008118153
0.5748740006238222
