2.9688499998301268
1.9529770002700388
1.881024000234902
1.8139820001088083
1.9002930000424385
1.8516989997588098
1.89636699995026
1.8060619998723269
1.7548019997775555
1.7718670000322163
1.797139000147581
1.8334269998595119
1.6922480002976954
1.4449520003981888
1.6535670002922416
1.7361810002475977
1.7401580000296235
0.6208899999037385
1.6560129998251796
0.6619560001417994
1.6384279998019338
1.6758479997515678
1.8151569999754429
1.813843000214547
1.8871439998038113
1.8500760002061725
1.6149039999581873
1.8824399998411536
1.8636410003528
1.8337199999950826
1.8173289997503161
1.8836330003105104
1.6801450001075864
1.8156179999932647
1.8531500003300607
3.084915000014007
0.8154890001751482
1.8410660000517964
1.7940130000934005
1.8324550003744662
2.032662000041455
1.8471280001103878
1.865262999664992
1.8075330001302063
1.8722100001759827
1.827324999962002
1.8512809998355806
1.5729700000956655
1.8171280003152788
1.8184509999118745
1.8361120000481606
1.8006779998540878
1.8574540000408888
1.802159999962896
1.4560529999434948
1.8760499996133149
1.8635829999111593
1.7032980001531541
1.8145100004039705
5.065436000004411
3.3796169999986887
1.7596649997867644
1.7739729997701943
1.4201329997740686
1.8069199998863041
0.9932879996486008
1.7476659999229014
1.7519720001146197
1.755994000006467
1.7842939998954535
0.6023919996805489
1.7432000003755093
1.7288689999841154
1.8125299997627735
1.7479840000160038
1.812122999690473
1.7524309996515512
1.7741330000571907
1.7188489995896816
1.4743280000984669
1.7903269999660552
1.7249329998157918
1.7244250001385808
1.295466000214219
1.7495220000855625
3.141697000246495
1.7583639998920262
1.7448909999802709
1.737710999790579
1.7915520002134144
2.7305590002797544
1.5042690001428127
1.796779999975115
1.7330249999649823
1.7310659997165203
1.7837070003151894
4.14740899996832
1.6689180000685155
1.6832279996015131
1.728999000042677
1.671452000271529
1.733928999863565
1.6728790001943707
1.6967919999733567
3.1300570000894368
1.7309469999745488
1.7141799996607006
1.688843000214547
1.6868549999780953
1.9710469995625317
1.6866790000349283
1.6672939998097718
1.4027840001508594
1.642037000041455
1.7045630002394319
1.6975409998558462
1.6910639996640384
1.674713000189513
1.6840429999865592
1.6311639999039471
1.6870170002803206
1.8081429996527731
1.670449999626726
3.2362639997154474
1.727214999962598
1.6709239999763668
1.670274999924004
1.6904600001871586
3.2380459997802973
1.6861459999345243
1.698355000000447
1.6742859999649227
1.66879600007087
1.6400629999116063
1.7103070002049208
1.7293789996765554
1.6946739996783435
1.6672169999219477
1.6736230002716184
1.671970000024885
2.922636999748647
1.7149179996922612
1.685615999624133
1.7101679998449981
1.739472999703139
3.1074879998341203
1.7295599998906255
0.5780259999446571
1.683283000253141
1.74354699999094
2.6962899998761714
1.6906389999203384
1.748143000062555
1.6943150004372
1.6882380000315607
1.6873800000175834
1.7259280001744628
1.6920529999770224
1.7101059998385608
1.7171819997020066
1.6920479997061193
1.761818999890238
3.1933709997683764
1.6701540001668036
1.7819240000098944
1.7393930000253022
1.671521000098437
3.0875470000319183
1.6680429996922612
1.6999730002135038
1.6529149999842048
1.7329919999465346
1.7338689998723567
1.686156999785453
1.7099409997463226
1.6902230000123382
1.7002939996309578
1.6912670000456274
1.7269190000370145
1.7298109997063875
1.6838449998758733
1.7053789999336004
1.6793659999966621
1.6783689996227622
1.7248499998822808
1.655989000108093
1.720327999908477
1.636664000339806
1.5654519996605814
1.72890800004825
1.6914690001867712
1.6714220000430942
3.3838059999980032
1.6982060000300407
1.6998119996860623
1.68265900015831
1.6613909997977316
2.502478000242263
1.7263330002315342
1.699854000005871
1.6773700001649559
1.659269000403583
3.134721000213176
3.549459000118077
1.6415430000051856
1.6582320001907647
1.6865489999763668
3.0366670000366867
1.675937000196427
1.689811000134796
1.6724740001372993
1.636897999793291
1.6476350002922118
1.6973199998028576
2.44208599999547
1.5296460003592074
1.7059799996204674
2.608237999957055
1.6894140001386404
1.6365930000320077
1.6383369998075068
1.6509110000915825
1.6500189998187125
1.651310000102967
2.8381550000049174
1.6072329999879003
1.6478649997152388
3.908272000029683
1.594091999810189
3.161387000232935
1.6127399997785687
1.6423579999245703
1.661302000284195
1.6465890002436936
1.60459899995476
1.5993070001713932
1.6396119999699295
2.3227009996771812
3.486229999922216
1.652114000171423
1.4806220000609756
1.6141479997895658
2.310806999914348
2.2217149999924004
1.6542420000769198
1.6257079998031259
1.6410860000178218
1.7012080000713468
1.6070229997858405
3.0477390000596642
1.6179680000059307
1.614326000213623
2.151488999836147
1.5885589998215437
3.1878800000995398
1.6141459997743368
1.5757300001569092
1.5874899998307228
1.6232799999415874
3.072905999608338
1.7691399999894202
1.511926000006497
1.6059449999593198
1.564352999906987
1.5854279999621212
1.5968989999964833
1.5743100000545382
1.6035239999182522
0.826274000108242
1.612835000269115
1.6258840002119541
1.4253490003757179
1.2788080000318587
1.5769629999995232
1.5730499997735023
0.45496000023558736
1.0261579998768866
1.5488060000352561
1.615548999980092
1.6237920001149178
0.6423200001008809
1.6385660003870726
0.8676080000586808
4.415945999789983
0.8168740002438426
1.6015630001202226
1.6504830000922084
1.674794000107795
1.6624599997885525
0.7427139999344945
1.5921020000241697
1.6444760002195835
2.5686139999888837
1.5969440001063049
2.1000520000234246
1.6276659998111427
1.596570999827236
1.6094120000489056
1.6122999996878207
2.9803319997154176
1.5809270003810525
1.6360700000077486
1.597437999676913
1.651920999865979
1.1720690000802279
1.6016020001843572
1.6287310002371669
1.62545600021258
1.6244899998418987
0.4832140002399683
1.6592659996822476
1.6105880001559854
1.5957220001146197
1.6060669999569654
1.6087779998779297
1.6215219995938241
2.5578850000165403
1.6175319999456406
1.682907999958843
1.6153460000641644
1.6008649999275804
1.6111670001409948
1.5178300002589822
1.592234999872744
1.6455410001799464
2.4540679999627173
1.8769939998164773
1.6964349998161197
1.6552160000428557
1.6177010000683367
2.7890599998645484
1.5528530003502965
1.5807780004106462
1.5416290001012385
1.5788600002415478
1.6136880000121891
1.6086460002698004
1.6040300000458956
1.5768279996700585
1.54440200002864
1.5687829996459186
1.585878999903798
1.6276190001517534
1.6003370000980794
1.5704390001483262
1.5841899998486042
2.163412000052631
1.6085839997977018
1.5833829999901354
1.6241689999587834
3.0405439999885857
1.5979550001211464
1.5994480000808835
1.482712000142783
1.5326180001720786
3.000262000132352
1.5683889999054372
1.5691500003449619
1.5895100003108382
1.5553850000724196
2.7630139999091625
1.6126569998450577
1.5727360001765192
1.610249999910593
1.6062249997630715
2.9107989999465644
1.626858999952674
1.5671029998920858
1.5465699997730553
1.5484759998507798
3.0365380002185702
1.574957000091672
1.5507049998268485
1.6257690000347793
2.5152409998700023
1.5928139998577535
1.576177000068128
1.5477899997495115
1.5512439999729395
1.5977900000289083
1.5791239999234676
1.613516999874264
1.5941690001636744
1.5638040001504123
1.5478240000084043
1.5326869999989867
1.5587439998053014
1.5651099998503923
1.6165080000646412
1.5647860001772642
1.5705110002309084
2.5851800004020333
1.6052339999005198
1.6219580001197755
1.581135000102222
1.573888000100851
3.0229990002699196
1.4902879996225238
1.6057859999127686
1.6115010003559291
1.5558170001022518
3.1089860000647604
1.5495440000668168
1.5770330000668764
3.26339599955827
1.5621839999221265
1.5350549998693168
1.9761450001969934
1.5619390001520514
1.5543530001305044
1.5140140000730753
1.5503759998828173
2.9493789998814464
1.5077949999831617
1.5200240002013743
1.5568929999135435
1.5400799997150898
0.5492190001532435
1.5431589996442199
1.5613000001758337
1.473336999770254
1.5849279998801649
1.5065409997478127
1.583409999962896
1.553950000088662
1.579100000206381
1.5291840001009405
2.721047999802977
1.7302649999037385
1.582537999842316
1.5340830003842711
1.5168600003235042
1.5093379998579621
1.5102519998326898
1.5846159998327494
1.5773020000196993
1.5108150001615286
1.6043980000540614
1.5300890002399683
1.5200519999489188
1.995868000201881
1.4985450003296137
1.5137450001202524
1.541761000175029
1.5350100002251565
0.48458700021728873
1.5115400003269315
1.5242340001277626
1.50565700000152
1.5202679997310042
0.5731379999779165
1.4828520002774894
1.5110900001600385
1.5619250000454485
1.4752329997718334
1.5659159999340773
1.5007579997181892
1.4971999996341765
1.5507610002532601
1.5040059997700155
0.6252000001259148
1.5302539998665452
1.4958059997297823
1.5605929996818304
0.9744110000319779
1.5100119998678565
1.573021000251174
1.4780660001561046
1.5449500000104308
1.5301740001887083
1.5074450001120567
1.5150480000302196
1.501153000164777
1.4995909999124706
1.538133999798447
2.7081879996694624
1.5146070001646876
1.5083290003240108
1.5657299999147654
1.4926209999248385
1.5452430001460016
1.5326950000599027
1.5183390001766384
1.185033000074327
1.537438000086695
1.5635080002248287
1.575743000023067
1.5439019999466836
1.575405000243336
1.4016239996999502
1.580426000058651
1.5439869998954237
1.4988110000267625
1.496192999649793
1.5326490001752973
1.5391730000264943
1.4852529997006059
1.518620999995619
1.520724999718368
4.230632999911904
1.5111389998346567
1.5142059996724129
1.5367519999854267
1.5394889996387064
1.4999710000120103
1.4792189998552203
1.5537530002184212
1.5073939999565482
1.55068500014022
1.5457040001638234
1.540787999983877
1.5447979997843504
1.5045450003817677
1.5302430000156164
1.5260970001108944
1.5113699999637902
2.4526069997809827
1.498500999994576
0.7989399996586144
1.493898999877274
1.4908839999698102
1.5023270002566278
1.4963940000161529
1.486547999549657
1.487120000179857
1.503448999952525
1.508317000232637
1.5145390001125634
2.9377150000073016
1.5161799998022616
1.5017880001105368
1.5348020000383258
1.4785110000520945
2.6993630002252758
1.5432170000858605
1.5076549998484552
1.5005009998567402
1.469816000200808
1.4957039998844266
1.5285840001888573
1.494965000078082
1.4862329997122288
1.5087640001438558
0.9654769999906421
1.482607000041753
1.5283129997551441
0.7851929999887943
1.5374819999560714
1.4938050000928342
1.3905870001763105
1.4813919998705387
1.5051810001023114
1.5049100001342595
1.4814860001206398
0.6493759998120368
2.568647999782115
1.5118180001154542
1.4993559997528791
1.5494589996524155
1.5019290000200272
1.9571139998733997
1.482342000119388
1.491687999572605
1.4785839999094605
1.4848389998078346
1.5024040001444519
1.4729700000025332
1.4955239999108016
1.5066829998977482
1.4964409996755421
1.498060000129044
1.5646760002709925
1.5363799999468029
1.5016069998964667
1.5541670001111925
1.4860279997810721
1.4908970003016293
1.3210459998808801
1.522605000063777
1.51696200016886
1.5689390003681183
1.7024429999291897
2.9479580000042915
1.4840409997850657
1.5347980000078678
1.5210649999789894
0.5530119999311864
1.5102630001492798
1.5443859999068081
2.7555130003020167
1.6565249999985099
1.6987600000575185
1.6363530000671744
1.6854220000095665
0.5423530000261962
1.6670450000092387
1.6491370000876486
1.6626780000515282
1.6490139998495579
1.6954739997163415
1.7110259998589754
1.6515210000798106
1.7129009999334812
1.70443099969998
1.6414239997975528
1.6692809998057783
2.9243270000442863
1.6885400000028312
1.654296999797225
1.6475469996221364
1.669139999896288
2.09127700002864
1.6539969998411834
1.6470290003344417
1.6708520003594458
1.6451929998584092
3.134416999761015
1.6919619999825954
1.680079999845475
1.676099999807775
1.6501899999566376
1.244524999987334
1.6586290001869202
1.6770470002666116
1.6469069998711348
1.612529999576509
1.644798000343144
1.6802190002053976
1.6891730003990233
1.6728119999170303
1.640093999914825
1.6546629997901618
1.6680740001611412
0.8411010000854731
1.673555999994278
2.9080610000528395
2.5621930002234876
2.049701000098139
2.0325389998033643
1.9130730000324547
2.018190999981016
2.00567700015381
2.0530010000802577
2.065415000077337
1.9634849997237325
1.933190000243485
1.7737070000730455
1.7270800000987947
1.9979509999975562
2.0537849999964237
1.724578000139445
1.2546819997951388
1.7808779999613762
1.5774550000205636
1.746919000055641
1.6987669998779893
2.2570049995556474
1.7676079999655485
1.3620319999754429
1.705246000085026
1.9805439999327064
1.9539960003457963
1.906771999783814
1.9308259999379516
2.6395950000733137
0.5808970001526177
3.9561459999531507
2.9572450001724064
1.8574660001322627
1.9778950000181794
1.9266690001823008
1.9640199998393655
1.9929680000059307
1.9193880003876984
2.0320709999650717
1.8963770000264049
1.9367309999652207
1.9252690002322197
2.027817999944091
1.9032009998336434
1.920725999865681
1.8991249999962747
1.9971099998801947
1.8909680000506341
2.4016920002177358
1.903411999810487
1.9516489999368787
1.9371539996936917
1.9427440003491938
1.9487789999693632
1.9608720000833273
4.369442000053823
2.066107999999076
1.708234999794513
1.8684829999692738
1.9288909998722374
1.8990139998495579
1.8522870000451803
1.870416000019759
1.9277129997499287
4.398552999831736
1.4997789999470115
1.8374489997513592
1.8630369999445975
1.0363640002906322
1.8671639999374747
1.8609140003100038
1.8471129997633398
2.439807000104338
1.8626190000213683
1.8454470001161098
1.826005999930203
1.5621670000255108
1.9077270003035665
1.8151100003160536
2.8918180000036955
1.7763470001518726
1.7518469998613
1.763243000023067
1.5691019999794662
1.599776000250131
1.7924319999292493
1.7673599999397993
1.765463000163436
1.8060609996318817
1.7556250002235174
1.993373000063002
1.569116000086069
1.7345890002325177
1.7787509998306632
1.7518990002572536
1.7433720002882183
1.7577450000680983
1.810463999863714
1.7374979997985065
3.2380530000664294
1.7539849998429418
1.7433840003795922
1.747959999833256
1.7495929999276996
1.7287369999103248
1.7792299999855459
1.729607000015676
1.7608659998513758
1.7177650001831353
1.7700850004330277
1.8047890001907945
1.7438479997217655
1.473424999974668
1.776053000241518
2.1987389996647835
1.6791670001111925
3.743034000042826
3.309398000128567
1.6607790002599359
1.7051409999839962
1.6865489999763668
0.7785519999451935
1.6765189999714494
1.6615089997649193
1.6886769998818636
1.6568379998207092
1.7139399996958673
1.6533070001751184
1.6991309998556972
1.690211999695748
1.670626999810338
1.8202289999462664
1.3737280000932515
1.615995999891311
1.6364629999734461
1.6649290001951158
1.6687059998512268
1.7060159998945892
3.241429000161588
1.6657189996913075
1.6419019997119904
1.6570049999281764
1.669210999738425
1.6762720001861453
1.6381939998827875
3.3432490001432598
1.6398080000653863
0.44983999989926815
1.6173709998838603
1.70161799993366
1.6232639998197556
1.688467999920249
1.6482819998636842
1.6709169996902347
1.6964679998345673
1.6680299998261034
1.4172320002689958
1.6795649998821318
1.6760489996522665
3.147435999941081
1.665074999909848
1.6774220000952482
1.688289999961853
1.651683000382036
1.678838999941945
2.157981999684125
1.6358659998513758
1.7125359997153282
1.6654900000430644
1.6960900002159178
1.1744439997710288
1.3820209996774793
1.6616899999789894
1.6547639998607337
1.676802999805659
1.6837289999239147
1.6814730004407465
1.638414999935776
1.2944379998371005
1.663406000006944
1.7173170000314713
1.6615209998562932
1.71672199992463
1.6223089997656643
1.6110400003381073
1.6356290001422167
1.6647690003737807
1.7138149999082088
1.6332880002446473
1.7258669999428093
1.6992580001242459
1.1947679999284446
0.5324020003899932
4.04302000021562
1.0754559999331832
1.608229999896139
1.6428799997083843
1.5969869997352362
1.6566240000538528
3.071580999996513
1.682726999744773
1.5815220000222325
0.8652240000665188
1.5957269999198616
3.057285000104457
1.6128439996391535
1.6542619997635484
1.0494719999842346
1.6213700002990663
1.6358969998545945
1.6169819999486208
1.6543339998461306
0.9870319999754429
1.6207190002314746
1.646964999847114
0.7168040000833571
1.6530379997566342
1.570963999722153
3.188576000276953
1.6073659998364747
1.4404509998857975
1.6034400002099574
1.0686850002966821
2.914395000319928
1.6050149998627603
1.5879560001194477
0.9522629999555647
1.5913090002723038
1.6089940001256764
1.581755000166595
1.5952749997377396
1.5982019999064505
1.6014819997362792
1.603990999981761
1.6506199999712408
3.0205180002376437
1.640020000282675
1.5693310000933707
1.6073210001923144
1.5996540002524853
2.8816499998793006
1.6042659999802709
1.6342339999973774
1.5989240002818406
1.615025999955833
1.6293380004353821
1.598333999980241
1.5718809999525547
1.6041180002503097
1.5685259997844696
1.6367130000144243
1.640978999901563
3.035850000102073
1.6384569997899234
2.0884850001893938
1.837556999642402
1.4974719998426735
1.7876860001124442
1.7640260001644492
1.697819999884814
1.8563190000131726
2.287355000153184
1.8617039998061955
1.723849999718368
1.7273309999145567
1.719879999756813
1.8106029997579753
1.7037700000219047
1.792105000000447
1.6409219997003675
1.900690000038594
1.6984260003082454
1.7366510001011193
3.32592700002715
1.7020470001734793
1.7207849998958409
1.7020290000364184
1.7488440000452101
3.1721380003727973
1.7170919999480247
1.7610310004092753
1.6201080000028014
1.6863640001975
1.6903570001013577
1.7343240003101528
1.7655569999478757
1.7552110003307462
1.651738999877125
1.697134000249207
1.7329310001805425
3.576547999866307
1.6634550001472235
1.6980630001053214
1.7582400003448129
1.7164889997802675
2.855049000121653
1.4553859997540712
1.7021619998849928
1.7490810002200305
1.677247999701649
1.268811000045389
1.718220999930054
1.7245269999839365
1.7200350002385676
1.7168460004031658
1.4333970001898706
1.607423999812454
3.2995000001974404
1.7154569998383522
1.6950559997931123
1.7269999999552965
1.7321370001882315
3.1543310000561178
1.7308519999496639
1.752204999793321
1.68272399995476
1.6172330002300441
1.758652999997139
1.7022110000252724
1.716012999881059
1.6686720000579953
1.6939799999818206
5.01878000004217
1.700995999854058
1.6140789999626577
1.6704809996299446
1.6885490003041923
1.701712999958545
1.6951799998059869
1.6883970000781119
1.5570640000514686
1.6402449999004602
1.708416999783367
4.605010999832302
1.6670840000733733
1.6461160001344979
1.6627490003593266
3.3624490001238883
1.7007909999229014
1.7002850002609193
1.684940000064671
1.7268130001612008
3.6642359998077154
1.6771069997921586
1.6380369998514652
1.6707830000668764
1.6379060000181198
1.6695309998467565
1.6992920003831387
1.6784589998424053
1.6270940001122653
1.6995469997636974
1.6292260000482202
1.6653290004469454
3.148187999613583
1.7902710000053048
1.6879319995641708
1.7143280003219843
1.6581050003878772
3.066928000189364
1.637798000127077
1.6747169997543097
1.6664640000090003
1.7510879999026656
3.090582000091672
1.7029599999077618
1.7218679999932647
1.7167480001226068
1.6461379998363554
1.6920040003024042
1.6546010002493858
1.7166019999422133
1.6361090000718832
1.655100000090897
3.6087410002946854
1.6611620001494884
1.619359000120312
1.6233819997869432
1.6108059999532998
1.601776999887079
1.6589580001309514
1.6233040001243353
1.6276179999113083
1.598273000214249
3.3451859997585416
1.6756409998051822
1.6126600001007318
1.6176140001043677
1.617066000122577
3.195180000271648
1.6400860003195703
0.602144000120461
1.616365000139922
1.6305889999493957
1.0406920001842082
1.6388429999351501
1.6659920001402497
1.635759999975562
1.6531859999522567
1.616868999786675
1.6099069998599589
0.5886340001598
1.6227310001850128
1.6626740000210702
1.5389939998276532
1.6295300000347197
1.640788999851793
1.6370099997147918
1.6440200000070035
1.6774900001473725
4.370920000132173
1.5706449998542666
1.5840210001915693
1.5514819999225438
3.220808000303805
1.6594039998017251
1.6125070000998676
2.2161730001680553
1.6115260003134608
3.50502200005576
1.5770949996076524
1.61105199996382
1.532231000252068
1.5611330000683665
1.5913879997096956
1.5596199999563396
1.6816419996321201
1.5591049999929965
1.5815230002626777
1.5695460001006722
1.615886999759823
1.5696640000678599
1.6016740002669394
1.623569999821484
1.6913840002380311
1.5472760000266135
1.6170330001041293
1.5912560001015663
0.6513249999843538
1.5851049995981157
1.566198999993503
1.5605230000801384
1.5957870003767312
1.5479589998722076
1.5506849996745586
1.583084000274539
1.593297999817878
3.092075000051409
1.0090109999291599
1.594550000037998
1.5744540002197027
1.5601519998162985
3.1524030002765357
1.5730159999802709
1.6277649998664856
1.6544280000962317
1.6278649996966124
1.5517840003594756
1.5645070001482964
1.3820520001463592
1.371022999752313
0.9113960000686347
1.6407500002533197
1.628364000003785
1.555166999809444
1.6154350000433624
1.4702989999204874
1.59933300036937
1.6378259998746216
1.603552000131458
1.5926560000516474
1.6536659998819232
1.5554109998047352
3.0252939998172224
1.592941999901086
1.5721749998629093
1.590236000251025
1.5518780001439154
3.25220699980855
1.2484199996106327
1.5758609999902546
1.629843999631703
1.591290000360459
1.5909799998626113
1.5819859998300672
1.5518559999763966
1.568387999664992
1.6180760003626347
1.598267000168562
1.664115000050515
1.566829999908805
1.5652980003505945
2.875962999649346
1.5521210003644228
4.080411999952048
1.5668919999152422
1.5595570001751184
2.865480999927968
1.615629999898374
1.5292899999767542
1.5282140001654625
1.5478039998561144
2.8549399999901652
1.5142520000226796
1.574767999816686
1.537856999784708
1.5569220003671944
1.5469909999519587
1.5950740003027022
1.5433449996635318
1.5401129997335374
1.596127999946475
1.5150179998017848
1.549240999855101
1.5409340001642704
1.5924210003577173
1.5572810000739992
1.6159550002776086
1.58438799995929
1.5387740000151098
1.5382559997960925
1.6001280001364648
1.5826779999770224
1.5508400001563132
1.6010469999164343
1.5407450003549457
1.5230469997040927
1.5335180000402033
1.5413149995729327
1.5481810001656413
1.5661359997466207
1.5930780000053346
1.5412010001018643
1.538232000079006
1.5405390001833439
1.5708910003304482
1.5438610003329813
1.6285820002667606
1.6081010000780225
1.5632569999434054
1.544133999850601
1.535938000306487
2.9290599999949336
1.7880890001542866
1.5901669999584556
1.5515729999169707
1.5820129998028278
1.6187769998796284
1.5391119997948408
1.5506119998171926
1.5202359999530017
0.4166699997149408
1.498572999611497
1.5842480002902448
1.5564550003036857
1.5699780001305044
1.5287620001472533
1.5245170001871884
1.5428430000320077
1.5567510002292693
1.5579340001568198
1.5765949999913573
1.516594999935478
1.536710999906063
1.5530769997276366
1.5507869999855757
1.5868170000612736
1.5532820001244545
1.5609389999881387
1.5510350000113249
1.5457689999602735
1.5336589999496937
1.6027970002032816
1.275417000055313
1.5759580000303686
1.5440420000813901
1.5189160001464188
1.535858000162989
1.5416710004210472
0.6108610001392663
1.5184920001775026
1.4993749996647239
1.5556589998304844
2.987189000006765
1.5664190002717078
1.5910549997352064
1.5042739999480546
1.2310790000483394
1.5450500003062189
1.5141480001620948
0.6465859999880195
0.7957830000668764
1.5156449996866286
1.5078779999166727
1.5716829998418689
1.369345999788493
0.3970180000178516
1.510164000093937
1.576813000254333
1.5235779997892678
1.5229249997064471
1.5217389999888837
2.981716999784112
1.514822999946773
1.5072360001504421
1.534427999984473
1.5292340000160038
3.0363429998978972
1.5520279998891056
1.5581299997866154
1.5368429999798536
1.518528999760747
1.5371070001274347
2.170378000009805
1.5635310001671314
1.5135659999214113
1.540533000137657
1.5776419998146594
1.5343880001455545
1.567360000219196
1.5147770000621676
1.5252390000969172
1.536110000219196
0.4389229998923838
1.5746590001508594
1.5830850000493228
1.506551000289619
1.5663550002500415
1.5416870000772178
2.822643999941647
1.576719000004232
1.5178669998422265
1.537795000243932
2.086983000393957
1.5317449998110533
1.5047120000235736
1.4821250000968575
1.5599020002409816
1.523408000357449
1.5439079999923706
1.5586669999174774
1.5128229996189475
1.5749850003048778
1.619272000156343
1.4859810001216829
1.4844299997203052
1.490302000194788
1.5434079999104142
1.532466999720782
1.54297999991104
1.5192080000415444
3.4270550003275275
1.5138409999199212
1.5824290001764894
1.420626999810338
1.5631960001774132
1.5486690001562238
1.5544099998660386
1.52462700009346
1.494807000271976
1.5398229998536408
1.561198000330478
1.544495000038296
1.5404560002498329
1.5793469999916852
1.508483000099659
1.5113280001096427
1.5032259998843074
2.693491999991238
1.506089999806136
0.5373899997211993
1.5218430003151298
1.5086249997839332
2.8790180003270507
1.5201980001293123
1.5247860001400113
1.4998629996553063
3.5051600001752377
1.4954650001600385
1.5282279998064041
1.4920020001009107
2.1999639999121428
1.5172669999301434
2.6309730000793934
1.6672700000926852
3.2146249995566905
1.624666000250727
1.6500879996456206
1.5958210001699626
1.6197560001164675
2.020488000009209
1.6670289998874068
1.690431000199169
1.6602229997515678
3.8984780004248023
1.640633000060916
1.6355590000748634
3.5463789999485016
1.6358639998361468
1.6430430002510548
1.6021050000563264
1.5468339999206364
1.5974240000359714
1.5844570002518594
1.6053369999863207
1.6065070000477135
1.6468569999560714
1.6252460000105202
1.6179680000059307
1.604233999736607
1.6213279999792576
1.5982869998551905
1.6805980000644922
1.6133790002204478
1.1991159999743104
1.6051430003717542
1.6268009999766946
1.617132999934256
1.6638259999454021
2.977337000425905
1.6026560002937913
1.527633999940008
1.652880999725312
1.6237889998592436
1.6061169998720288
1.5942580001428723
1.5995369995944202
1.6247749999165535
1.626947999931872
1.6158400001004338
1.654644999653101
1.623596000019461
1.618221000302583
1.603613999672234
1.6502869999967515
1.622072999831289
2.790313999634236
1.6427259999327362
1.6174320001155138
1.6192359998822212
1.5855509997345507
2.1028230004012585
1.6555129997432232
1.656512999907136
1.6232469999231398
1.6220329999923706
1.61310000019148
1.5983529998920858
1.5657970001921058
1.60143500007689
4.794943999964744
1.5435219998471439
1.494171000085771
1.5837319996207952
1.5440779998898506
1.614296999759972
1.5309899998828769
1.547567999921739
1.5168289998546243
1.5372200002893806
1.531147999688983
3.4299460002221167
1.5408759997226298
1.5765940002165735
1.618565000128001
1.4865210000425577
3.3716049999929965
1.5406599999405444
2.126757999882102
1.5903489999473095
1.5404880000278354
1.5885769999586046
1.5494869998656213
1.5346619999036193
1.5385869997553527
1.5387369999662042
1.5255439998582006
1.5651860004290938
2.2369849998503923
1.536201999988407
1.6004920001141727
1.5578789999708533
4.331836000084877
1.5610670000314713
1.5728619997389615
1.5868079997599125
1.5718829999677837
1.5841369996778667
1.540343000087887
1.536104999948293
1.5684219999238849
1.5269450000487268
1.5624540001153946
1.5685439999215305
1.5753290001302958
1.5209669996984303
1.5283939996734262
1.509156999643892
1.5116460002027452
1.548649000003934
2.595071000047028
1.5270509999245405
1.5557380001991987
3.067386000417173
2.0891929999925196
2.9468950000591576
1.5137420003302395
1.5045470003969967
1.488245999906212
1.456555999815464
1.4849270000122488
1.5142649998888373
1.513516000006348
1.479964999947697
0.4614530000835657
1.4778149998746812
1.469354999717325
1.5271359998732805
1.4804589999839664
1.519758999813348
1.5123069998808205
1.5113969999365509
1.5028429999947548
1.476619000080973
1.4554339996539056
2.401767000090331
1.483682000078261
1.5106290001422167
1.454812000039965
1.4563419995829463
1.4923970000818372
1.53671699995175
0.5584840001538396
1.4810570003464818
1.5088039999827743
1.5536319999955595
1.4825560003519058
1.4788790000602603
1.474823999684304
1.4817860000766814
1.4870409998111427
1.4604770001024008
1.4913210002705455
1.4290509996935725
1.48447100026533
1.9827919998206198
1.4706429997459054
1.4642630000598729
1.5370269999839365
3.15500900009647
1.4663189998827875
1.4940790003165603
1.4625389999710023
1.3471660003997386
1.4736520000733435
1.4780910001136363
1.461525000166148
1.5018080002628267
1.4817490000277758
1.5103009999729693
2.6333600003272295
1.4636070001870394
1.493563000112772
1.447035000193864
1.4395080003887415
2.6838199999183416
1.4824520000256598
1.4628429999575019
1.4568110001273453
1.420272999908775
1.4518349999561906
1.4618830000981688
1.4812179999426007
1.515609999652952
1.4303160002455115
1.4504630002193153
1.4208790003322065
1.453460999764502
1.433287000283599
1.4593650000169873
2.658250999636948
1.4839749997481704
1.4266920001246035
1.494692999869585
0.6549439998343587
2.76097400020808
1.4178599999286234
1.4270629999227822
1.4213729999028146
1.4216350000351667
1.4664000002667308
1.4770269999280572
1.4590659998357296
1.432190999854356
1.5048250001855195
1.4477319996804
1.4501220001839101
1.4372760001569986
1.4950870000757277
1.4503370001912117
2.6024329997599125
1.4845170001499355
1.4900639997795224
1.4355410002171993
1.4829440000467002
2.819358999840915
1.4337840001098812
1.4262620001100004
1.4172419998794794
1.4368409998714924
2.410864000208676
1.4838090003468096
1.4672520002350211
1.444738999940455
1.4771870002150536
0.40357100032269955
1.443053999915719
1.4451480000279844
1.4289869996719062
1.4883400001563132
2.853101999964565
1.4375240001827478
1.3905629999935627
3.9286349997855723
1.389382999856025
2.6119719999842346
1.437332000117749
1.3978029997088015
1.3802689998410642
1.4061090000905097
1.4063960001803935
1.3858099998906255
1.4515599999576807
1.4000339997000992
1.46071399981156
1.4420300000347197
1.3760379999876022
1.4291689996607602
1.427608999889344
1.3854370000772178
2.5806379998102784
1.4712559999898076
1.4353700000792742
1.4444940001703799
1.3888779999688268
0.8266469999216497
1.400617000181228
1.430790999904275
1.1864040000364184
1.3953309999778867
1.4126750002615154
1.4363599997013807
1.4139160001650453
1.391701000276953
1.398300999775529
1.3931410000659525
1.4016229999251664
1.4585309997200966
1.793349999934435
1.3976509999483824
1.461165999993682
1.4066139999777079
1.424616999924183
1.451951999682933
1.430251999758184
1.3892569998279214
1.3763550003059208
1.3869509999640286
1.4180970001034439
1.4354860000312328
1.40685599995777
1.4388340003788471
1.4128499999642372
1.402355999685824
1.4464620002545416
1.3696440001949668
1.4402100001461804
1.4218079997226596
1.3898499999195337
1.4603729997761548
1.401225000154227
1.390637000091374
1.385590999852866
1.398827999830246
1.435023999772966
1.3995590000413358
1.446330000180751
2.594020999968052
1.447936000302434
1.3902980000711977
1.3958769999444485
1.4582670000381768
1.3987739998847246
1.440059999935329
1.452769000083208
1.4126200000755489
1.4334300002083182
1.426012999843806
1.3852140000090003
1.4281470002606511
1.387241999618709
1.4050489999353886
0.5999760003760457
1.4181249998509884
1.404670000076294
2.683980999980122
1.3901790003292263
1.3800119999796152
1.3915179995819926
1.4115739995613694
1.4445480001159012
1.411997000221163
1.3913969998247921
1.3888789997436106
1.382410999853164
1.3996680001728237
1.4029190000146627
1.415531000122428
1.3712730002589524
1.4353680000640452
1.3970320001244545
1.3870399999432266
1.3691310002468526
1.3846909999847412
1.4039030000567436
2.683716000057757
1.3932179999537766
1.38610399980098
1.437845999840647
1.3904980001971126
1.3927539996802807
1.3936600000597537
1.4508309997618198
1.3931859997101128
1.4054900002665818
1.3766640000976622
1.360971000045538
1.3671300001442432
1.3765429998748004
4.4582070000469685
1.3573830001987517
2.22669899975881
1.403957000002265
2.1272760001011193
0.3490389999933541
1.3621890000067651
1.3581070001237094
1.40123900026083
1.375985000282526
1.42751199984923
1.3731080000288785
1.3804240003228188
1.3942080000415444
1.4197569997049868
1.3668849999085069
1.3852710002101958
1.3891459996812046
1.3801830001175404
1.415965999942273
2.511297000106424
1.3834259998984635
2.7207200000993907
1.4006270002573729
1.3926149997860193
1.4027019999921322
1.3937429999932647
1.350647000130266
1.3642579996958375
1.4004660001955926
1.403686000034213
1.3659129999578
1.434660999570042
1.40634600026533
1.4303919998928905
1.3989929999224842
0.48064299998804927
1.026930999942124
1.381709000095725
1.3681769999675453
1.3708629999309778
1.382323999889195
4.438884999603033
1.3655540002509952
1.3548460002057254
0.8638389999978244
0.5433040000498295
1.4202770004048944
1.3775349999777973
1.3583500003442168
1.3470040000975132
1.379584999755025
1.3975829998962581
1.3698450000956655
1.3762240000069141
1.3661299999803305
1.351081000175327
1.3798870001919568
1.3612160002812743
1.3547620000317693
2.570638000033796
1.3474289998412132
2.6080080000683665
1.3325680000707507
1.3756699999794364
1.388251000083983
1.3391330000013113
0.39803100004792213
1.3525240002200007
1.335287000052631
1.3426419999450445
1.3571029999293387
1.3733669999055564
1.38761099986732
1.366357000079006
1.3589530000463128
1.3527029999531806
1.3274540002457798
2.513419999741018
1.3765369998291135
1.412076000124216
1.3543430003337562
1.4179930002428591
1.3953999998047948
1.3494159998372197
1.3896409999579191
3.61043700017035
1.5991930002346635
1.3530600001104176
1.3466869997791946
1.3551300000399351
1.343481999821961
2.8885349999181926
2.589343000203371
1.3268630001693964
1.379507000092417
0.7809569998644292
1.3242589998990297
1.3084619999863207
1.3279109997674823
1.3781379996798933
1.3263220000080764
1.3018290000036359
1.3718619998544455
1.3267570002935827
1.327508000191301
1.337046999949962
1.3128919997252524
1.3853480000980198
1.3705130000598729
1.3108910000883043
1.310723999980837
1.315338000189513
1.366797000169754
1.3093980001285672
1.375077999662608
1.3743959995917976
1.3610249999910593
1.2896929997950792
1.3019320000894368
1.322639999911189
1.3532419996336102
1.3643770003691316
1.3454899997450411
1.342250999994576
1.3127539996057749
1.3570190002210438
1.3622969998978078
1.3176609999500215
1.3371090004220605
1.3030840000137687
1.4466320001520216
1.2989659998565912
1.3295650002546608
1.3031629999168217
1.3509499998763204
1.3676539999432862
1.3253770000301301
1.3515439997427166
1.3425759999081492
1.3446909999474883
1.3718090001493692
1.3773229997605085
3.8167980001308024
1.2796080000698566
1.309424000326544
1.3205730002373457
1.3392360000871122
4.338750000111759
1.5839680000208318
1.3271559998393059
1.3459129999391735
1.3149700001813471
0.7605280000716448
0.4169250000268221
1.2834530002437532
1.3088369998149574
1.0272510000504553
1.3140520001761615
1.322643999941647
1.360716000199318
4.314276000019163
1.3014310002326965
1.2864350001327693
1.2922519999556243
1.323722000233829
1.3455739999189973
1.314336999785155
0.8215459999628365
1.2680950001813471
1.3544640000909567
1.2837199997156858
1.3415979999117553
1.331670000217855
1.3247940000146627
1.3283830001018941
1.3228670000098646
1.3268309999257326
1.2794909998774529
1.2920580003410578
1.2921760003082454
1.348616000264883
1.340907999780029
1.2886639996431768
1.2919010003097355
1.3100600000470877
1.2868719999678433
1.2954579996876419
1.3621629998087883
1.314276000019163
1.3171439999714494
1.3471200000494719
1.3115029996261
1.2789850002154708
1.3533510002307594
1.2943289997056127
1.3098810003139079
1.320370000321418
1.3266019998118281
1.3140449998900294
1.3546569999307394
1.312493999954313
1.346915999893099
1.293177000246942
1.286393000278622
1.3123010001145303
1.302703999914229
1.303578000050038
1.3452739999629557
2.557794999796897
1.3693699999712408
1.2872770000249147
1.2956119999289513
1.3783829999156296
1.3002510000951588
1.2826990000903606
1.311006000265479
2.3995070001110435
1.512438999954611
1.4954269998706877
1.5017069997265935
1.5503040002658963
3.0940709998831153
1.4889199999161065
1.5400189999490976
1.5597339998930693
1.4927350003272295
3.139060000423342
1.5250079999677837
1.5129939997568727
1.5400680000893772
0.7976230001077056
2.752820999827236
1.5281909997574985
1.5146659999154508
1.490290999878198
1.5735879996791482
1.5029400000348687
1.5292269997298717
1.514388000126928
1.5777259999886155
1.5479000001214445
1.5182520002126694
1.511384000070393
0.5410119998268783
1.5129289999604225
1.4867849997244775
1.9407100002281368
1.4922969997860491
1.5677229999564588
1.535759000107646
2.258133000228554
3.0502729997970164
1.5252060000784695
1.4841319997794926
1.474669000133872
1.3368739997968078
1.4817399997264147
1.4824220002628863
1.5264909998513758
1.4682920002378523
1.4729430000297725
1.4798920000903308
1.493375000078231
1.4939850000664592
1.4869960001669824
1.523215000052005
2.375289000105113
1.5363940000534058
1.4855849999003112
1.4600749998353422
1.4994850000366569
2.7705119997262955
1.4907669997774065
1.4944869996979833
0.445698999799788
1.5702349999919534
1.5261989999562502
1.4802910001017153
1.539113000035286
1.4974640002474189
1.4725830000825226
1.512111000251025
1.5134660000912845
1.5277860001660883
5.4155609998852015
1.44939999980852
1.4410080001689494
1.4568509999662638
1.4182000001892447
1.9216690002940595
1.4488830002956092
1.4125980003736913
1.4184759999625385
1.432899999897927
1.4270480000413954
1.4761049998924136
1.4928150000050664
1.4416769999079406
1.3888069996610284
1.4357449999079108
1.4404550003819168
1.4239550000056624
1.4750649998895824
1.4280150001868606
1.4893740001134574
1.4669319996610284
1.4413999998942018
1.428120999597013
1.42682099994272
1.4547620001249015
1.4213680000975728
1.4852189999073744
1.4299329998902977
2.7086660000495613
1.4423950002528727
1.427063999697566
1.4487209999933839
1.4779469999484718
1.4372620000503957
1.4197200001217425
1.4428079999051988
1.422933000139892
2.0057739997282624
1.468481999821961
