5.912476999685168
1.549244999885559
1.43796700052917
2.68503800034523
1.4064349997788668
1.2889109998941422
1.2427919991314411
1.1770760007202625
1.150220999494195
1.0994710009545088
1.1528009995818138
1.0947749987244606
1.071848001331091
4.172574000433087
1.063968000933528
1.028880000114441
1.0061029996722937
1.0227559991180897
0.9550919998437166
0.9407679997384548
0.9377790000289679
0.9426390007138252
0.9495969992130995
0.9624819997698069
0.9679489992558956
0.937322000041604
0.9544709995388985
0.9371320009231567
0.9245429988950491
0.9698510002344847
0.7487300001084805
0.9249749984592199
0.9351019989699125
0.9668969996273518
0.5070720016956329
0.9916249997913837
0.9547680001705885
2.304364999756217
1.003813000395894
1.0014149993658066
1.7228539995849133
1.0684500001370907
1.0665630009025335
1.166193000972271
1.0977059993892908
1.0927459988743067
0.9879789985716343
0.9549350012093782
0.9817780014127493
0.9800649993121624
1.0291250012814999
2.8918169997632504
0.9181479997932911
0.9466440007090569
0.9217140004038811
0.9191730003803968
0.9546399991959333
0.9113710001111031
0.9528179988265038
0.9477009996771812
1.0293039996176958
1.0071189999580383
0.951834000647068
0.9397889990359545
1.0060740001499653
1.0037430003285408
1.0052620004862547
0.913960000500083
0.9413949996232986
0.8876079991459846
0.9507769998162985
0.9014069996774197
0.9072290007025003
0.9070350006222725
0.9107639994472265
0.9003109987825155
0.41879700124263763
0.9094660002738237
2.2810830008238554
0.9096390008926392
0.8764909990131855
0.885003000497818
0.8966189995408058
0.8985160011798143
0.8849410004913807
0.8934589996933937
0.8925850000232458
0.9604099988937378
0.8919970002025366
0.8822820000350475
0.8901359997689724
0.8843029998242855
1.0748149994760752
0.8906560000032187
0.47558899968862534
0.885037999600172
0.8905549999326468
1.0021940004080534
0.9827539995312691
0.9732179995626211
0.9775140006095171
1.0174370016902685
1.0260209999978542
0.8842809982597828
0.3604189995676279
0.8751129992306232
0.8729959987103939
0.9846140015870333
0.9834550004452467
0.9463810008019209
0.9605519995093346
0.978617001324892
0.9761739987879992
0.8678200002759695
0.8736109994351864
0.8665260002017021
0.8804130014032125
0.8714320007711649
0.9061559997498989
0.8803010005503893
0.853082001209259
0.8813289999961853
0.8791209999471903
0.9820050001144409
0.8729910012334585
0.8943469990044832
0.8654880002140999
0.8721580002456903
0.9106750003993511
0.8479570001363754
0.8961479999125004
0.8301529996097088
0.8213689997792244
0.8308889996260405
0.8204070013016462
0.859655000269413
0.8627480007708073
0.8447080012410879
0.8276269994676113
0.8057100009173155
0.8205789998173714
0.8652069997042418
0.8346269987523556
0.8307329993695021
0.8968039993196726
0.8138350006192923
0.8182870000600815
0.8482200000435114
0.8197930008172989
0.8146969992667437
0.8120680004358292
0.8525040000677109
0.823021000251174
0.8285460006445646
0.8227980006486177
0.9791839998215437
0.824906000867486
0.8250920008867979
0.7992289997637272
0.8231610003858805
0.8493409994989634
0.8067490011453629
0.8212420009076595
0.8117650002241135
0.8162830006331205
0.3425620011985302
0.80434799939394
0.8185130003839731
0.8102449998259544
0.8064540009945631
0.8171540014445782
0.8166029993444681
0.822910001501441
0.810131000354886
0.809476999565959
0.8343339990824461
0.8109670002013445
0.8010450005531311
0.7849770002067089
0.8338610008358955
0.7993260007351637
0.7891930006444454
0.7956509999930859
0.7911660000681877
0.7841490004211664
0.7963819988071918
0.7986970003694296
0.8005950003862381
1.412254000082612
0.7710950002074242
0.7735150009393692
0.7971700001507998
0.8136219996958971
0.21550199948251247
0.7885979991406202
0.7919200006872416
0.8087760005146265
0.7685979995876551
0.8179390002042055
0.2687289994210005
0.882234999909997
0.8743369989097118
0.8930949997156858
0.8660129997879267
0.8810749985277653
0.885478999465704
0.8785970006138086
0.8970889989286661
0.8811000008136034
0.923208000138402
0.9293980002403259
0.886328000575304
0.7981509994715452
0.8318070005625486
0.8893059995025396
0.8764370009303093
0.8711579982191324
0.6757979989051819
0.9030559994280338
0.8774730004370213
0.9319010004401207
0.8821470011025667
0.8778520002961159
0.8815379999577999
0.8801550008356571
0.9241210017353296
0.9425600003451109
0.8793899994343519
0.8625220004469156
0.8742590006440878
0.8763430006802082
0.908840000629425
0.8719989992678165
0.9245510008186102
0.792425999417901
0.7655739989131689
0.7722139991819859
0.7937630005180836
0.7884129993617535
0.7911130003631115
0.2654610015451908
0.788434999063611
0.8093749992549419
0.7740180008113384
0.7733430005609989
0.8181769996881485
0.7821199987083673
0.8156810011714697
1.5394480004906654
0.8213680014014244
0.7730670012533665
0.8958119992166758
0.7892649993300438
0.7908390015363693
0.780019000172615
0.7772850003093481
0.8039619997143745
0.784323999658227
1.7085520010441542
0.7661790009588003
0.7844619993120432
0.8041750006377697
0.7822220008820295
0.7688989993184805
0.7725689988583326
0.4108530003577471
0.877088999375701
0.8530770000070333
0.7774999998509884
0.7720800004899502
0.7822799999266863
0.8724199999123812
0.8752870000898838
0.7740880008786917
0.7776850014925003
0.767637001350522
0.7894679997116327
0.8163720015436411
0.8327300008386374
0.7823430001735687
0.7806689999997616
0.7949749995023012
0.8011590000241995
0.7536639999598265
0.7723159994930029
0.7803279999643564
0.7750769983977079
0.7872249986976385
0.812932001426816
0.7941009998321533
0.7994750011712313
0.7787600010633469
0.7833079993724823
0.7794989999383688
0.7892599999904633
0.7736489996314049
0.8173429984599352
0.7725580018013716
0.7641630005091429
0.7836600001901388
0.8041089996695518
0.7740679997950792
0.7765999995172024
0.7761620003730059
0.7718899995088577
0.7862660009413958
0.7813880015164614
0.7715729996562004
0.788137000054121
0.7576419990509748
0.8179339990019798
0.7956070005893707
0.8239229992032051
0.7850759997963905
0.7873129993677139
0.7760850004851818
0.7899810001254082
0.7799519989639521
0.7798470016568899
0.7709379997104406
0.7847649995237589
0.7945089992135763
0.7810430005192757
0.8166660014539957
0.7891370002180338
0.7841699998825788
0.787882998585701
0.7765020001679659
1.0361630003899336
0.7742759995162487
0.7745960000902414
0.783925998955965
0.7776469998061657
0.770711999386549
0.7652589995414019
0.7764709983021021
0.7949990015476942
0.8641630001366138
0.8642739988863468
0.8700539991259575
0.8517429996281862
4.059626000002027
0.771926999092102
0.7941810004413128
0.7650610003620386
0.7685950007289648
0.7667389996349812
0.7641000002622604
0.7987020015716553
0.7752720005810261
0.7996360007673502
0.7951699998229742
0.7951480001211166
0.7849930003285408
0.771883999928832
0.7771220002323389
0.7830020003020763
0.7683969996869564
0.7492810003459454
0.7626879997551441
0.7778689991682768
0.7633439991623163
0.7808690015226603
0.7707519996911287
0.8263720013201237
0.7707900013774633
0.7471440006047487
0.7692579999566078
0.7592949997633696
0.7697029989212751
0.7737239990383387
0.7463469989597797
0.7600749991834164
0.7635099999606609
0.781640000641346
4.63196000084281
0.7695080004632473
0.7386830002069473
0.7808110006153584
0.743665998801589
0.7811559997498989
0.7805479988455772
0.7548110000789165
0.7641080003231764
0.802869999781251
0.7597749996930361
0.7620570007711649
0.794183999300003
0.767102999612689
0.8055579997599125
0.7584979999810457
0.7526879999786615
0.7704720012843609
0.8514319993555546
0.8662379998713732
0.8751219995319843
0.8290899991989136
0.7536280006170273
0.8138200007379055
0.7999620009213686
0.8538770005106926
0.8528170008212328
3.8094200007617474
2.165139000862837
0.7194010000675917
0.7239909991621971
0.7376179993152618
0.7325599994510412
0.707999000325799
0.7056579999625683
0.7308970000594854
0.7277999985963106
0.7186270002275705
0.7402910012751818
0.7295570001006126
0.7208499982953072
0.7297339998185635
0.7336170002818108
0.7264579981565475
0.7281170003116131
0.7324959989637136
0.7289410009980202
0.7272379994392395
0.7215059995651245
0.7163319997489452
0.7394380010664463
0.7826359998434782
0.7276899982243776
0.7230129987001419
0.7058600001037121
0.7268690001219511
0.7700619995594025
0.7589520011097193
0.7167380005121231
0.7327629998326302
0.7234859988093376
0.7138030007481575
0.755426999181509
0.7560700010508299
0.7257660012692213
0.727182999253273
0.8186300005763769
0.8018190003931522
0.7533299997448921
0.7173340003937483
0.708499001339078
0.7552580013871193
0.7223119996488094
0.7541959993541241
0.7237189989537001
0.7118359990417957
0.7114450000226498
0.8051950000226498
0.8033809997141361
0.8173559997230768
0.7270769998431206
0.556971000507474
0.8322490006685257
0.8043670002371073
0.819369999691844
0.7212080005556345
0.713765999302268
0.7184089999645948
0.7270560003817081
0.7242210004478693
0.6986879985779524
0.7405469994992018
0.7194020003080368
0.7189840003848076
0.7348170001059771
0.7239970006048679
0.7849889993667603
0.7483250014483929
0.714690001681447
0.7511980012059212
0.7210590001195669
0.7666659988462925
0.7686189990490675
0.7842350006103516
0.7282269988209009
0.7254850007593632
0.710037000477314
0.7267519999295473
0.724754998460412
0.7299940008670092
0.7269480004906654
0.7086229994893074
0.7262840010225773
0.7134830001741648
0.6899829991161823
0.7193330004811287
0.7671719994395971
0.22584999911487103
0.7473510000854731
0.7611950002610683
0.7221770007163286
0.7229210007935762
8.283328000456095
0.8931080009788275
0.7297820001840591
0.7267620004713535
0.7222670000046492
0.7190579995512962
0.7269919998943806
0.7209549993276596
0.7096220012754202
0.7250440008938313
0.7214620001614094
0.7203569989651442
0.7248679995536804
0.7592299990355968
0.7745019998401403
0.7016240004450083
0.6898159999400377
0.7175050005316734
0.26080899871885777
0.7148740012198687
0.8008880000561476
0.7205729987472296
0.7179250009357929
0.7389630004763603
0.7096200007945299
0.7284079995006323
0.7111339997500181
0.7205199990421534
0.7170429993420839
0.7379259988665581
0.7114160005003214
0.7429709993302822
0.6985979992896318
0.7059630006551743
0.7144330013543367
0.7071529999375343
0.7476259991526604
0.7602619994431734
0.694734001532197
0.6884920001029968
0.6981790009886026
0.7131140008568764
0.780332000926137
0.732574000954628
0.7153510004281998
0.7440889999270439
0.71471699886024
0.7196800000965595
0.6929739993065596
0.7493730001151562
0.7202300000935793
0.7178760003298521
0.7152469996362925
0.7139179985970259
0.7057930007576942
0.6982129998505116
0.7174089998006821
0.5798339992761612
0.7148449998348951
0.7199430000036955
0.7226160001009703
0.7072480004280806
0.7192999999970198
0.8769189994782209
0.8257059995085001
0.8008520007133484
0.7942730002105236
0.39212399907410145
0.8172420002520084
0.8035160005092621
0.8235829994082451
0.8036380000412464
0.8266870006918907
0.8077220004051924
0.800959998741746
0.7164799999445677
0.7163289990276098
0.7691190000623465
0.7195960003882647
0.706131000071764
0.8015730008482933
0.7233809996396303
0.7266039997339249
0.7694430015981197
0.7556459996849298
0.7199220005422831
0.7117640003561974
0.7022939994931221
0.713188000023365
0.6945009995251894
0.7032700013369322
0.7303550001233816
0.8335560001432896
0.7875609993934631
0.7934409994632006
2.947979999706149
0.797240000218153
0.7913610003888607
0.7904780004173517
0.7773369997739792
0.7926920000463724
0.8770549986511469
0.8211190011352301
0.7754399999976158
0.5233640000224113
0.7892840001732111
0.7980059999972582
0.7758110016584396
0.792646000161767
0.8261089995503426
0.829610001295805
0.7863260004669428
0.748641001060605
0.7226759996265173
0.728388000279665
0.6739119999110699
0.7079139985144138
0.7095069997012615
0.6826740000396967
0.7012120001018047
0.728235999122262
0.7954459991306067
0.7751799989491701
0.8016349989920855
0.7041920013725758
0.7264219988137484
1.2574469987303019
0.7856900002807379
0.7844479996711016
0.7857659999281168
0.704007001593709
0.3962520007044077
0.7035210002213717
0.679229000583291
0.7193470001220703
0.7405839990824461
0.6825089994817972
0.6986040007323027
0.6947220005095005
0.7174580004066229
0.695380998775363
0.6903450004756451
0.7273440007120371
0.6935700010508299
0.6908129993826151
0.6956149991601706
0.7615860011428595
0.7377300001680851
0.6911699995398521
0.6985529996454716
0.6997320000082254
0.6890540011227131
0.6989050004631281
0.6954490002244711
0.6925600003451109
0.6983460001647472
0.694284999743104
0.696102999150753
0.6914289984852076
0.725364001467824
0.731734000146389
0.6949079986661673
0.7010390013456345
0.710309999063611
0.6889169998466969
0.7000810001045465
0.6993450000882149
0.7048010006546974
0.6923500001430511
0.7285859994590282
0.7384839989244938
0.6973850000649691
0.6898760013282299
0.7088830005377531
0.7354640010744333
0.7260519992560148
0.6967350002378225
0.6965730004012585
0.7316539995372295
0.7036910001188517
0.6984899993985891
0.7756310012191534
0.696603000164032
0.7028829995542765
0.7065060008317232
0.7074969988316298
0.7029650006443262
0.7325879987329245
0.7104340009391308
0.7006839998066425
0.6933750007301569
0.6857350002974272
0.7017870005220175
0.20176900178194046
0.6857319995760918
0.7332760002464056
0.7084550000727177
0.6879840008914471
0.7509480006992817
0.6995400004088879
0.7032249998301268
0.7053399998694658
0.7058929987251759
0.7067029997706413
0.7727429997175932
0.693724000826478
0.7012329995632172
0.6970460005104542
0.7072369996458292
0.7028589993715286
0.6858070008456707
0.691006001085043
0.7030449993908405
0.6962080001831055
0.7332610003650188
0.6958949994295835
0.706555999815464
0.6923799999058247
0.701952001079917
0.6948010008782148
0.7038759998977184
0.7240869998931885
0.713128998875618
0.6993499994277954
0.712245000526309
0.6990859992802143
0.3110789991915226
0.7959679998457432
0.6858389992266893
0.6915819998830557
0.7246610000729561
0.6959739997982979
0.7004279997199774
0.7051180005073547
0.692501999437809
0.7088689990341663
0.704568998888135
0.7020210009068251
0.7066190000623465
0.7005729991942644
0.7761949989944696
0.7276809997856617
0.7333269994705915
0.7181449998170137
0.6839850004762411
0.7040139995515347
0.7332819998264313
0.6857399996370077
0.6966399997472763
0.7011850010603666
0.6862230002880096
1.193622000515461
0.7763449996709824
0.7797480002045631
0.7718519996851683
0.7528259996324778
0.7837070003151894
0.8250270001590252
0.8352429997175932
0.8774199988692999
0.8373089991509914
0.8364610001444817
0.8651960007846355
0.8358650002628565
0.8298280015587807
0.7441019993275404
0.7440830003470182
0.7963669989258051
0.7464020010083914
0.7473239991813898
0.8083239998668432
0.8362780008465052
0.8129089996218681
0.8355579990893602
0.83254199847579
0.8640219997614622
0.7604149989783764
0.7783189993351698
0.7375690005719662
0.7436839994043112
0.7432840000838041
0.7453459985554218
0.7368749994784594
0.7404020000249147
0.7828919999301434
0.7433539982885122
1.8203999996185303
0.7930929996073246
0.7278099991381168
0.729645999148488
0.8018249999731779
0.7474240008741617
0.7352050002664328
0.7206399999558926
0.729050999507308
0.7367400005459785
0.7698109988123178
0.7325189989060163
0.737805999815464
0.7385649997740984
0.7234399989247322
0.7638029996305704
0.7310230005532503
0.7334429994225502
0.7143850009888411
0.7404420003294945
0.7150800004601479
0.7717950008809566
0.7275869995355606
0.7064650002866983
0.7113229986280203
0.707006998360157
0.7700459994375706
0.7352140005677938
0.7280160002410412
0.7125129997730255
0.7216860000044107
0.7263580001890659
0.7554219998419285
0.75730299949646
0.7114840000867844
0.7613920010626316
0.7291420008987188
0.7231710013002157
0.7242460008710623
0.7215040009468794
0.7412419989705086
0.747656000778079
0.7254579998552799
0.7501309998333454
0.7291829995810986
0.7730870004743338
8.549704000353813
0.7479149997234344
7.065867999568582
0.8791360016912222
0.7356679998338223
0.7296139989048243
0.724829999729991
0.7203749995678663
0.7310899998992682
0.719760000705719
0.7243659999221563
0.7167239990085363
0.726970000192523
0.7265969999134541
0.7122940011322498
0.7170890010893345
0.7414989992976189
0.722520001232624
0.7167569994926453
0.6780880000442266
0.7743980009108782
0.7198270000517368
0.7510759998112917
0.7187080010771751
0.7451820001006126
0.697375001385808
0.7374160010367632
0.7120200004428625
0.716541999951005
0.7434930000454187
0.7101280000060797
0.7098619993776083
0.7417500000447035
0.7487440016120672
0.6961659993976355
0.6955800000578165
0.760835001245141
0.7239459995180368
0.7150100003927946
0.7111129984259605
0.7100419998168945
0.7207009997218847
0.7102439999580383
0.7157450001686811
0.7544290013611317
0.7191449999809265
0.7171310000121593
0.7263069991022348
0.7043390013277531
0.7115529999136925
0.7125889994204044
0.7064610011875629
0.7148990016430616
0.7464269995689392
0.7105519995093346
0.7106469999998808
0.7149260006844997
0.7144349999725819
0.7456880006939173
0.7452009990811348
0.7135159987956285
0.7051699999719858
0.7126490008085966
0.7111000008881092
0.7208210006356239
0.715981001034379
0.6989930011332035
0.7164270002394915
0.7140819989144802
1.629653999581933
0.7193829994648695
0.696849999949336
0.7013229988515377
0.6953539997339249
0.6868010014295578
0.7009800001978874
0.7045670002698898
0.7080729994922876
0.6988340001553297
0.7461990006268024
0.7045760005712509
0.6941839996725321
0.6908329986035824
0.7081509996205568
0.7358380015939474
0.692348999902606
0.7076680008322
0.7024080008268356
0.6916390005499125
0.7206269986927509
0.6973529998213053
0.7115139998495579
0.7211259994655848
0.7406450007110834
0.6918890010565519
0.6969530005007982
0.703175000846386
0.7043549995869398
0.7269930001348257
0.7040950004011393
0.6958700008690357
0.7033439986407757
0.6938360016793013
0.7054899986833334
0.6852209996432066
0.8290349990129471
0.720108000561595
0.8599830009043217
0.7166740000247955
0.6976930014789104
0.6932549998164177
0.7094839997589588
0.7069239988923073
0.7100360002368689
0.6940109990537167
0.7135920003056526
0.7023360002785921
0.7009399998933077
6.485061999410391
0.6935400012880564
0.750390000641346
0.7320539988577366
0.6964659988880157
0.7252450007945299
0.6993020009249449
0.7262789998203516
0.6940800007432699
0.6909270007163286
0.7150500006973743
0.6781649999320507
0.6921519991010427
0.6876689996570349
0.6852759998291731
0.6975040007382631
0.6903450004756451
0.6662069987505674
0.6919500008225441
0.7011559996753931
0.7074009999632835
0.6889909990131855
0.6968619991093874
0.6787269990891218
0.6822219993919134
0.68775499984622
0.6891689989715815
0.6941030006855726
0.6908419989049435
0.7212290000170469
0.7073480002582073
0.6934829987585545
0.6893959995359182
0.7153249997645617
0.6960049998015165
0.7131000012159348
0.6824580002576113
0.7260170001536608
0.6882239989936352
0.683695999905467
0.7269579991698265
0.7280860003083944
3.777488000690937
0.6668199989944696
0.6988559998571873
0.7122050002217293
0.6707469988614321
0.6714580003172159
0.6888960003852844
0.6590190008282661
0.6657250002026558
0.6651220005005598
0.688205000013113
0.7213780004531145
0.6709720008075237
0.6684560012072325
0.6653569992631674
0.7020269986242056
0.6707159988582134
0.6718659996986389
0.7043839991092682
0.6600569989532232
0.7145659998059273
0.6704769991338253
0.7123400010168552
0.6532179992645979
0.6658130008727312
0.6649590004235506
0.7573359999805689
0.676451001316309
0.6755989994853735
0.6836830005049706
0.680434999987483
0.6661150008440018
0.6762359999120235
0.6735929995775223
0.6625219993293285
0.671645998954773
0.6761650014668703
0.6809379998594522
0.6692530009895563
0.6660070009529591
0.6856979988515377
0.6673579998314381
0.6572569999843836
0.6751490011811256
0.6675829999148846
0.6696079988032579
0.6747440006583929
0.6560249999165535
0.6731130015105009
0.7381400000303984
0.6741450000554323
3.467027999460697
0.6623889990150928
0.6651990003883839
0.7079809997230768
0.6975170001387596
0.6661809999495745
0.6643330007791519
0.6532499995082617
0.6482779998332262
0.6633679997175932
0.716287000104785
0.749847000464797
0.743945000693202
0.7397099994122982
0.7781499996781349
7.024274999275804
0.724499998614192
0.7342389989644289
0.7667859997600317
0.7317890003323555
0.7220859993249178
0.7264440003782511
0.6322889998555183
0.6466049998998642
0.6831160001456738
0.6731649991124868
0.6629259996116161
0.6221319995820522
0.6413119994103909
0.6448449995368719
0.6452390011399984
0.6415550000965595
0.63680300116539
0.6247140001505613
0.6480760015547276
0.7117749992758036
0.7344450000673532
0.7165120001882315
0.7061080001294613
0.7196319997310638
0.7120719999074936
0.7199969999492168
0.7245430015027523
4.176369000226259
0.6870339997112751
0.6170550007373095
0.628430999815464
0.6495489999651909
0.6196650005877018
0.6543460004031658
0.6496619991958141
0.6425759997218847
0.6081550009548664
0.6156300008296967
0.6215160004794598
0.6112029999494553
0.6031539998948574
0.6007569991052151
0.6197420004755259
0.6297839991748333
0.6155980005860329
0.6191969998180866
0.6167760007083416
0.8290090002119541
0.6073410008102655
0.6128259990364313
0.6620930004864931
0.6261459998786449
0.6130309998989105
0.6176509987562895
0.6307699996978045
6.2082490008324385
0.81245799921453
0.6160829998552799
0.6237229984253645
0.6098020002245903
0.6275920011103153
0.6077070012688637
0.6202570013701916
0.6365729998797178
0.6182419992983341
0.6194950006902218
0.6245039999485016
0.6042189989238977
4.394801000133157
0.6386050004512072
1.062015000730753
0.6522920001298189
0.6561350002884865
0.644395999610424
0.6464610006660223
0.6504020001739264
0.677504001185298
0.6388859990984201
0.649380998685956
0.650492999702692
0.6463649999350309
0.6481250002980232
0.6375470012426376
0.6576349996030331
0.6799020003527403
0.6575390007346869
0.6574379988014698
0.6789539996534586
0.6371020004153252
0.6637009996920824
0.6389610003679991
0.6671179998666048
0.6458769999444485
0.6497990004718304
0.7322879992425442
0.7215889990329742
0.6412970013916492
0.6341490000486374
0.6497229989618063
0.6523070000112057
0.6498629990965128
0.6522730011492968
0.6540019996464252
0.6601089984178543
0.6517909988760948
0.6541050001978874
0.6420220006257296
0.6579580008983612
0.8623620010912418
0.6818879991769791
0.6434200014919043
0.6506869997829199
0.6450240015983582
0.6446579992771149
0.6694789994508028
0.6441019997000694
0.6447560004889965
0.6601559985429049
0.7293510008603334
0.647571999579668
0.6379700005054474
0.6519130002707243
0.6489170007407665
0.6396439988166094
0.6529970001429319
0.6883710008114576
0.6449660006910563
0.6513329986482859
0.650170000270009
0.637261999770999
0.647877000272274
0.6505890004336834
0.6333159990608692
0.6848280001431704
0.6594559997320175
0.6428779996931553
0.6423160005360842
0.6498920004814863
0.6539789997041225
0.6552280001342297
0.6633659992367029
0.6924069989472628
0.6630840003490448
0.6373529992997646
0.6607219986617565
0.6507740002125502
0.6599390003830194
0.6395619995892048
0.6465740017592907
0.6657900009304285
0.6534889992326498
0.6722649987787008
0.6347049996256828
0.6476330012083054
0.6854919996112585
0.6407309994101524
0.654509000480175
0.6498179994523525
0.6755060013383627
0.6614319998770952
0.6399409994482994
0.6980700008571148
0.6780599988996983
0.6571949999779463
0.6513989996165037
0.7420040015131235
0.6374830007553101
0.6770179998129606
0.6504129990935326
0.6512039992958307
0.6501930002123117
0.650721000507474
0.683831000700593
0.6445799991488457
0.6461319997906685
0.6557909995317459
0.6588220000267029
0.6464140005409718
1.9008769989013672
0.634715000167489
0.6347930002957582
0.6225589998066425
0.6392379999160767
0.6340029984712601
0.6384580004960299
0.6217240002006292
0.6428490001708269
0.6340069994330406
0.6727930009365082
0.6225770004093647
0.6340830009430647
0.6374590005725622
0.6362449992448092
0.6729329992085695
0.6346140000969172
0.6362130008637905
0.6351430006325245
0.6432220004498959
0.6770360004156828
0.6461850013583899
0.6525299996137619
0.6668649986386299
0.6459570005536079
0.8369290009140968
0.6325850002467632
0.6361899990588427
0.636939000338316
0.6381160002201796
0.6402529999613762
0.6431780010461807
0.6406699996441603
0.6407550014555454
0.6178270000964403
0.6298089995980263
0.6205659992992878
0.6327790003269911
0.6385149993002415
0.6481250002980232
0.6551150009036064
0.6792759988456964
0.6245789993554354
0.642195999622345
0.6318859998136759
0.6219640001654625
0.6308299992233515
0.6438490003347397
0.6349639985710382
0.6480490006506443
0.6418239995837212
0.6213360000401735
0.6516660004854202
0.6316560003906488
0.6437409985810518
0.22715900093317032
0.6449180003255606
0.6607259996235371
0.6380669996142387
0.6449270006269217
0.6327979993075132
0.6426449995487928
0.6406050007790327
0.672868000343442
0.6395319998264313
0.6432250011712313
0.6724669989198446
0.6255780011415482
0.6247230004519224
0.6282540000975132
0.6670960001647472
0.6709390003234148
0.6349499989300966
0.6391950007528067
0.6416369993239641
0.6147950012236834
0.6405019983649254
0.62122100032866
0.6287469994276762
0.6530849989503622
0.6327979993075132
0.6414039991796017
0.6703689992427826
0.6391280014067888
0.6423779986798763
0.6543749999254942
0.6408440005034208
0.6222839988768101
0.6409620009362698
0.6214610002934933
0.6561890002340078
1.8021709993481636
0.8354390002787113
0.6553179994225502
0.6377959996461868
0.6458329986780882
0.6208359990268946
0.6365759987384081
0.6308820005506277
0.6493580006062984
0.6402789987623692
0.629874000325799
0.6292619984596968
0.6407340001314878
0.6607720013707876
0.6379060000181198
0.6470330003648996
0.6273910012096167
0.6209950000047684
0.6722079999744892
0.6415100004523993
0.637414000928402
0.6570889987051487
0.6212539989501238
0.25368999876081944
0.6605279985815287
0.6717420015484095
0.6653720010071993
0.19662700034677982
0.6588180009275675
0.6185689996927977
0.6380139999091625
0.6282030008733273
0.6633960008621216
0.6261160001158714
0.629321001470089
0.6461069993674755
0.6662240009754896
0.6696469988673925
0.632592000067234
0.6399519983679056
0.6358790006488562
0.6243130005896091
3.5629110001027584
0.6148880012333393
0.6175299994647503
0.6122010014951229
0.6103710010647774
0.5987870004028082
0.6267990004271269
0.6138959992676973
0.5999159999191761
1.5709369983524084
0.6092930007725954
0.6019180007278919
0.6176100000739098
0.61336699873209
0.6177709996700287
0.6040700003504753
0.6128330007195473
0.599694998934865
0.6381570007652044
0.6134660001844168
0.6071789991110563
0.59782699868083
0.6128679998219013
0.6461230013519526
0.6308339983224869
0.6167419999837875
0.5967360008507967
0.5891420003026724
0.6146970000118017
0.6082109995186329
0.6039680000394583
0.5966790001839399
0.610971000045538
0.5959220007061958
0.6127560008317232
0.6465819999575615
0.6172629985958338
0.6109220013022423
0.6134770009666681
0.6508999988436699
0.6066549997776747
0.6098650004714727
0.6031910013407469
0.5913329999893904
0.610020000487566
0.6169409994035959
0.6157230008393526
0.5943749994039536
0.6112869996577501
0.5955590009689331
0.6253200005739927
0.6071020010858774
0.6169649995863438
0.6100089997053146
0.6089030001312494
0.6103210002183914
0.5914200004190207
0.5964020006358624
0.6190319992601871
0.6037099994719028
0.6156609989702702
0.5926269982010126
0.6188650000840425
0.6364290006458759
0.618758000433445
0.6353029999881983
0.5951979998499155
0.6080830004066229
0.6159340012818575
0.6341559998691082
0.6099679991602898
0.6098800003528595
0.5981479994952679
0.6207410003989935
0.5973300002515316
0.6059499997645617
0.6164199989289045
0.6161520015448332
0.6122910007834435
0.598666999489069
0.5992159992456436
0.6287010014057159
0.6119760014116764
0.5958359986543655
0.6108800005167723
0.6254789996892214
0.6145759988576174
0.6228279992938042
0.6020280010998249
0.6279589999467134
8.24078599922359
0.6043790001422167
0.6269930005073547
0.5872639995068312
0.6010740008205175
0.5904970001429319
0.5973620004951954
0.5840450003743172
0.6100509986281395
0.5929309986531734
0.5846520010381937
0.589733999222517
0.5841869991272688
0.5991999991238117
0.5831509996205568
0.5934660006314516
0.583279998973012
0.28515700064599514
0.6027399990707636
0.5960949994623661
0.5928010009229183
0.5854310002177954
0.5797899998724461
0.6179280001670122
0.5880989991128445
0.5919429995119572
0.5942150000482798
1.313587998971343
0.5773070007562637
0.6073180008679628
0.5811090003699064
0.5955860000103712
0.57757299952209
0.6135779991745949
0.6326940003782511
0.6133280005306005
0.6203780006617308
0.5859110001474619
0.6195759996771812
0.5898800007998943
0.5951799992471933
0.5875489991158247
0.6009100005030632
0.5972250010818243
0.6136149987578392
4.3561860006302595
0.7429189998656511
0.5814699996262789
0.5895859990268946
0.5816289987415075
0.5845470000058413
0.5635930001735687
0.5875569991767406
0.5663260016590357
0.5674009993672371
0.5719789993017912
0.614113999530673
0.5873520001769066
0.6104749999940395
0.5813199989497662
0.594420000910759
0.5652949996292591
0.5686410013586283
0.23367800004780293
0.5670210011303425
0.5721640009433031
0.5872249994426966
0.6004999987781048
0.5921490006148815
0.589851001277566
0.5790730006992817
0.5842629987746477
0.5667620003223419
0.5900039989501238
0.5995430015027523
0.587933000177145
0.5860170014202595
0.5979060009121895
0.5840000007301569
0.5895450003445148
0.5843679998070002
0.45964499935507774
0.1778359990566969
0.5698329992592335
0.5728699993342161
0.5852690003812313
0.5673030000180006
0.5885930005460978
0.5674949996173382
0.5892430003732443
0.5714940000325441
0.5867889989167452
0.6176830008625984
0.5849820002913475
0.5865609999746084
0.5801529996097088
0.6194299999624491
0.6074280012398958
0.5866560004651546
0.22932299971580505
0.567323001101613
0.57808200083673
0.5889760013669729
0.5734080001711845
0.5715050008147955
0.5791429989039898
0.5975700002163649
0.5740690007805824
0.5880390014499426
0.5925040002912283
0.5703389998525381
0.583551000803709
0.6277239993214607
0.5734769999980927
0.579560998827219
0.581683998927474
0.5644540004432201
0.6086179986596107
0.5673049986362457
0.5883600004017353
0.5863339994102716
0.5677070003002882
0.6040610000491142
0.6054829992353916
0.5883540008217096
0.5825020000338554
0.5840300004929304
0.5665940009057522
0.6028920002281666
0.5701260007917881
0.5778109990060329
0.5651440005749464
0.5756660010665655
0.6140129994601011
0.59808000177145
0.5825500003993511
0.5822209995239973
0.5864169988781214
0.5885809995234013
0.5849810000509024
0.5837570000439882
0.8435880001634359
0.573343001306057
0.5721879992634058
0.5668649990111589
0.5747609995305538
0.6206330005079508
0.5908499993383884
0.578617000952363
0.5840429998934269
0.5689840000122786
0.5723449997603893
0.5743099991232157
0.5647119991481304
0.6329100001603365
0.5764490012079477
0.22899900004267693
0.5915020015090704
0.5834139995276928
0.6127850003540516
0.5737629998475313
0.5730059985071421
0.5688160005956888
0.5666219983249903
0.5679960008710623
0.5938150007277727
0.5884899999946356
0.5684680007398129
0.686404999345541
0.665250999853015
0.6569999996572733
0.6715980004519224
0.6711830012500286
0.6629919987171888
0.6960519999265671
0.6816520001739264
0.6916940007358789
0.7018450014293194
0.5193210002034903
0.6658410001546144
0.6563649997115135
0.20430400036275387
0.6427200008183718
0.6799330003559589
0.684918001294136
0.6649410016834736
0.7134099993854761
0.6869350001215935
0.27538900077342987
0.6635710000991821
0.6580419987440109
0.6885900013148785
0.6570509988814592
0.7628329992294312
0.6716619990766048
0.6431939993053675
0.6620029993355274
0.6826550010591745
0.6582050006836653
0.686149999499321
1.9344800002872944
0.6619690004736185
0.6564850006252527
0.6826809998601675
0.6744800005108118
4.275461001321673
0.6460979990661144
0.6461079996079206
0.6364119984209538
0.6322789993137121
0.6354270000010729
0.6342879999428988
0.6438650004565716
0.6644269991666079
0.6383090000599623
0.6383960004895926
0.6411310005933046
0.6523429993540049
0.6386320013552904
0.646102000027895
0.6352769993245602
0.6660760007798672
2.657811999320984
0.6386080011725426
0.6382550001144409
0.6245809998363256
0.6419740002602339
0.6443169992417097
0.6930320002138615
0.6426569987088442
0.6349630001932383
0.6479930002242327
0.6235269997268915
0.6456760000437498
0.6477300003170967
0.6324539985507727
0.635198999196291
0.6305589992552996
0.6423930004239082
0.6328110005706549
0.6158089991658926
0.6368310004472733
0.6284439992159605
0.6435129996389151
0.6413710005581379
0.6376339998096228
0.6387129984796047
0.6467169988900423
0.6776110008358955
0.6472360007464886
0.2765839993953705
0.6469829995185137
0.6202769987285137
0.6722859982401133
0.6534829996526241
0.6510389987379313
0.6379380002617836
0.6353329997509718
0.642833000048995
0.6372359991073608
0.6486590001732111
0.6532680001109838
0.6500599998980761
0.3036540001630783
0.6423539984971285
0.6455709990113974
0.671697000041604
0.63234500028193
0.6564550008624792
0.634655999019742
1.3129520006477833
0.6686279997229576
0.6281730011105537
0.6349630001932383
0.6223430000245571
0.6388029996305704
0.6289510000497103
0.6374899987131357
0.24627800099551678
0.6258020009845495
0.6301199998706579
0.6476840004324913
0.6729290001094341
0.6262860000133514
0.6235099993646145
0.6332449987530708
0.6302470006048679
0.6502989996224642
0.6680359989404678
0.6432290002703667
0.634358000010252
0.6366299986839294
0.620678998529911
0.6459510009735823
0.6170250009745359
0.6203010007739067
0.6890770010650158
0.6201239991933107
0.6136249992996454
0.6353099998086691
0.6265430003404617
0.636133000254631
0.4988329987972975
1.709391999989748
0.6384440008550882
0.6320270001888275
0.6475380007177591
0.5499960016459227
0.5444729998707771
0.5631390009075403
1.6751550007611513
0.5487360004335642
0.5479960013180971
0.5701739992946386
0.5460790004581213
0.5477050002664328
0.5691190008074045
0.5473820008337498
0.5773510001599789
0.5678679998964071
0.26978900097310543
0.5493149999529123
0.5863319989293814
0.5497570000588894
0.560954000800848
0.5830579996109009
0.5734560005366802
0.3291220013052225
0.5805050004273653
0.5673939995467663
0.5690979994833469
0.5568319987505674
0.5769890006631613
0.5475779995322227
0.5647809989750385
0.5493839997798204
0.5508109983056784
0.5538940001279116
0.6333150006830692
0.6327140014618635
0.6289999987930059
0.6546809989959002
0.6289439983665943
0.6168230008333921
0.6353759989142418
0.6315829996019602
0.6435080002993345
0.652496000751853
0.646204000338912
0.6507680006325245
0.6387029998004436
0.6532550007104874
0.6658319998532534
0.6673070006072521
0.6264309994876385
0.6452250014990568
0.6297430004924536
0.6289929989725351
0.6871459987014532
0.661523001268506
0.6301250010728836
0.7062579989433289
0.6272989995777607
0.636778999119997
0.669463999569416
0.6333669982850552
0.6222040001302958
0.6351330000907183
0.6315159983932972
0.6510479990392923
0.5595559999346733
0.5553779993206263
0.5408899988979101
0.5708159990608692
0.5481930002570152
0.5687370002269745
0.5524630006402731
0.1915929988026619
0.5446789991110563
0.5632349997758865
0.5678550004959106
0.5639200005680323
0.5663510002195835
0.5476400014013052
0.5491479989141226
0.5697920005768538
0.5452620014548302
0.5964189991354942
0.5497089996933937
0.545227998867631
0.32510700076818466
0.6462239995598793
0.6265480015426874
0.6328350007534027
0.661701999604702
0.6326609998941422
0.6271819993853569
0.5234900005161762
0.6440860014408827
0.6265970002859831
0.19985900074243546
0.6636739987879992
0.6382550001144409
0.6473550014197826
0.665557999163866
0.62907600030303
0.6561629995703697
0.619615999981761
0.6247070003300905
0.6362120006233454
0.6094580013304949
0.6581210009753704
0.6378520000725985
0.6186130009591579
0.6423599999397993
0.6614350005984306
0.6420970000326633
0.6322499997913837
0.6455740015953779
0.6446309983730316
0.6422279998660088
0.627513000741601
0.6381009984761477
0.6118429992347956
0.6185769997537136
0.6349069997668266
0.6234240010380745
0.6536540016531944
0.6181030012667179
0.6407190002501011
0.6610860005021095
0.8430220000445843
0.6285539995878935
0.6429789997637272
0.619735999032855
0.6384689994156361
0.6331519987434149
0.6168800015002489
0.6265910007059574
0.6283919997513294
0.6804799996316433
0.6461729984730482
0.6272630002349615
0.6299540009349585
0.6399719994515181
0.630299998447299
0.6752550005912781
0.6551419999450445
0.6366349998861551
0.6322649996727705
0.6220529992133379
0.6284379996359348
0.6311460006982088
0.6461340002715588
0.6146089993417263
0.6287660002708435
0.6267419997602701
0.6555519998073578
0.6105749998241663
0.6379279997199774
0.6236549988389015
0.6225150004029274
0.617722000926733
0.6176070012152195
0.6414139997214079
0.6439879983663559
1.5887879990041256
0.6207430008798838
0.6265349984169006
0.6190499998629093
0.6439169999212027
0.6331669986248016
0.6413749996572733
1.9779930002987385
0.6332270000129938
0.6201629992574453
0.6398290004581213
0.6013140007853508
0.6420469991862774
0.6432449985295534
1.6868220008909702
0.5514219999313354
0.5433539990335703
0.5640480015426874
0.5529730003327131
0.5765250008553267
0.549693999812007
0.6283679995685816
0.6356979999691248
0.6518019996583462
0.636651000007987
0.5466359984129667
0.5412649996578693
0.5453180000185966
0.5561469998210669
0.6300339996814728
0.6219230014830828
0.6034409999847412
0.5760169997811317
0.5691349990665913
0.5455469992011786
0.5446220003068447
0.648174999281764
0.6181090008467436
0.6402129996567965
0.6417939998209476
0.6359199993312359
0.6482290010899305
0.6442289985716343
0.6250120010226965
0.6890420001000166
0.6350420005619526
0.6286639999598265
0.6142270006239414
0.6444569993764162
0.6282680016011
0.6204090006649494
0.6339639984071255
0.631122000515461
0.661319000646472
0.6186680011451244
0.7986020017415285
0.6577000003308058
0.6410459987819195
0.6390840001404285
0.6452350001782179
0.42437199875712395
0.6221930012106895
0.669038999825716
0.7303950004279613
0.5447049997746944
0.6167580001056194
0.5651879999786615
0.5650420002639294
0.5634860005229712
0.5621739998459816
0.5406320001929998
0.5642559994012117
0.5401940010488033
0.5417800005525351
0.5926910005509853
0.5768740009516478
0.5454099997878075
