0.8907699999399483
0.2657280000858009
0.2993239997886121
0.24582800036296248
0.24417100008577108
0.24712199997156858
0.25356299988925457
0.2751110000535846
0.27857800014317036
0.24314900022000074
0.25843199994415045
0.24043599981814623
0.25092600006610155
0.23157000029459596
0.2282460001297295
0.24173099966719747
0.24385200021788478
0.2523639998398721
0.23208100022748113
0.23324100021272898
0.2313569998368621
0.25034999987110496
0.2543210000731051
0.25404699984937906
0.23344500036910176
0.25382199976593256
0.25269299978390336
0.25033400021493435
0.25031299982219934
0.24633600004017353
0.231090999674052
0.24992599990218878
0.29543500021100044
0.27849300019443035
0.23459600005298853
0.22708499990403652
0.23062599962577224
0.24919100012630224
0.24194600014016032
0.23684799997135997
0.2335470002144575
0.262810000218451
0.22984399972483516
0.2646449999883771
0.2773229996673763
0.25840199971571565
0.22444000001996756
0.26151600014418364
0.27980499994009733
0.24698999989777803
0.2651359997689724
0.24418099969625473
0.26149599999189377
0.2404879997484386
0.24831199971958995
0.2439139997586608
0.2629169998690486
0.25149299995973706
0.26395600009709597
0.22788000013679266
0.26222299970686436
0.24938799999654293
0.2600389998406172
0.24868099996820092
0.26365499990060925
0.2448440003208816
0.26454100012779236
0.24701999966055155
0.26536200009286404
0.23144200025126338
0.2598399999551475
0.22911399975419044
0.2776560001075268
5.202502000145614
0.24216900020837784
0.2050339998677373
0.2549450001679361
0.22773199994117022
0.23965700017288327
0.23382099997252226
0.26053899992257357
0.19276199955493212
0.2421840000897646
0.22791099967435002
0.2420669998973608
0.2171390000730753
0.2474320000037551
0.22546300012618303
0.24381700018420815
0.2583119999617338
0.24658400006592274
0.22533100005239248
0.24533300008624792
0.20417000027373433
0.08706500008702278
0.22544700000435114
0.24117100005969405
0.21070999978110194
0.24145400011911988
0.24283300014212728
0.26003200002014637
0.22477500000968575
0.23944099992513657
0.20551900006830692
0.26348999980837107
0.20512699987739325
0.2667739996686578
0.22763400012627244
0.23856600001454353
0.23281800001859665
0.2412800001911819
0.22018999978899956
0.23714599991217256
0.20501699997112155
0.2542889998294413
0.21851200005039573
0.23834900045767426
0.22189999977126718
0.26294799987226725
0.2530959998257458
0.23923599999397993
0.20616000005975366
0.2697600000537932
0.25640400033444166
0.23700799979269505
0.2082170001231134
0.23843699973076582
0.20570500008761883
0.2591169998049736
0.22922300035133958
0.24025999987497926
0.2583250002935529
0.2549680001102388
0.20945700025185943
0.20650100009515882
0.22102499986067414
0.24169099982827902
0.20662599988281727
0.23827000008895993
0.2050640000961721
0.23697099974378943
0.20431199995800853
0.238516999874264
0.20718399994075298
0.23950499994680285
0.205250000115484
0.2377530001103878
0.22607199987396598
0.24193200003355742
0.22336099995300174
0.23919799970462918
0.22216999996453524
0.23837100015953183
0.19499600026756525
0.24019800033420324
0.24752999981865287
0.24095299979671836
0.20727299991995096
0.2504960000514984
0.23680399963632226
0.2087079999037087
0.2426660000346601
0.20928499987348914
0.24111599987372756
0.20368300005793571
0.24060699995607138
0.20533900009468198
0.263045999687165
0.2105459999293089
0.2413599998690188
0.2093850001692772
0.2596889999695122
0.22396899992600083
0.23850600002333522
0.250110000371933
0.23849300015717745
0.21056299982592463
0.24909499986097217
0.21078399987891316
0.24094199994578958
0.22947199968621135
0.24326199991628528
0.2216389998793602
0.24427299993112683
0.23903399985283613
0.24207600019872189
0.2309030001051724
0.252468999940902
0.23540399968624115
0.25203899992629886
0.2328400001861155
0.2530800001695752
0.21578200021758676
0.3071230002678931
0.209476999938488
0.2564730001613498
0.23157600034028292
0.25712000019848347
0.2138049998320639
0.2452980000525713
0.22247599996626377
0.23776799999177456
0.22720199963077903
0.44154700031504035
0.3221749998629093
0.11561200022697449
0.28993699979037046
0.3957720003090799
0.2875310000963509
0.40261900005862117
0.3131630001589656
0.39307700004428625
0.2889259997755289
0.39489000011235476
0.2964070001617074
0.39744600001722574
0.2728930003941059
0.40551199996843934
0.2875950001180172
0.39258999982848763
0.29295899998396635
0.39177400013431907
0.2888939999975264
0.40369499986991286
0.2690719999372959
0.4007170000113547
0.268798999954015
0.39029800007119775
0.29512699972838163
0.4061599997803569
0.27114500012248755
0.3935050000436604
0.29424399975687265
0.39927100017666817
0.27251100027933717
0.3971919999457896
0.2755179996602237
0.42256900016218424
0.27355199959129095
0.4073330000974238
0.26899500004947186
0.3663280000910163
0.29481999995186925
0.4007219998165965
0.29280799999833107
0.39590199990198016
0.2779500000178814
0.4097400000318885
0.2741379998624325
0.111049999948591
0.30393199995160103
0.39696400007233024
0.2870529997162521
0.4115670002065599
0.2725919997319579
0.42805800028145313
0.26796199986711144
0.40754300029948354
0.2906189998611808
0.40095100039616227
0.27032299991697073
0.41643999982625246
0.2874590000137687
0.4016010002233088
0.33868899988010526
0.3957350002601743
0.2875900003127754
0.41002400033175945
0.2916079997085035
0.41605200013145804
0.27194999996572733
0.3567079999484122
0.2737920000217855
0.41209599981084466
0.2731429999694228
0.3918639998883009
0.3918249998241663
0.274813000112772
0.41371400002390146
0.10909500019624829
0.3999089999124408
0.27330200001597404
0.4089879998937249
0.2926890002563596
0.21848999988287687
0.31760700000450015
0.4006019998341799
0.2736680000089109
0.40802100021392107
0.2798849996179342
0.4242409998551011
0.29206400038674474
0.3981719999574125
0.2725579999387264
0.4039619998075068
0.291402000002563
0.3978969999589026
0.2701379996724427
0.42347299959510565
0.2699250001460314
0.39868099987506866
0.2753449999727309
0.40699000004678965
0.29287200001999736
0.42548299999907613
0.2871550000272691
0.3927199998870492
0.2912639998830855
0.39700999995693564
0.27197299990803003
0.3956889999099076
0.2704809997230768
0.4028880000114441
0.2967579998075962
0.4018649999052286
0.27422200003638864
0.4020549999549985
0.28952900040894747
0.3882889999076724
0.27228800021111965
0.4017160004004836
0.28744899993762374
0.44893399998545647
0.2693859999999404
0.11526700016111135
0.2916160002350807
0.3971860003657639
0.27497299993410707
0.4177900003269315
0.2945070001296699
0.3924099998548627
0.2920290003530681
0.4093549996614456
0.28704500012099743
0.39055100036785007
0.27655800012871623
0.4039669996127486
0.2935999999754131
0.3955429997295141
0.2920379997231066
0.4047560002654791
0.27456900011748075
0.43878199998289347
0.2914179996587336
0.41054200008511543
0.27159499982371926
0.41215800028294325
0.27176199993118644
0.4078500000759959
0.2853119997307658
0.4041980002075434
0.27396500017493963
0.3931010002270341
0.30240899976342916
0.40130600007250905
0.2869340004399419
0.44328000023961067
0.2917229998856783
0.401573000010103
0.2904270002618432
0.4052180000580847
0.27154800016433
0.403156999964267
0.2771310000680387
0.11352699995040894
0.28786499984562397
0.40555400028824806
0.2900160001590848
0.39500000001862645
0.272946999873966
0.4092999999411404
0.2933459999039769
0.3963909996673465
0.26980300014838576
0.39292099978774786
0.2905069999396801
0.39384099980816245
0.29329399997368455
0.39561300026252866
0.29073299979791045
0.39525200007483363
0.29282799968495965
0.40934700006619096
0.2966570002026856
0.41237100027501583
0.2716069999150932
0.39544800017029047
0.29070100001990795
0.4084760001860559
0.28874400025233626
0.40985599998384714
0.29107899963855743
0.3960160003043711
0.27143900003284216
0.40482099959626794
0.40481199976056814
0.397859999909997
0.2924029999412596
0.4051489997655153
0.403694000095129
0.28702499996870756
0.14317299984395504
0.26847200002521276
0.2901900000870228
0.4094630000181496
0.40066300006583333
0.26918300008401275
0.3990310002118349
0.2742690001614392
0.4036429999396205
0.3482289998792112
0.4023970002308488
0.2881639995612204
0.41508800024166703
0.2925889999605715
0.4553299997933209
0.28969100024551153
0.4212330002337694
0.2894439999945462
0.4413439999334514
0.29002599976956844
0.4409650000743568
0.2914920002222061
0.4178619999438524
0.3033809997141361
0.4341790000908077
0.305093000177294
0.43323699990287423
0.28570100013166666
0.41864700010046363
0.311083999928087
0.4318089997395873
0.29386499989777803
0.4288310003466904
0.29162499960511923
0.43488800013437867
0.31001800019294024
0.44462199974805117
0.34214699966832995
0.4430510001257062
0.31206100014969707
0.4318549996241927
0.2676310003735125
0.4225110001862049
0.2837060000747442
0.4286629999987781
0.28137499978765845
0.428768000099808
0.3043680000118911
0.42348300013691187
0.2789230002090335
0.44040199974551797
0.30180999962612987
0.4342809999361634
0.29064100002869964
0.43820599978789687
0.28418199997395277
0.4222989999689162
0.30763900000602007
0.4248970001935959
0.3040939997881651
0.4238880001939833
0.3086819997988641
0.42402900010347366
0.29399600019678473
0.4123509996570647
0.2754029999487102
0.4088339996524155
0.2919669998809695
0.41303500020876527
0.28831399977207184
0.41323600010946393
0.2903209999203682
0.4421049999073148
0.27254500007256866
0.4077070001512766
0.29183299979195
0.3547620000317693
0.28591600013896823
0.4150039996020496
0.29366100020706654
0.412605999968946
0.27201700024306774
0.4060909999534488
0.2903189999051392
0.40923700015991926
0.3323379997164011
0.4156189998611808
0.29940499970689416
0.4186920002102852
0.27489700028672814
0.40687800012528896
0.29117400012910366
0.42991899978369474
0.30305999983102083
0.4401760003529489
0.28079500002786517
0.433354000095278
0.3008960001170635
0.43663400039076805
0.3006090000271797
0.4225750002078712
0.28391999984160066
0.4706979999318719
0.28446799982339144
0.4284910000860691
0.34119899990037084
0.4216920002363622
0.2969370000064373
0.44508800003677607
0.27488799998536706
0.41096000000834465
0.2806719997897744
0.4293080000206828
0.41880400013178587
0.2964780000038445
0.2855939995497465
0.3575499998405576
0.15833000000566244
0.27796699991449714
0.3028989997692406
0.4624100001528859
0.4181940001435578
0.29514400009065866
0.48018800001591444
0.3061270001344383
0.42157600028440356
0.29942799964919686
0.42330799996852875
0.28123700013384223
0.4062549998052418
0.30293700005859137
0.4512090003117919
0.29910500021651387
0.42106099985539913
0.2925629997625947
0.4214119999669492
0.3033349998295307
0.40977399982511997
0.3104479997418821
0.42244300013408065
0.30597699992358685
0.43241299968212843
0.307825000025332
0.1223149998113513
0.4111310001462698
0.4314139997586608
0.2987319999374449
0.4371860004030168
0.3396540000103414
0.4391570002771914
0.31412400025874376
0.41072600008919835
0.2838800000026822
0.4343099999241531
0.2829160001128912
0.43287100037559867
0.2856649998575449
0.4346549999900162
0.29091500025242567
0.42441700026392937
0.10085499985143542
0.41706199990585446
0.309748999774456
0.4097980000078678
0.29246800020337105
0.4048819998279214
0.2947300001978874
0.4108850001357496
0.2737670000642538
0.3987420001067221
0.2768549998290837
0.39635600009933114
0.27743500005453825
0.40330500015988946
0.2796160001307726
0.4159729997627437
0.2737159999087453
0.41919600032269955
0.2957850000821054
0.41443700017407537
0.2748839999549091
0.39794600009918213
0.29301599971950054
0.16147900000214577
0.2952090003527701
0.2978989998809993
0.40068900026381016
0.3957839999347925
0.2751960000023246
0.4165030000731349
0.32873599976301193
0.39225300028920174
0.29085900029167533
0.412971000187099
0.27457299968227744
0.4093589996919036
0.2908330000936985
0.3966879998333752
0.29149100044742227
0.41160900006070733
0.29066899977624416
0.431317999958992
0.291125999763608
0.4256609999574721
0.3101340001448989
0.4220119998790324
0.2851829999126494
0.40899599995464087
0.29565300000831485
0.43673199974000454
0.2819199999794364
0.4204290001653135
0.30478199990466237
0.439879999961704
0.28698800038546324
0.41209799982607365
0.315138999838382
0.40778200002387166
0.30665899999439716
0.42868700018152595
0.28260699985548854
0.4287870000116527
0.3027329999022186
0.1632169997319579
0.2984829996712506
0.3323200000450015
0.41140800016000867
0.297238000202924
0.3968109996058047
0.41672399966046214
0.290244999807328
0.4001690000295639
0.2913420000113547
0.39224399998784065
0.3562400001101196
0.39795299991965294
0.2739160000346601
0.4100270001217723
0.28874099999666214
0.39365500025451183
0.27292599994689226
0.4149500001221895
0.27441499987617135
0.41133899986743927
0.28886999981477857
0.4139900002628565
0.2728009996935725
0.4091420001350343
0.28965699998661876
0.40423899982124567
0.27485600020736456
0.39880000008270144
0.27007999969646335
0.39442399982362986
0.2845980003476143
0.44879100006073713
0.2755390000529587
0.3948079999536276
0.41126100020483136
0.40964800026267767
0.41721799969673157
0.2724379999563098
0.39368699956685305
0.2889880002476275
0.41151300026103854
0.28734100004658103
0.41368399979546666
0.2947109998203814
0.41861100029200315
0.2903950000181794
0.4170380001887679
0.3230400001630187
0.4069699998944998
0.270930000115186
0.40023200027644634
0.27218399988487363
0.41893400019034743
0.2929650000296533
0.413937000092119
0.27526000002399087
0.4305650000460446
0.2901840000413358
0.3931770003400743
0.27460299991071224
0.44760300032794476
0.29618499986827374
0.41325500002130866
0.2895149998366833
0.41196999978274107
0.2731540002860129
0.4045179998502135
0.2712489999830723
0.4041820000857115
0.2733740000985563
0.41716499999165535
0.31128299981355667
0.41781000001356006
0.29435000009834766
0.40159100014716387
0.27600800013169646
0.4055849998258054
0.2941689998842776
0.40396100003272295
0.3287580003961921
0.45244200015440583
0.277797999791801
0.4077599998563528
0.2953079999424517
0.40293500013649464
0.2933280002325773
0.3968600002117455
0.34743400011211634
0.4226250001229346
0.307285999879241
0.46353300008922815
0.34101299988105893
0.4109910000115633
0.29981100000441074
0.3904120000079274
0.2746000001206994
0.4004299999214709
0.2874249997548759
0.40158299962058663
0.27295800019055605
0.39812499983236194
0.2860510000027716
0.39839500002563
0.2706989999860525
0.40252400003373623
0.29534600023180246
0.40643499977886677
0.2915610000491142
0.40645499993115664
0.27124200016260147
0.40938799967989326
0.322051000315696
0.4226919999346137
0.2869589999318123
0.1108460002578795
0.30512099992483854
0.1978170000948012
0.3064580000936985
0.3566139996983111
0.28736399998888373
0.16116899996995926
0.26119699981063604
0.39235399989411235
0.2857389999553561
0.3959380001761019
0.32173099974170327
0.3899429999291897
0.29306699987500906
0.41450299974530935
0.2820990001782775
0.39001999981701374
0.28610499994829297
0.39801800018176436
0.2687730002216995
0.41069599986076355
0.27068099984899163
0.44508300023153424
0.31356400018557906
0.396015000063926
0.27231699973344803
0.4098069998435676
0.2910899999551475
0.41029200004413724
0.27076599979773164
0.41681599989533424
0.27133799996227026
0.40152199985459447
0.2633989998139441
0.39634900027886033
0.2929850001819432
0.1088929995894432
0.30655100010335445
0.39123199973255396
0.2864479999989271
0.4138299999758601
0.2829799996688962
0.397685999982059
0.2916270000860095
0.4087190004065633
0.29229800030589104
0.3946679998189211
0.27033500000834465
0.4079249994829297
0.2858849996700883
0.4270130004733801
0.29157999996095896
0.4126300001516938
0.2728580003604293
0.39209199976176023
0.29157300014048815
0.4010340003296733
0.2881460003554821
0.40798099990934134
0.26844900008291006
0.40700200013816357
0.2898030001670122
0.40483300015330315
0.2887949999421835
0.3950309995561838
0.26836400013417006
0.3969789994880557
0.29035199992358685
0.4100530007854104
0.2908399999141693
0.4126220000907779
0.27513099927455187
0.15752399992197752
0.28392000030726194
0.41404400020837784
0.29488200042396784
0.1084780003875494
0.29197699949145317
0.40902100037783384
0.27230000030249357
0.4010659996420145
0.2913450002670288
0.393117000348866
0.2753110006451607
0.4040660001337528
0.2856189999729395
0.40072300005704165
0.2714829994365573
0.39391900040209293
0.2712020007893443
0.40521099977195263
0.2870029993355274
0.4059219993650913
0.2902180003002286
0.40989500004798174
0.2838670006021857
0.3985209995880723
0.2781570004299283
0.38873100001364946
0.2691679997369647
0.4055429995059967
0.26703699957579374
0.38455000054091215
0.2804969996213913
0.39147999975830317
0.2839119993150234
0.4029180007055402
0.2643149998039007
0.40402800031006336
0.2681829994544387
0.40492499992251396
0.2805959992110729
0.38499299995601177
0.28335999976843596
0.2055139997974038
0.2634199997410178
0.18238199967890978
0.27980099990963936
0.3869349993765354
0.2827190002426505
0.40306799951940775
0.28177500050514936
0.4073649998754263
0.32184300012886524
0.41174499969929457
0.26756300032138824
0.4074339997023344
1.9223360000178218
0.40262500010430813
0.2877319995313883
0.4099559998139739
0.26723700016736984
0.40516600012779236
0.28542499989271164
0.4088610000908375
0.2662220001220703
0.38804699946194887
0.28372199926525354
0.40880800038576126
0.2843320006504655
0.3935829997062683
0.2861609999090433
0.4060570001602173
0.2686259998008609
0.5843350002542138
0.3018859997391701
0.41017899941653013
0.4006139999255538
0.40130800008773804
0.26825399976223707
0.41777999978512526
0.30372999981045723
0.4157440001145005
0.2997089996933937
0.4094559997320175
0.29700399935245514
0.4170540003105998
0.2892999993637204
0.41545099951326847
0.2975409999489784
0.4351840000599623
0.2961140004917979
0.41619199980050325
0.28794700000435114
0.4307010006159544
0.2985110003501177
0.4078909996896982
0.2967670001089573
0.41270000021904707
0.2956220004707575
0.474864000454545
0.28306599985808134
0.420545999892056
0.10859999991953373
0.42162600066512823
0.28222400043159723
0.4285269994288683
0.2756139999255538
0.41967800073325634
0.32995899952948093
0.47645199950784445
0.2887859996408224
0.42185300029814243
0.34747800044715405
0.4184840004891157
0.3075940003618598
0.41639900021255016
0.30741100013256073
0.10560999996960163
0.28694199956953526
0.3883389998227358
0.28183599933981895
0.3737719999626279
0.26648700051009655
0.27555999998003244
0.43088299967348576
0.39863700047135353
0.2690479997545481
0.41591500025242567
0.2680979995056987
0.3903890000656247
0.26870799995958805
0.4285129997879267
0.3237060001119971
0.3940099999308586
0.2978069996461272
0.39917400013655424
0.27116499934345484
0.4002059996128082
0.2716739997267723
0.39963500015437603
0.2879160000011325
0.46018700022250414
0.28710499964654446
0.39384999964386225
0.2887190002948046
0.4074569996446371
0.28997800033539534
0.40820000041276217
0.27172400057315826
0.3874619994312525
0.28504900075495243
0.4512830004096031
0.2713850000873208
0.4373969994485378
0.3034490002319217
0.3851020000874996
0.27121599949896336
0.39811199996620417
0.28914699982851744
0.39090599957853556
0.28696499951183796
0.3871759995818138
0.290153999812901
0.4027530001476407
0.2667290000244975
0.39645500015467405
0.28738499991595745
0.4025440001860261
0.28663699980825186
0.3860439993441105
0.2728829998522997
0.39911200013011694
0.2880149995908141
0.40745100006461143
0.2719750003889203
0.40829800069332123
0.2885570004582405
0.4080130001530051
0.28790100011974573
0.39668199978768826
0.2848389996215701
0.39154599979519844
0.08264499995857477
0.3908019997179508
0.28389200009405613
0.40708199981600046
0.27138200029730797
2.85234700050205
0.28037399984896183
0.40413799975067377
0.2677339995279908
0.40020199958235025
0.2538869995623827
0.382230999879539
0.29053799994289875
0.31595499999821186
0.3098259996622801
0.2914180001243949
0.30588100012391806
0.14444300066679716
0.26022000052034855
0.2632360002025962
0.3867489993572235
0.39391699992120266
0.26207900047302246
0.4400310004130006
0.26421499997377396
0.41261500027030706
0.27863499987870455
0.4057969991117716
0.2602530000731349
0.3786439998075366
0.2726139994338155
0.38846000004559755
0.2640039995312691
0.39732200000435114
0.26484600082039833
0.3860809998586774
0.2841280000284314
0.40584699995815754
0.25852799974381924
0.39882799983024597
0.2785100005567074
0.3833159999921918
0.2620940003544092
0.3980780001729727
0.26365199964493513
0.40266000013798475
0.2801620000973344
0.12217800039798021
0.2796000000089407
0.26257400028407574
0.39162900019437075
0.2771669998764992
0.44929600041359663
0.40369500033557415
0.2773139998316765
0.4055639998987317
0.2819060003384948
0.4296149993315339
0.26425599958747625
0.3981809997931123
0.27550300024449825
0.4389190003275871
0.26245499961078167
0.39742800034582615
0.31042700074613094
0.38398800045251846
0.280052000656724
0.4345370000228286
0.2804200006648898
0.3987320000305772
0.28016099985688925
0.42579799983650446
0.27422000002115965
0.4320960007607937
0.2806559996679425
0.3815949996933341
0.27800399996340275
0.39647299982607365
0.2650929996743798
0.3845370002090931
0.2637009993195534
0.38595599960535765
0.2667399998754263
0.4073599996045232
0.2612530002370477
0.3931150007992983
0.2619470003992319
0.40900500025600195
0.28086599987000227
0.8032450005412102
0.30050599947571754
0.39270199928432703
0.31589299999177456
0.39461300056427717
0.2799509996548295
0.39393800031393766
0.26236500032246113
0.38785400055348873
0.29734799917787313
0.40184800047427416
0.27984699979424477
0.4018950005993247
0.2637040000408888
0.43463000003248453
0.2817500000819564
0.45224300026893616
0.28226299956440926
0.40728900022804737
0.26246399991214275
0.38700500037521124
0.26200699992477894
0.40110400039702654
0.2836230006068945
0.40947300009429455
0.25858100038021803
0.4322890006005764
0.28243299946188927
0.3901639999821782
0.280264999717474
0.3905379995703697
0.2599340006709099
0.4024250004440546
0.27743500005453825
0.3833560002967715
0.4382109995931387
0.3997099995613098
0.4006889993324876
0.3833510000258684
0.2772460002452135
0.40797000005841255
0.2595990002155304
0.40762299951165915
0.2622309997677803
0.40028900001198053
0.26275600027292967
0.4018080001696944
0.319667000323534
0.3943450003862381
0.26508700009435415
0.40602400060743093
0.2619860004633665
0.38598200026899576
0.28388600051403046
0.3920609997585416
0.2622170001268387
0.4305730005726218
0.33992999978363514
0.38786600064486265
0.2619329998269677
0.40673999954015017
0.27898900024592876
0.40348999947309494
0.26239300053566694
0.3974449997767806
0.27368499990552664
0.3879700005054474
0.2744279997423291
0.4014489995315671
0.3473810004070401
0.3876900002360344
0.258135000243783
0.38968800008296967
0.26548200007528067
0.4043129999190569
0.2682070005685091
0.34940799977630377
0.27853200025856495
0.39438800048083067
0.26627499982714653
0.40475199930369854
0.287521000020206
0.3848859993740916
0.28286899998784065
0.3872380005195737
0.26497599948197603
0.4001460000872612
0.2627360001206398
0.4079940002411604
0.28392199985682964
0.4024149999022484
0.2615450005978346
0.38718000054359436
0.26239299960434437
0.40060599986463785
0.2667399998754263
0.40907999966293573
0.2665569996461272
0.3897900003939867
0.28354799933731556
0.39958699978888035
0.2645670007914305
0.4075380004942417
0.26201399974524975
0.40730400010943413
0.2830400001257658
0.4033940006047487
0.2648220006376505
0.43599999975413084
0.2848190004006028
0.398199999704957
0.2838390003889799
0.40944099985063076
0.28103800024837255
0.4078290006145835
0.314822000451386
0.38912300020456314
0.2846209993585944
0.38456599973142147
0.28489299956709146
0.10262100026011467
0.30300299916416407
0.10237899981439114
0.30574299953877926
0.3865809999406338
0.2817529998719692
0.3961669998243451
0.2934100003913045
0.40919600054621696
0.2849200004711747
0.4071570001542568
0.27903900016099215
0.38873500004410744
0.2865869998931885
0.40871100034564734
0.28682100027799606
0.4246150003746152
0.12337000016123056
0.398802999407053
0.2862280001863837
0.39814600069075823
0.31905699986964464
0.38704400043934584
0.2822000002488494
0.3939340002834797
0.2659179996699095
0.38663499988615513
0.2649959996342659
0.3959210002794862
0.28547600004822016
0.39646199997514486
0.29390399996191263
0.3961600000038743
0.32908699940890074
3.2111360002309084
0.39759499952197075
0.3886559996753931
0.2661459995433688
0.32675200048834085
0.2987180007621646
0.2651089997962117
0.2982820002362132
0.4010979998856783
0.28778200037777424
0.3885580003261566
0.2862660000100732
0.40675600059330463
0.2659299997612834
0.38214500062167645
0.2686679996550083
0.38354399986565113
0.2630850002169609
0.39029099978506565
0.31437100004404783
0.3967639999464154
0.2835659999400377
0.41518899984657764
0.31633100006729364
0.40720999985933304
0.2680529998615384
0.3931759996339679
0.2849789997562766
0.39133999962359667
0.2863600002601743
0.3856359999626875
0.28612100053578615
0.40319199953228235
0.28353899996727705
0.40366499964147806
3.893145000562072
0.372724000364542
0.25667900033295155
0.3668280001729727
0.27237800043076277
0.3913730001077056
0.2708590002730489
0.38999100029468536
0.26782499998807907
0.37871200032532215
0.25695400033146143
0.42940100003033876
0.2551469998434186
0.3838380007073283
0.2582470001652837
0.37624899949878454
0.273993999697268
0.3766040001064539
0.2723949998617172
0.38199400063604116
0.2738399999216199
0.3710319995880127
0.2565649999305606
0.37428800016641617
0.2775550000369549
0.37442700006067753
0.27062200009822845
0.3750479994341731
0.2547779995948076
0.3719990001991391
0.2527740001678467
0.4208240006119013
0.2719580000266433
0.3732159994542599
0.27303299959748983
0.3713210001587868
0.25369800068438053
0.3773659998551011
0.25384300015866756
0.38485500030219555
0.27001800015568733
0.37983900029212236
0.27038100082427263
0.38397200033068657
0.2557870000600815
0.3796419994905591
0.27404800057411194
0.37371399998664856
0.25342699978500605
0.3878339994698763
0.2573750000447035
0.3706930000334978
0.2764980001375079
0.37574699986726046
0.25576999969780445
0.3252499997615814
0.29473999980837107
0.10479000024497509
0.2923889998346567
0.3043980002403259
0.27059399988502264
0.3449379997327924
0.29460000060498714
0.10429999977350235
0.3297290001064539
0.273798999376595
0.3674670001491904
0.255409000441432
0.11261799931526184
0.28157399967312813
0.24945900030434132
0.2754700006917119
0.27323300018906593
0.265518999658525
0.368881999514997
0.25275500025600195
0.2542789997532964
0.3856290001422167
0.2828810000792146
0.2718779994174838
0.27560900058597326
0.31231999956071377
0.2712730001658201
0.2671739999204874
0.2999160001054406
0.3802089998498559
0.3713299995288253
0.25548600032925606
0.37380099948495626
0.3700459999963641
0.1314659994095564
0.10097000002861023
0.2879170002415776
0.3670830000191927
0.26764499954879284
0.38462099991738796
0.2533799996599555
0.37099899910390377
0.2551859999075532
0.3676979998126626
0.27183299977332354
0.38813900016248226
0.26401699986308813
0.37032200023531914
0.27124200016260147
0.3814829997718334
0.2498690001666546
0.3720689993351698
0.2532879998907447
0.3677880000323057
0.2561519993469119
0.3888649996370077
0.26805099938064814
0.36560099944472313
0.24899099953472614
0.3705730000510812
0.2529799994081259
0.3684010002762079
0.2707650000229478
0.24471599981188774
0.2509059999138117
0.3639299999922514
0.25091500021517277
0.36968399956822395
0.2685279995203018
0.3670649994164705
0.24979399982839823
0.38132499996572733
0.2636660002171993
0.3719389997422695
0.27201199997216463
0.3792539993301034
0.24914600048214197
0.1531570004299283
0.24642099998891354
0.2692459998652339
0.41313100047409534
0.4187789997085929
0.26605299953371286
0.38819099962711334
0.26782300043851137
0.3729370003566146
0.2674309993162751
0.4216679995879531
0.25075799971818924
0.3882780000567436
0.26360000018030405
0.38551099970936775
0.26508700009435415
0.3846320006996393
0.2901290003210306
0.37155899964272976
0.26796900015324354
0.5015560006722808
0.2639709999784827
0.3981000008061528
0.24894999992102385
0.3689230000600219
0.24508299957960844
0.3719589998945594
0.2670999998226762
0.3839539997279644
0.2676779991015792
0.38858600053936243
0.24796800035983324
0.38120000064373016
0.2689219992607832
0.3729420006275177
0.26061700005084276
0.3873920002952218
0.245834999717772
0.38470300007611513
0.26288000028580427
0.09902499988675117
0.2788360007107258
0.3703530002385378
0.2671369994059205
0.3708190005272627
0.2703239992260933
0.3671150002628565
0.2671689996495843
0.36915700044482946
0.24914499931037426
0.3782580001279712
0.2727990001440048
0.3883370002731681
0.26704899966716766
0.37066000048071146
0.2657209997996688
0.3655869998037815
0.26736600045114756
0.38334499951452017
0.27310699969530106
0.37701400090008974
0.2704809997230768
0.3823890006169677
0.25001899991184473
0.38130300026386976
0.2664580000564456
0.4101240001618862
0.26619600038975477
0.3983239997178316
0.2786149997264147
0.3832329995930195
0.40323999989777803
0.39982799999415874
0.2622000006958842
0.3949250001460314
0.2761279996484518
0.11760700028389692
0.30235600005835295
0.27747100032866
0.40114500001072884
0.4165360005572438
0.26133899949491024
0.3878370001912117
0.2777549996972084
0.38381300028413534
0.28508299961686134
0.39930699951946735
0.2805309994146228
0.3849520003423095
0.2718759998679161
0.38394900038838387
0.22014199942350388
0.38573400024324656
0.2774569997563958
0.39924100041389465
0.2772900005802512
0.39272200036793947
0.2898230003193021
0.39155100006610155
0.28307600039988756
0.4142149994149804
0.2758160000666976
0.38750100042670965
0.2583919996395707
0.38281000033020973
0.2529509998857975
0.3913429994136095
0.25939600076526403
0.3901979997754097
0.2876799991354346
0.40426400024443865
0.26747400034219027
0.3943750001490116
0.2771890005096793
0.11717899981886148
0.27633100003004074
0.2757450006902218
0.3824750008061528
0.3932640003040433
0.25858599971979856
0.43118599988520145
0.26119100023061037
0.395584000274539
0.2749210000038147
0.39740500040352345
0.2728169998154044
0.4120330000296235
0.2562380004674196
0.38333400059491396
0.27762299962341785
0.3957629995420575
0.2567309997975826
0.4005239997059107
0.26188499946147203
0.4081060001626611
0.286527999676764
0.3721540002152324
0.24897100031375885
0.3836260000243783
0.269505999982357
0.3746720002964139
0.2891279999166727
0.5118440007790923
0.2693630000576377
0.3706120001152158
0.25250399950891733
0.370388999581337
0.27468799985945225
0.42107999976724386
0.2753320001065731
0.3694559996947646
0.2530359998345375
0.37008799985051155
0.2491049999371171
0.36627000011503696
0.2700040005147457
0.25053999945521355
0.2900890000164509
0.08811799995601177
0.2837899997830391
0.08426399994641542
0.3218450006097555
0.11562400031834841
0.28751999977976084
0.2512069996446371
0.3686159998178482
0.3719410002231598
0.27032400015741587
0.37029699981212616
0.2758880006149411
0.3699970003217459
0.2690789997577667
0.3754799999296665
0.251613000407815
0.3716519996523857
0.25185300037264824
0.3707149997353554
0.25270599965006113
0.3740710001438856
0.26711499970406294
0.382358000613749
0.28896099980920553
0.3756590001285076
0.27887200005352497
0.3726230002939701
0.26853299979120493
0.3829929996281862
0.2440820001065731
0.36659099999815226
0.2507570004090667
0.3869460001587868
0.36629000026732683
0.2661690004169941
0.17851999960839748
0.2864819997921586
0.08765600062906742
0.26986000034958124
0.08388999942690134
0.29055000003427267
0.15656400006264448
0.27262299973517656
0.11883199959993362
0.2503549996763468
0.2560060005635023
0.38881699927151203
0.37020699959248304
0.24868800025433302
0.3845899999141693
0.24991600029170513
0.3864879999309778
0.2791499998420477
0.4140729997307062
0.27858399972319603
0.38344800006598234
0.25951499957591295
0.39690199960023165
0.2593670003116131
0.385347000323236
0.2780579999089241
0.3846239997074008
0.2599200000986457
0.3995080003514886
0.28058600053191185
0.3531259996816516
0.2768170004710555
0.505379999987781
0.2646659994497895
0.3657160000875592
0.24718899931758642
0.15081699937582016
0.267128000035882
0.12112599983811378
0.24665699992328882
0.2914839992299676
0.37922799959778786
0.3726660003885627
0.2986920000985265
0.36711200047284365
0.24631400033831596
0.403435000218451
0.26495299953967333
0.3837839998304844
0.24657099973410368
0.367620000615716
0.26403400022536516
0.3702630000188947
0.2476749997586012
0.3640669994056225
0.24695200007408857
0.3777080001309514
0.26485500019043684
0.3650169996544719
0.24564499966800213
0.38571800012141466
0.29757599998265505
0.3661400005221367
0.2480790000408888
0.38168299943208694
0.24464199971407652
0.36790999956429005
0.26583699975162745
0.3678270000964403
0.27115399949252605
0.3673730008304119
0.2905299998819828
0.38401000015437603
0.2480790000408888
0.10526099987328053
0.2649980001151562
0.385236999951303
0.24780800007283688
0.3949779998511076
0.2653219997882843
0.40138900000602007
0.26453200075775385
0.3688709996640682
0.2481760000810027
0.377428000792861
0.2640049997717142
0.3825909998267889
0.24585200008004904
0.3687490001320839
0.2698879996314645
0.3851999994367361
0.24338600039482117
0.3662929991260171
0.26700699981302023
0.3654489992186427
0.2456470001488924
0.38395099993795156
0.26834299974143505
0.3669320000335574
0.25876300036907196
0.36849800031632185
0.24570100009441376
0.3734209993854165
0.2677070004865527
0.37111200019717216
0.41334500070661306
0.365578000433743
0.37196600064635277
0.24541199952363968
0.36282800044864416
0.2637839997187257
0.11680900026112795
0.24726300034672022
0.24528999999165535
0.36715999990701675
0.3666899995878339
0.24662400037050247
0.38277999963611364
0.26791200041770935
0.36721500009298325
0.26831600069999695
0.40914000011980534
0.26823199912905693
0.42092099972069263
0.26266600005328655
0.37083599995821714
0.26713999919593334
0.3718259995803237
0.26391000021249056
0.3665810003876686
0.25268799997866154
0.3726199995726347
0.25960499979555607
0.3702920004725456
0.26388900075107813
0.3888680003583431
0.24653599970042706
0.3887370005249977
0.2457109997048974
0.36778900027275085
0.2596519999206066
0.38625700026750565
0.2604800006374717
0.3812100002542138
0.24945900030434132
0.36431900039315224
0.25997200049459934
0.36410299967974424
0.24719700030982494
0.3672350002452731
0.2654670001938939
0.08128499984741211
0.26802700012922287
0.2532209996134043
0.2852130001410842
0.08251599967479706
0.2635439997538924
0.11693000048398972
0.2617899999022484
0.298462999984622
0.4114549998193979
0.36327800061553717
0.12330100033432245
0.3924949998036027
0.2511949995532632
0.36540000047534704
0.2786639994010329
0.36995000019669533
0.2554000001400709
0.37648100033402443
0.2932099997997284
0.36758700013160706
0.26328099984675646
0.3687490001320839
0.2699729995802045
0.3645520005375147
0.24730100017040968
0.36778400000184774
0.2685719998553395
0.37133700028061867
0.2470669997856021
0.3837520005181432
0.24840600043535233
0.36679500062018633
0.30823099985718727
0.38065999932587147
0.2954249996691942
0.36733900010585785
0.24760700017213821
0.38027399964630604
0.24213899951428175
0.42173399962484837
0.2671389998868108
0.19943299982696772
0.2631259998306632
0.3611920000985265
0.26450700033456087
0.40158200077712536
0.26655799988657236
0.36704999953508377
0.247104000300169
0.3705350002273917
0.2657629996538162
0.365106999874115
0.26758600026369095
0.39359499979764223
0.2640420002862811
0.3717339998111129
0.26731499936431646
0.3710240004584193
0.26682899985462427
0.3895600000396371
0.2611000007018447
0.37998099997639656
0.2783909998834133
0.4616390001028776
0.25942999962717295
0.3722409997135401
0.25583000015467405
0.39226900041103363
0.2562490003183484
0.3852800000458956
0.27576000057160854
0.42542200069874525
0.37980099953711033
0.38129299972206354
0.3869529999792576
0.38411100022494793
0.3821869995445013
0.25771600008010864
0.11893999949097633
0.2888660002499819
0.39819699991494417
0.25947600044310093
0.38785399962216616
0.2772640008479357
0.3807619996368885
0.29240099992603064
0.3811429999768734
0.27556900028139353
0.37807799968868494
0.25723200011998415
0.3987529994919896
0.27401100005954504
0.3773489994928241
0.2778899995610118
0.40125800017267466
0.25681400019675493
0.39204500056803226
0.25862300023436546
0.3858789997175336
0.30837500002235174
0.3805670002475381
0.25734500028192997
0.39976399950683117
0.27526200003921986
0.40173499938100576
0.27969999983906746
0.43139300029724836
0.3813979998230934
0.26574600022286177
0.3847320005297661
0.3797749998047948
0.1734719993546605
0.39256499987095594
0.255948000587523
0.38121800031512976
0.2577410005033016
0.39834100008010864
0.2954749995842576
3.9479710003361106
0.24637300055474043
0.3979909997433424
0.2450729999691248
0.3800619998946786
0.2600010000169277
0.37567600049078465
0.2455019997432828
0.3677190002053976
0.2581329997628927
0.3791740005835891
0.26309100072830915
0.3599109994247556
0.2620079992339015
0.36813499964773655
0.24983599968254566
0.3809890002012253
0.24294100049883127
0.3824989991262555
0.262622999958694
0.383988999761641
0.26674799993634224
0.37875999975949526
0.2644389998167753
0.3772599995136261
0.24239599984139204
0.42220599949359894
0.24643500056117773
0.3660829998552799
0.2351000001654029
0.362746000289917
0.2462729997932911
0.14461199939250946
0.2631419999524951
0.24431799910962582
0.36205899994820356
0.3655019998550415
0.2454430004581809
0.3785280007869005
0.2613269994035363
0.37742200028151274
0.25838900078088045
0.3792480006814003
0.2630920000374317
0.3654289999976754
0.23858499992638826
0.3716469993814826
0.26208100002259016
0.38419599924236536
0.2537660002708435
0.37757400050759315
0.2603209996595979
0.3759690001606941
0.23836600035429
0.3624959997832775
0.23926199972629547
0.336349000222981
0.25734199956059456
0.37201999966055155
0.2585749998688698
0.35941500030457973
0.2592870006337762
0.37467500008642673
0.2399930004030466
0.39570700004696846
0.2894439995288849
0.3797730002552271
0.2396709993481636
0.3747070003300905
0.2543580001220107
0.4017249997705221
0.259166999720037
0.31666599959135056
0.26085600070655346
0.12173699960112572
0.2739460002630949
0.14984400011599064
0.25419599935412407
0.3824920002371073
0.26277200039476156
0.36541999969631433
0.2734219999983907
0.38673899974673986
0.24354000017046928
0.3790289992466569
0.24136100057512522
0.3848560005426407
0.2567419996485114
0.36427300050854683
0.24236399959772825
0.37132500018924475
0.2874409994110465
0.3939089998602867
0.2755410000681877
0.39034199994057417
0.2511010002344847
0.3954380005598068
0.25880399998277426
0.15381900034844875
0.1229249993339181
0.36293699964880943
0.36360500007867813
0.1066030003130436
0.10058700013905764
0.25766299944370985
0.35503900051116943
0.23861799947917461
0.36542499996721745
0.259230999276042
0.36181600019335747
0.23768000025302172
0.37906899955123663
0.25687999930232763
0.386655000038445
0.24198599997907877
0.3816799996420741
0.2583190007135272
0.3686960004270077
0.23759299982339144
0.3642859999090433
0.24058100022375584
0.37180399987846613
0.24058100022375584
0.3646849999204278
0.25280799996107817
0.3788390001282096
0.23759800009429455
0.36141599994152784
0.29188300017267466
0.3711719997227192
0.2619439996778965
0.3912629997357726
0.2865100000053644
0.40875300019979477
