0.8705029999837279
0.25819400046020746
0.2572680003941059
0.282621999271214
0.23601599968969822
0.3028630008921027
0.23714200034737587
0.31532400008291006
0.2668409999459982
0.25793799944221973
0.2414040006697178
0.2667399998754263
0.24244400020688772
0.25371099915355444
0.2371469996869564
0.2537719998508692
0.22928899992257357
0.2852819999679923
0.2454169997945428
0.2533200001344085
0.2448850004002452
0.2695590006187558
0.22944100014865398
0.2534490004181862
0.24071200005710125
0.25798399932682514
0.250989000312984
0.25268599949777126
0.24313100054860115
0.2538549993187189
0.22766099963337183
0.25354200042784214
0.2482559997588396
0.28792700078338385
0.2285049995407462
0.2555650006979704
0.24497900065034628
0.26438199914991856
0.22687899973243475
0.2572790002450347
0.2444099998101592
0.25602500047534704
0.24975600000470877
0.28231600020080805
0.24132599961012602
0.2562440000474453
0.24986600037664175
0.257234999909997
0.2437260001897812
0.25929300021380186
0.250539000146091
0.26000700052827597
0.23594299983233213
0.26236999966204166
0.26422000024467707
0.09477800037711859
0.24712799955159426
0.2598980003967881
0.2444240003824234
0.2564709996804595
0.2222680002450943
0.26021100021898746
0.22622699942439795
0.26054800022393465
0.22696899995207787
0.27466499991714954
0.245214999653399
0.26214899960905313
0.22973100002855062
0.25910000037401915
0.23624600004404783
0.25856800004839897
0.23665800038725138
0.3020169995725155
0.24643100053071976
0.2616119999438524
0.22796500008553267
0.2609050003811717
0.25036800000816584
0.25903099961578846
0.21544700022786856
0.25977700017392635
0.2250840002670884
0.2586219999939203
0.24709099996834993
0.2576829995959997
0.26602299977093935
0.25884800031781197
0.22629200015217066
0.2612700005993247
0.24286699946969748
0.2655880004167557
0.2352080000564456
0.25805800035595894
0.24611200019717216
0.2606220003217459
0.23459899984300137
0.25908599980175495
0.23946200031787157
0.2635340001434088
0.22906100004911423
0.2574399998411536
0.22881599981337786
0.2597890002653003
0.2500499999150634
0.3057159995660186
0.25127500016242266
0.25903300009667873
0.2285740002989769
0.26215200033038855
0.2271579997614026
0.26261799968779087
0.22341000009328127
0.2588770007714629
0.24622599966824055
0.2759050000458956
0.2446560002863407
0.2741940002888441
0.22630599979311228
0.26059900037944317
0.24275199975818396
0.2615930000320077
0.245040999725461
0.260521000251174
0.2418330004438758
0.2600790001451969
0.2443940006196499
0.2605759995058179
0.2226029997691512
0.2759279999881983
0.22922500036656857
0.2783719999715686
0.22830599918961525
0.2611019993200898
0.22898999974131584
0.2563780006021261
0.2279480006545782
0.2625050004571676
0.2280210005119443
0.2561769997701049
0.24859000090509653
0.2603949997574091
0.22885099984705448
0.259273000061512
0.22836000006645918
0.258173999376595
0.22774200048297644
0.2593840006738901
0.2439419999718666
0.26075199991464615
0.22946100030094385
0.2595829991623759
0.22716199979186058
0.25936399959027767
0.24504899978637695
0.25757799949496984
0.2341780001297593
0.2671989994123578
0.25031999964267015
0.25868500024080276
0.24923500046133995
0.2614669995382428
0.22357500065118074
0.2646320005878806
0.24854199960827827
0.2603930002078414
0.24124700017273426
0.2592129996046424
0.22357399947941303
0.2625859994441271
0.22734600026160479
0.26135099958628416
0.2458049999549985
0.25843399949371815
0.22566100023686886
0.26254700031131506
0.2289780005812645
0.2574720000848174
0.24984799977391958
0.25917099975049496
0.2513279998674989
0.28092799987643957
0.22764799930155277
0.2594539998099208
0.22927999962121248
0.26337199937552214
0.24700600001960993
0.2572240000590682
0.2257150001823902
0.2558490000665188
0.2752099996432662
0.2598919998854399
0.22899099998176098
0.2812890000641346
0.24656299967318773
0.25901000015437603
0.22433399967849255
0.26273700036108494
0.2482719998806715
0.2583569996058941
0.22703400067985058
0.27925200015306473
0.24091899953782558
0.2562700007110834
0.23025000002235174
0.2624540003016591
0.22553300019353628
0.2607089998200536
0.23013699986040592
0.26148399990051985
0.22818699944764376
0.25852400064468384
0.23955400008708239
0.25653199944645166
0.2277180003002286
0.25685699936002493
0.2271279999986291
0.2545670000836253
0.22750800009816885
0.27820799965411425
0.22503700014203787
0.2596749998629093
0.25014400016516447
0.26053799968212843
0.24216399993747473
0.26285700034350157
0.2292869994416833
0.2587909996509552
0.27701300010085106
0.2600369993597269
0.2254140004515648
0.26339100021868944
0.22556500043720007
0.255111999809742
0.2296500001102686
0.25748699996620417
0.25031999964267015
0.25920800026506186
0.2451969999819994
0.262622999958694
0.22490699961781502
0.259854999370873
0.22867599967867136
0.2627469999715686
0.23208399955183268
0.2621100004762411
0.22644799947738647
0.26072399970144033
0.24797100014984608
0.2734610000625253
0.2256530001759529
0.26286099944263697
0.2775720003992319
0.26226400025188923
0.22352600004523993
0.261222000233829
0.22668999992311
0.27411199919879436
0.2314309999346733
0.2609179997816682
0.23062899988144636
0.2613220000639558
0.24177400022745132
0.26059599965810776
0.2510689999908209
0.261807999573648
0.24340200051665306
0.25843899976462126
0.2666069995611906
0.2591559998691082
0.22753699962049723
0.25902900006622076
0.23077200073748827
0.27724699955433607
0.2491600001230836
0.26035499945282936
0.23216099943965673
0.2915139999240637
0.24352999962866306
0.2582080001011491
0.22692199982702732
0.26138999965041876
0.22588799986988306
0.28163699992001057
0.24079400021582842
0.26692300010472536
0.23102299962192774
0.26120000053197145
0.2438749996945262
0.26003099977970123
0.22799199912697077
0.27986899949610233
0.2248220006003976
0.2645239997655153
0.22976200003176928
0.2598630003631115
0.22935499995946884
0.25848499964922667
0.2496969997882843
0.2597759999334812
0.28205200005322695
0.2605290003120899
0.24666499998420477
0.2615099996328354
0.22839800082147121
0.2732179993763566
0.2569209998473525
0.2719200002029538
0.23695500008761883
0.28896799962967634
0.23117899987846613
0.2741909995675087
0.24698400031775236
0.26113499980419874
0.22572499979287386
0.2903420003131032
0.24452800024300814
0.262538000009954
0.2297510001808405
0.2819910002872348
0.24638199992477894
0.3118690000846982
0.24613500013947487
0.25923299975693226
0.2264580000191927
0.26671599969267845
0.23417000006884336
0.2950299996882677
0.2505000000819564
0.25916900020092726
0.2475610002875328
0.26343199983239174
0.2373029999434948
0.26048999931663275
0.22742800042033195
0.2624349994584918
0.24609300028532743
0.26019700057804585
0.22691900003701448
0.2579100001603365
0.22673300001770258
0.25984600000083447
0.2817390002310276
0.25961400009691715
0.24383899942040443
0.2795700002461672
0.22468800004571676
0.2638680003583431
0.25126600079238415
0.2575659994035959
0.24165000021457672
0.25677600037306547
0.23995800036936998
0.2592919999733567
0.29321400076150894
0.26319400034844875
0.2436549998819828
0.2575930003076792
0.22550200019031763
0.2576529998332262
0.22350099962204695
0.2564979996532202
0.25010900013148785
0.26037799939513206
0.23903500009328127
0.25746400002390146
0.22213800065219402
0.25357599928975105
0.23959199991077185
0.2576550003141165
0.225016999989748
0.2607789998874068
0.22247999999672174
0.25924700032919645
0.22819500043988228
0.26004100032150745
0.24210499972105026
0.2827719999477267
0.2699039997532964
0.2561060003936291
0.22676199954003096
0.2594489995390177
0.24046600051224232
0.25661200005561113
0.22719999961555004
0.2604990005493164
0.2183779999613762
0.2611830001696944
0.2778509994968772
0.2588899992406368
0.22778799943625927
0.2569140000268817
0.22746900003403425
0.2594360001385212
0.25253899954259396
0.25554800033569336
0.22453700006008148
0.26106199994683266
0.22366399969905615
0.26588799990713596
0.2259069997817278
0.25619699992239475
0.2452500006183982
0.25980900041759014
0.22323799971491098
0.2563840001821518
0.22673200070858002
0.30055700056254864
0.245771000161767
0.25689699966460466
0.24709800072014332
0.2765229996293783
0.22764499951153994
0.2575059998780489
0.2464999994263053
0.2561250003054738
0.24508500006049871
0.2564530000090599
0.24112500064074993
0.25738100055605173
0.23876600060611963
0.2600239999592304
0.25404199957847595
0.2582270000129938
0.24005900043994188
0.2550529995933175
0.24168100021779537
0.260063000023365
0.2285439996048808
0.25829700008034706
0.23191899992525578
0.41130900010466576
0.27088099997490644
0.3970219995826483
0.29382400028407574
0.4048159997910261
0.27436500042676926
0.4166079992428422
0.2906209994107485
0.4163309996947646
0.2794939996674657
0.4141140002757311
0.2940929997712374
0.4023150000721216
1.4685740005224943
0.40994800068438053
0.2874800004065037
0.4123520003631711
0.2834569998085499
0.4159379992634058
0.29210800025612116
0.3937299996614456
0.29135700035840273
0.4074149997904897
0.27649400010704994
0.4037650004029274
0.28844300005584955
0.404449999332428
0.2727979999035597
0.4017070000991225
0.27435499988496304
0.4419270008802414
0.29362899996340275
0.3867539996281266
0.2950579999014735
0.40972799994051456
0.28552199993282557
0.393996000289917
0.27129899989813566
0.4053690005093813
0.29881800059229136
0.3944580005481839
0.33248400036245584
0.4133020006120205
0.275692000053823
0.40595800057053566
0.2973360000178218
0.39510300010442734
0.3284029997885227
0.4048229996114969
0.29756500013172626
0.39491100050508976
0.2980040004476905
0.3946909997612238
0.29325299989432096
0.40012799948453903
0.32571399956941605
0.3919899994507432
0.2767500001937151
0.41213100031018257
0.33220100030303
0.4113639993593097
0.29370199982076883
0.39612500090152025
0.27569300029426813
0.4063970008864999
0.2754579996690154
0.40911700017750263
0.27402999997138977
0.4167799996212125
0.2941209999844432
0.40926000010222197
0.28942500054836273
0.39534500055015087
0.29665799997746944
0.4245279999449849
0.3002199996262789
0.3923639999702573
0.27301499992609024
0.39987200032919645
0.24690699949860573
0.3972180001437664
0.2910390002653003
0.39994500018656254
0.2938780002295971
0.41066200006753206
0.2938480004668236
0.40859199967235327
0.2737710000947118
0.4189740000292659
0.2777410000562668
0.45167999994009733
0.27739900071173906
0.4076910000294447
0.29241700004786253
0.40643500071018934
0.31594999972730875
0.40010999981313944
0.32889700029045343
0.43632000032812357
0.2747120000422001
0.395219000056386
0.3215159997344017
0.39389700070023537
0.29764700029045343
0.45424299966543913
0.2731429999694228
0.44383199978619814
0.2756899995729327
0.413336000405252
0.2968979999423027
0.40317999944090843
0.2937949998304248
0.434519000351429
0.2990299994125962
0.4011559998616576
0.29883600026369095
0.4153689993545413
0.280451999977231
0.4498229995369911
0.28963799960911274
0.42685599997639656
0.296722000464797
0.4410819998010993
0.2726280000060797
0.41122599970549345
0.28529900033026934
0.4016739996150136
0.28795399982482195
0.3908749995753169
0.2910000002011657
0.3950680000707507
0.2751960000023246
0.3976660007610917
0.28684499952942133
0.39522499963641167
0.29661200009286404
0.4047739999368787
0.27720999997109175
0.41097200009971857
0.27622300013899803
0.41319099999964237
0.3154419995844364
0.4164140000939369
0.2884689997881651
0.40545300021767616
0.278779000043869
0.3964769998565316
0.3009549994021654
0.41096000000834465
0.2737299995496869
0.40879000071436167
0.29775299970060587
0.39546600077301264
0.275755999609828
0.39473999943584204
0.2933749994263053
0.4008440002799034
0.27954200003296137
0.11499000061303377
0.3018199997022748
0.2714610006660223
0.40517399925738573
0.2813089992851019
0.1137279998511076
0.2999229999259114
0.2640460003167391
0.3884840002283454
0.2646500002592802
0.3925230000168085
0.2758320001885295
0.39279199950397015
0.2828010004013777
0.4062390001490712
0.2624099999666214
0.4046869995072484
0.26293899957090616
0.39040600042790174
0.2645370000973344
0.40198499988764524
0.2802769998088479
0.4065429996699095
0.28447800036519766
0.4031959995627403
0.28265699930489063
0.38910000026226044
0.28084499947726727
0.4048979999497533
0.2883270001038909
0.40994600020349026
0.28430499974638224
0.38826199993491173
0.2609439995139837
0.41423899959772825
0.31636799965053797
0.40759800001978874
0.27666599955409765
0.40561100002378225
0.30302000045776367
0.4563259994611144
0.2745260000228882
0.4235319998115301
0.2950740000233054
0.42271600011736155
0.2982879998162389
0.46798000019043684
0.2896990003064275
0.34772800002247095
0.27514699939638376
0.33606099989265203
0.3040829999372363
0.3191160000860691
0.33433499932289124
0.34071299992501736
0.2760199997574091
0.33107500057667494
0.27776999957859516
0.3398529998958111
0.28253000043332577
0.3305829996243119
0.2995899999514222
0.3367670001462102
0.29545800015330315
0.3314339993521571
0.29817700013518333
0.32808100059628487
0.27613099943846464
0.312432000413537
0.2766100000590086
0.33815900050103664
0.29501300025731325
0.32339700032025576
0.3037590002641082
0.317183000035584
0.11393600050359964
0.3467239998281002
0.2847550008445978
0.348233999684453
0.2929779998958111
0.31851799972355366
0.2881999993696809
0.31569100078195333
0.30157100036740303
0.34505899995565414
0.30568100046366453
0.32206200063228607
0.29742399975657463
0.31461500003933907
0.27077699918299913
0.3473640000447631
0.28166900016367435
0.3222389994189143
0.31920000072568655
0.3230539998039603
0.3134070001542568
0.32187500037252903
0.2884139996021986
0.3573719998821616
0.2965829996392131
0.09613300021737814
0.28025300055742264
0.26508000027388334
0.10601300001144409
0.30200500041246414
0.29768399987369776
0.32949200086295605
0.2734920000657439
0.34664199966937304
0.28554699942469597
0.36034900043159723
0.29939200077205896
0.32959499955177307
0.29101500008255243
0.3357429997995496
0.278328999876976
0.11507599987089634
0.29568699933588505
0.32827100064605474
0.29440700076520443
0.3147520003840327
0.29815000016242266
0.3272100007161498
0.29380800016224384
0.3389219995588064
0.28716700058430433
0.31906000059098005
0.30102100037038326
0.33400300052016973
0.2939120000228286
0.3131999997422099
0.29583200067281723
0.3368020001798868
0.2724379999563098
0.3340250002220273
0.29310800042003393
0.3117239996790886
0.2805539993569255
0.30134599935263395
0.2894340008497238
0.09853400010615587
0.2828719997778535
0.2664470002055168
0.32592799980193377
0.28839199990034103
0.30403599981218576
0.28714200016111135
0.3003420000895858
0.26741600036621094
0.3054210003465414
0.3099620006978512
0.30165200028568506
0.2750289998948574
0.32485400047153234
0.28734300006181
0.3178229993209243
0.28601299971342087
0.3202949995175004
0.25184099934995174
0.29790399968624115
0.26690399926155806
0.31447700038552284
0.2657750006765127
0.30353299994021654
0.2688130000606179
0.31669399980455637
0.28668499924242496
0.30002899933606386
0.2642270000651479
0.3208560002967715
0.27520900033414364
0.3008090006187558
0.2837540004402399
0.27984599955379963
0.267773000523448
0.32238300051540136
0.284489999525249
0.31676900014281273
0.2839350001886487
0.3196280002593994
0.2701120004057884
0.30279899947345257
0.2841919995844364
0.10718900058418512
0.3014619993045926
0.2846709992736578
0.303677000105381
0.2696980005130172
0.2397130001336336
0.3006840003654361
0.28686900064349174
0.3133439999073744
0.2717360006645322
0.3499090000987053
0.2674220008775592
0.2978020003065467
0.27427699975669384
0.31282200012356043
0.290565999224782
0.29827599972486496
0.2829089993610978
0.3150220001116395
0.26432899944484234
0.2997940005734563
0.28954900056123734
0.3029009997844696
0.26861799973994493
0.3001029994338751
0.2862679995596409
0.3163880007341504
0.2875770004466176
0.3208749992772937
0.2863069996237755
0.3229139996692538
0.26768200006335974
0.32387000042945147
0.2704830002039671
0.32004200015217066
0.29080000054091215
0.31433300022035837
0.2689740005880594
0.29898899979889393
0.2833819994702935
0.3029100000858307
0.27842599991708994
0.3012760002166033
0.286616999655962
0.34392299968749285
0.23494100011885166
0.31855699978768826
0.28213899955153465
0.2639570003375411
0.30678900051862
0.2998290006071329
0.30872100032866
0.26648399978876114
0.3191440002992749
0.2651160005480051
0.29980899952352047
0.26499100029468536
0.3487859992310405
0.2706580003723502
4.617106999270618
0.2800519997254014
0.31468600034713745
0.268648000434041
0.29560699965804815
0.2650290001183748
0.31187000032514334
0.26715700048953295
0.3100349996238947
0.2666530003771186
0.30463000014424324
0.2822749996557832
0.3105309996753931
0.2829250004142523
0.29610299970954657
0.26590400002896786
0.29825999960303307
0.2849240005016327
0.29396400041878223
0.2680810000747442
0.3126240000128746
0.2711140001192689
0.2979770004749298
0.28983400017023087
0.31219399999827147
0.29109600000083447
0.2967619998380542
0.2799899997189641
0.31611800007522106
0.2676189998164773
0.30784199945628643
0.28977400064468384
0.2932839998975396
0.26715700048953295
0.3318680003285408
0.29809199925512075
0.28513399977236986
0.31473399978131056
0.2820070004090667
0.3171439999714494
0.2820689994841814
0.3112380001693964
0.2784339999780059
0.3099670000374317
0.2688360000029206
0.2929790001362562
0.28550999984145164
0.308725000359118
0.2646730002015829
0.29436099994927645
0.3109210003167391
0.29686899948865175
0.27984599955379963
0.31446800008416176
0.28732299990952015
0.29576600063592196
0.28091400023549795
0.31340999994426966
0.28282099962234497
0.30190000031143427
0.2842629998922348
0.2950809998437762
0.31781100016087294
0.31693200021982193
0.28355500008910894
0.30764499958604574
0.287066999822855
0.29516900051385164
0.27818299923092127
0.2985060000792146
0.30311299953609705
0.31418099999427795
0.2772819995880127
0.295265999622643
0.26479300018399954
0.2931180000305176
0.27319400012493134
0.29706200025975704
0.30465300008654594
0.09668199997395277
0.3158849999308586
0.28415900003165007
0.30906299967318773
0.3252309998497367
0.2998190000653267
0.3211189992725849
0.30590900033712387
0.3217799998819828
0.2876040004193783
0.3275419995188713
0.28400199953466654
0.29762700013816357
0.28423899970948696
0.31831400003284216
0.28838799986988306
0.3138520000502467
0.29359700065106153
0.29831699933856726
0.26911399979144335
0.3091410007327795
0.2883519995957613
0.3138150004670024
0.27914800029248
0.32905299961566925
0.2981049995869398
0.30801300052553415
0.28117800038307905
0.3115339996293187
0.29186900053173304
0.3286849996075034
0.30819799937307835
0.36517100036144257
0.2912410004064441
0.32050300016999245
0.2880859998986125
0.3251139996573329
0.29108599945902824
0.32436299975961447
0.27795799914747477
0.3086879998445511
0.2939660008996725
0.30899300053715706
0.27817399986088276
0.3064460000023246
0.29411800019443035
0.3185520004481077
0.3203389998525381
0.336217999458313
0.3319960003718734
0.11730899941176176
0.29712099954485893
0.2758710002526641
0.31219600047916174
0.2762039992958307
0.14097900036722422
0.28732600063085556
0.3224769998341799
0.2922400003299117
0.30773700028657913
0.2968609994277358
0.31300999969244003
0.2895799996331334
0.32704799994826317
0.2914680000394583
0.3203020002692938
0.294340000487864
0.3244240004569292
0.29423299990594387
0.3089749999344349
0.28663899935781956
0.3278769999742508
0.2935870001092553
0.3292029993608594
0.2765379995107651
0.31082300003618
0.28039500024169683
0.3632990000769496
0.2912440001964569
0.30953400023281574
0.2934970008209348
0.30569699965417385
0.27425900008529425
0.3081509992480278
0.2934830002486706
0.320443999953568
0.2902160007506609
0.31423600018024445
0.2763490006327629
0.3196780001744628
0.29187099914997816
0.30777599941939116
0.27432799991220236
0.11103899963200092
0.29355099983513355
0.162066999822855
0.2922830004245043
0.29608900006860495
0.275950999930501
0.37117599975317717
0.28839700017124414
0.3259349996224046
0.2822889992967248
0.32102399971336126
0.3105419995263219
0.30785199999809265
0.3263739999383688
0.313361999578774
0.29447999969124794
0.3380750007927418
0.29473100043833256
0.3224219996482134
0.29765400011092424
0.30584000051021576
0.2896630000323057
0.3200679998844862
0.2850219998508692
0.3227070001885295
0.31380899995565414
0.32139100041240454
0.29210999980568886
0.31750799994915724
0.3013450000435114
0.3388090003281832
0.2731769997626543
0.3171809995546937
0.32897999975830317
0.32334000058472157
0.27874100022017956
0.31641799956560135
0.30102500040084124
0.32792400009930134
0.28249100036919117
0.317650000564754
0.282150000333786
0.3212999999523163
0.2888089995831251
0.34972899965941906
0.3041509995236993
0.31330899987369776
0.32948699966073036
0.33376200031489134
0.28397700004279613
0.35747599974274635
0.25912499986588955
0.30515999998897314
0.2976299999281764
0.31853200029581785
0.283118000254035
0.3182720001786947
0.3013009997084737
0.3232490001246333
0.3004900002852082
0.3382419999688864
0.3035800000652671
0.3683339999988675
0.3005719995126128
0.3183110002428293
0.30388000048696995
0.33815700002014637
0.3006319999694824
0.33572599943727255
0.33814100082963705
0.37269700039178133
0.28230699989944696
0.3340360000729561
0.294060000218451
0.3137710001319647
0.28240100014954805
0.3199950000271201
0.27173699997365475
0.3272529998794198
0.3054280001670122
0.31171599961817265
0.28530799970030785
0.32353700045496225
0.25130199920386076
0.32715300004929304
0.2733049998059869
0.30781499948352575
0.29357799980789423
0.3223680006340146
0.27472899947315454
0.31797000020742416
0.28708900045603514
0.3204420004040003
0.2825229996815324
0.2956250002607703
0.2849629996344447
0.29208700079470873
0.28261199966073036
0.3115290002897382
0.2754310006275773
0.3213150007650256
0.29079899936914444
0.30761799961328506
0.27571599930524826
0.31465400010347366
0.2902480000630021
0.3086129995062947
0.2925589997321367
0.3035779995843768
0.2791619999334216
0.30464500002563
0.29648400004953146
0.32554200012236834
0.2885059993714094
0.3071380006149411
0.3357090000063181
0.30748500023037195
0.2817160002887249
0.3160709999501705
0.27201700024306774
0.31359599996358156
0.28266699984669685
0.2931249998509884
0.28830100037157536
0.30917400028556585
0.28388800006359816
0.28662099968641996
0.28669000044465065
0.2850479995831847
0.33212799951434135
0.2809880003333092
0.2949040001258254
0.2640709998086095
0.29834700003266335
0.2653879998251796
0.2868299996480346
0.2845000000670552
0.3446700004860759
0.28385200072079897
0.3057399997487664
0.26345300022512674
0.312241000123322
0.25965499971061945
0.35097500029951334
0.26375299971550703
0.2930219992995262
0.2849260000512004
0.31156199984252453
0.2683799993246794
0.32860099989920855
0.28217099979519844
0.2920840000733733
0.28318400029093027
0.30903799924999475
0.2820830000564456
0.3114400003105402
0.2869339995086193
0.2907659998163581
0.26249999925494194
0.30485299974679947
0.32957000005990267
0.2902889996767044
0.26267699990421534
0.3031259998679161
0.25995999947190285
0.3092089993879199
0.2621989995241165
0.29638100042939186
0.26329699996858835
0.29227299988269806
0.26143100019544363
0.30540800001472235
0.26420999970287085
0.3177000004798174
0.279258000664413
0.30848299991339445
0.28879899997264147
0.312758999876678
0.2627539997920394
0.29286800045520067
0.29125399980694056
0.29326600022614
0.282132999971509
0.31071999948471785
0.2616739999502897
0.3117680000141263
0.26482999976724386
0.29179499950259924
0.2793690003454685
0.3059979993849993
0.25932199973613024
0.3060240000486374
0.264355999417603
0.3038879996165633
0.30438300035893917
0.29137600027024746
0.28120500035583973
0.2915559997782111
0.2642890000715852
0.2996999993920326
0.2819110006093979
0.3390020001679659
0.2836619997397065
0.307820999994874
0.2806280003860593
0.3052489999681711
0.3212179997935891
0.29279599990695715
0.2613039994612336
0.3081149999052286
0.262903000228107
0.30605500005185604
0.2808739999309182
0.2958969995379448
0.2612650003284216
0.324579999782145
0.26298500038683414
0.28919799998402596
0.27233999967575073
0.29435400012880564
0.26409600023180246
0.2888539992272854
0.2616429999470711
0.3251390000805259
0.2810499994084239
0.30924100056290627
0.2637940002605319
0.2887450000271201
0.28413099981844425
0.3103320002555847
0.28147799987345934
0.2908540004864335
0.26226500049233437
0.3073180001229048
0.2627690006047487
0.3140610000118613
0.2827030001208186
0.30571100022643805
0.26004600059241056
0.2918410003185272
0.26471899915486574
0.30647800024598837
0.2788419993594289
0.28972600027918816
0.282986999489367
0.3138720002025366
0.26259199995547533
0.31160200014710426
0.27769599948078394
0.29327300004661083
0.2787170000374317
0.2843679999932647
0.26227100007236004
0.29341400042176247
0.280371000058949
0.29107499960809946
0.28434900008141994
0.2940589999780059
0.3152629993855953
0.28727199975401163
0.27707300055772066
0.30705800000578165
0.27922500018030405
0.31026000063866377
0.2629660004749894
0.2999920006841421
0.2824550000950694
0.29539600014686584
0.28600400034338236
0.28911499958485365
0.2738419994711876
0.3138150004670024
0.3071940001100302
0.30767500028014183
0.2790860002860427
0.2991270003840327
0.2627099994570017
0.29089399985969067
0.261913999915123
0.3084730003029108
0.27945000026375055
0.34148599952459335
0.27903699968010187
0.3303260002285242
0.2658979995176196
0.2922089993953705
0.26279500033706427
0.30574799980968237
0.2914570001885295
0.3145700003951788
0.26251699961721897
0.30948999989777803
0.2837779996916652
0.31142000015825033
0.28273299988359213
0.31280700024217367
0.3024930004030466
0.2892100000753999
0.2774609997868538
0.3008679999038577
0.27542699966579676
0.3719870001077652
0.2638649996370077
0.2919010007753968
0.25893300026655197
0.28985199984163046
0.2591520007699728
0.3088149996474385
0.27984500024467707
0.30715200025588274
0.25864400062710047
0.29150599986314774
0.25751399993896484
0.2933869995176792
0.2795099997892976
0.3080690000206232
0.2578710000962019
0.2958909999579191
0.2624380001798272
0.29189199954271317
0.3295830003917217
0.313293999992311
0.30155300069600344
0.31446299981325865
0.2597670005634427
0.3125620000064373
0.2828469993546605
0.29494199994951487
0.27924499940127134
0.296875
0.260793000459671
0.29472099989652634
0.28234099969267845
0.29145599994808435
0.28991200029850006
0.29662099946290255
0.28494299948215485
0.2951899999752641
0.282863000407815
0.28632899932563305
0.2765130000188947
0.2921659993007779
0.28411800041794777
0.28967299964278936
0.278524000197649
0.29678000044077635
0.2620980003848672
0.2915209997445345
0.2833429994061589
0.29290900006890297
0.2932930001989007
0.34312000032514334
0.26316299941390753
0.3357920004054904
0.2790609998628497
0.32004399970173836
0.2711140001192689
0.3042890001088381
0.29410600010305643
0.3038450004532933
0.28794000018388033
0.3015820002183318
0.27392799966037273
0.32027200050652027
0.28975400049239397
0.2947909999638796
0.2823779992759228
0.286294000223279
0.2629470005631447
0.2939590001478791
0.26522700022906065
0.307328000664711
0.27888800017535686
0.3088830001652241
0.3117169998586178
0.29266999941319227
0.28605900052934885
0.33964100014418364
0.28495300002396107
0.295482000336051
0.27545899990946054
0.2905810000374913
0.3101639999076724
0.2946150004863739
0.2855390002951026
0.2892399998381734
0.281317999586463
0.29236899968236685
0.3108449997380376
0.2950389999896288
0.26365499943494797
0.29165100026875734
0.28918799944221973
0.31625800020992756
0.2827080003917217
0.29244699981063604
0.264635999687016
0.29002199973911047
0.28192800004035234
0.2917780000716448
0.2780650006607175
0.29681199975311756
0.26286600064486265
0.2939630001783371
0.2614869996905327
0.292646000161767
0.2835820000618696
0.29376599937677383
0.28022800013422966
0.2927029998973012
0.27972299978137016
0.2931800000369549
0.28261200059205294
0.30879499949514866
0.2821949999779463
0.2932289997115731
0.2662859996780753
0.327356000430882
0.30854800064116716
0.29145900066941977
0.2827509995549917
0.29459999967366457
0.27772899996489286
0.2915599998086691
0.2820809995755553
0.33016400039196014
0.26145399920642376
0.2903899997472763
0.28365399967879057
0.2899080002680421
0.2835130002349615
0.2965599996969104
0.26531700044870377
0.291550999507308
0.2778820004314184
0.3307749992236495
0.28327199909836054
0.2918579997494817
0.26602600049227476
0.2912000007927418
0.27765300031751394
0.29227299988269806
0.26197100058197975
0.294641999527812
0.2867919998243451
0.32364199962466955
0.26411399990320206
0.2984560001641512
0.2596349995583296
0.2934810006991029
0.28531800024211407
0.2931989999487996
0.2797839995473623
0.32536299992352724
0.28338300064206123
0.2886529993265867
0.26035800017416477
0.29302999936044216
0.27734300028532743
0.29036800004541874
0.26391700003296137
0.2920629996806383
0.29971500020474195
0.2931350003927946
0.27498799934983253
0.290608000010252
0.2607579994946718
0.2915070001035929
0.27766899950802326
0.307413000613451
0.2660910002887249
0.2944480003789067
0.2618680000305176
0.2927759997546673
0.30942799989134073
0.32333899941295385
0.3090880000963807
0.401142000220716
0.2846919996663928
0.38356300070881844
0.2641929993405938
0.39534599985927343
0.28156299982219934
0.3992249993607402
0.28100400045514107
0.39983100071549416
0.28184999991208315
0.38629200030118227
0.272427000105381
0.38013500068336725
0.26237899996340275
0.3935280004516244
0.26556700002402067
2.8094700006768107
0.2776809995993972
0.4007059996947646
0.2757220007479191
0.43271899968385696
0.2573530003428459
0.3969949996098876
0.2792560001835227
0.3991859992966056
0.2746069999411702
0.3909759996458888
0.29845899995416403
0.40638000052422285
0.2594929998740554
0.40582699980586767
0.2753360001370311
0.4110570000484586
4.218035000376403
0.36052799969911575
0.23821800015866756
0.3570640003308654
0.24536400008946657
0.37554499972611666
0.24181600008159876
0.3558229999616742
0.25673399958759546
0.3605859996750951
0.3037270000204444
0.35949799977242947
0.2795570008456707
0.37237999960780144
0.23913499992340803
0.36410799995064735
0.2603380000218749
0.37942299991846085
0.23915599938482046
0.36687999963760376
0.2471909997984767
0.35996800009161234
0.2604849999770522
0.38794999942183495
0.26021299976855516
0.36244899965822697
0.25694500003010035
0.36059399973601103
0.23708899971097708
0.36242999974638224
0.2645370000973344
0.3789240000769496
0.25863099936395884
0.3658710001036525
0.24272400047630072
0.368520999327302
0.25729599967598915
0.39383700024336576
0.24016000051051378
0.3615210000425577
0.26079099997878075
0.36863499972969294
0.25398899987339973
0.3787700003013015
0.25292500015348196
0.3673380007967353
0.23438100051134825
0.3796129999682307
0.26325299963355064
0.396781999617815
0.2440570006147027
0.3609969997778535
0.2580029992386699
0.3763979999348521
0.2544059995561838
0.37381500005722046
0.24267099983990192
0.3572120005264878
0.2629340002313256
0.3724299995228648
0.2395750004798174
0.35945999994874
0.24965899996459484
0.368478000164032
0.2791939992457628
0.38128899969160557
0.2572719994932413
0.3663100004196167
0.23881599958986044
0.35957799945026636
0.2579680001363158
0.3596959998831153
0.24126599915325642
0.36631800048053265
0.2356209997087717
0.36046599969267845
0.261222000233829
0.3600099999457598
0.2390219997614622
0.3584199994802475
0.26198399998247623
0.3812650004401803
0.23618000000715256
0.37985399924218655
0.23655200004577637
0.35768899973481894
0.2548579992726445
0.35650999937206507
0.23859899956732988
0.3698319997638464
0.25567400082945824
0.4089069999754429
0.23850300069898367
0.38127199932932854
0.26011000014841557
0.37310099974274635
0.24467100016772747
0.3745399992913008
0.2379620000720024
0.37688100058585405
0.25884100049734116
0.37360099982470274
0.2401120001450181
0.37872300017625093
0.23654200043529272
0.3679799996316433
0.2622609995305538
0.36388299986720085
0.2748309997841716
0.3739369995892048
0.25362499989569187
0.3689829995855689
0.25134800001978874
0.36167299933731556
0.2598360003903508
0.3804979994893074
0.23636400047689676
0.3623279994353652
0.25631199963390827
0.3588840002194047
0.257086000405252
0.35741900000721216
0.24091800022870302
0.4122799998149276
0.2620130004361272
0.3619789993390441
0.23903000075370073
0.3636229997500777
0.24011799972504377
0.358606000430882
0.24248000048100948
0.37939300015568733
0.23842400033026934
0.3713229997083545
0.23495400045067072
0.3597759995609522
0.23980299942195415
0.37627500016242266
0.2251359997317195
0.36501900013536215
0.27316700015217066
0.40723299980163574
0.2594269998371601
0.36333399917930365
0.24269500002264977
0.35975500009953976
0.1111439997330308
0.3601110000163317
0.23903500009328127
0.3666470004245639
0.2640349995344877
0.3796169999986887
0.24254100024700165
0.359914000146091
0.25742499995976686
0.3641830002889037
0.25893499981611967
0.36780000012367964
0.25922900065779686
0.37494400050491095
0.25656700041145086
0.3563280003145337
0.25982800032943487
0.3780609993264079
0.2335630003362894
0.36887199990451336
0.2581700002774596
0.3602470001205802
0.23698300030082464
0.36168900039047003
0.23870400059968233
0.36661599949002266
0.2433149991557002
0.3783800005912781
0.24403900001198053
0.2870990000665188
0.24213499948382378
0.28870899975299835
0.2409929996356368
0.2711280006915331
0.2585709998384118
0.2725940002128482
0.2444810001179576
0.26769900042563677
0.23738200031220913
0.28525499999523163
0.25861100014299154
0.28817700035870075
0.2347759995609522
0.2896310007199645
0.25763799995183945
0.26990299951285124
0.24170599970966578
0.2665269998833537
0.24303600005805492
0.2884900001809001
0.2539579998701811
0.27900699991732836
0.26303999964147806
0.30527899973094463
0.23745300062000751
0.2866569999605417
0.2601629998534918
0.2690650001168251
0.25617900025099516
0.2721210001036525
0.25760800018906593
0.28578499983996153
0.254916999489069
0.2874090000987053
0.24122299998998642
0.26971499994397163
0.2578370003029704
0.2715929998084903
0.251269000582397
0.2726750001311302
0.2567290002480149
0.26458199974149466
0.23784300033003092
0.2721210001036525
0.2414340004324913
0.28116399981081486
0.25439999997615814
0.26814400032162666
0.25854899920523167
0.2814170001074672
0.24075299967080355
0.26738599967211485
0.23945499956607819
0.270622999407351
0.23468299955129623
0.29093699995428324
0.2428859993815422
0.2893939996138215
0.2555419998243451
0.2706530001014471
0.26145500037819147
0.28432799968868494
0.26039199996739626
0.28781899996101856
0.25711499992758036
0.2669350001960993
0.2390489997342229
0.27211599983274937
0.24155599996447563
0.12958399951457977
0.25871200021356344
0.2810599999502301
0.26072499994188547
0.303485999815166
0.24191899970173836
0.29592599999159575
0.2895869994536042
0.2677839994430542
0.24179700016975403
0.26574799977242947
0.25286500062793493
0.28276799991726875
0.2412959998473525
0.2649550000205636
0.2596009997650981
0.28548199962824583
0.25807399954646826
0.28383899945765734
0.23913099989295006
0.29069000016897917
0.2554570008069277
0.2688860008493066
0.2591279996559024
0.2656410001218319
0.2606340004131198
0.27988800033926964
0.26152299996465445
0.26642199978232384
0.2540569994598627
0.2862299997359514
0.26278300024569035
0.2690719999372959
0.23727700021117926
0.28064300026744604
0.24108299985527992
0.26342800073325634
0.2605469999834895
0.2863210001960397
0.2581170005723834
0.3079239996150136
0.2624949999153614
0.28247199952602386
0.3037050003185868
0.29045600071549416
0.25819799955934286
0.26700699981302023
0.24244100041687489
0.27085100021213293
0.26493499986827374
0.26558300014585257
0.25847299955785275
0.2724890001118183
0.24327499978244305
0.26769200060516596
0.25573099963366985
0.28127399925142527
0.24019999988377094
0.28474400006234646
0.25665599945932627
0.28777100052684546
0.23584199976176023
0.27148699946701527
0.23998000007122755
0.26528500020504
0.2424159999936819
0.31993799936026335
0.23768300004303455
0.2828090004622936
0.2807839997112751
0.28428100049495697
0.24121499992907047
0.26304700039327145
0.11110799945890903
0.27101899962872267
0.24388699978590012
0.2693910002708435
0.2596770003437996
0.28231400065124035
0.2619540002197027
0.2815159996971488
0.254424000158906
0.28531100042164326
0.2617009999230504
0.28320599999278784
0.2572630001232028
0.2835360001772642
0.25999900046736
0.2887719999998808
0.262445000000298
0.28809900023043156
0.2539719995111227
0.2704210001975298
0.2569209998473525
0.26963100023567677
0.24103100039064884
0.2661880003288388
0.23739999998360872
0.270304000005126
0.28276499919593334
0.2815440008416772
0.23870600014925003
0.2707030000165105
0.239032999612391
0.27444699965417385
0.2522559994831681
0.2714490005746484
0.25518700014799833
0.2634359998628497
0.2529220003634691
0.2861929992213845
0.2522280002012849
0.28995899949222803
0.2441459996625781
0.2700519999489188
0.2571120001375675
0.28505599964410067
0.2826500004157424
0.27098199911415577
0.23689799942076206
0.2786229997873306
0.23867399990558624
0.28894800040870905
0.26480000000447035
0.267663000151515
0.23974800016731024
0.28097400069236755
0.24297500029206276
0.2997989999130368
0.26367999985814095
0.26931099966168404
0.25667400006204844
0.2846830002963543
0.25671599991619587
0.286612999625504
0.23922700062394142
0.3382719997316599
0.2413900000974536
0.2547390004619956
0.26142899971455336
0.27270699944347143
0.257065000012517
0.2829139996320009
0.27137500047683716
0.2861619992181659
0.2257329998537898
0.3077059993520379
0.29712799936532974
0.290455000475049
0.27503500040620565
0.3060250002890825
0.25685600005090237
0.29287099931389093
0.2878550002351403
0.30262000020593405
0.25821600016206503
0.2829479994252324
0.23162199929356575
0.284086000174284
0.24541200045496225
0.282753000035882
0.2563020000234246
0.27084900066256523
0.24319900013506413
0.26596499979496
0.2401050003245473
0.27113599982112646
0.24131099972873926
0.288913999684155
0.25876499991863966
0.25475999992340803
0.23973600007593632
0.26640900038182735
0.2617739997804165
0.27170700021088123
0.2619279995560646
0.26918100006878376
0.25505399983376265
0.26953199971467257
0.23712499998509884
0.2704459996894002
0.26008900068700314
0.27006700076162815
0.26004299987107515
0.2662629997357726
0.24398799985647202
0.26062100008130074
0.24092299956828356
0.2713069999590516
0.27652600035071373
0.26871699932962656
0.24034000001847744
0.267212999984622
0.2407499998807907
0.26951299980282784
0.2671689996495843
0.28561800066381693
0.24682899937033653
0.2797919996082783
0.23546100035309792
0.281161000020802
0.30638800002634525
0.28364699985831976
0.3004510002210736
0.29498500004410744
0.25565699953585863
0.28246300015598536
0.27238900028169155
0.30285400059074163
0.250450000166893
0.2808479992672801
0.2488819994032383
0.2806099997833371
0.2706669997423887
0.299537000246346
0.27179599925875664
0.3032660000026226
0.265238999389112
0.28021400049328804
0.2715549999848008
0.2804500004276633
0.2794930003583431
0.28823199961334467
0.2542769992724061
0.2837260002270341
0.2522319993004203
0.33279599994421005
0.25856299977749586
0.26856999937444925
0.2574580004438758
0.3150789998471737
0.26131200045347214
0.33096900023519993
0.2619529999792576
0.2708459999412298
0.24052500072866678
0.3148910002782941
0.2635070001706481
0.304556000046432
0.2564439997076988
0.2840499999001622
0.2680939994752407
