0.765862999483943
0.113710000179708
0.11189900059252977
0.14575500041246414
0.3030519997701049
0.1092529995366931
0.12947499938309193
0.28380499966442585
0.26109400019049644
0.2725280001759529
0.27655099984258413
0.2818809999153018
0.24327499978244305
0.1494760001078248
0.09029900003224611
0.08791199978441
0.10397600010037422
0.11171500012278557
0.24713800009340048
0.2473130002617836
0.256351999938488
0.25580899976193905
0.24391699954867363
0.24966599978506565
0.24147399980574846
0.23500699922442436
0.28368800040334463
0.23730900045484304
0.24007599987089634
0.2748910002410412
0.2337899999693036
0.10843299981206656
0.14334999956190586
0.2392349997535348
0.25645799934864044
0.24152499996125698
0.23370099999010563
0.24433400016278028
0.24524000007659197
0.09983500000089407
0.22807399928569794
0.2456189999356866
0.24676999915391207
0.2664670003578067
0.27626499999314547
0.0730010000988841
0.09251500014215708
0.07994200009852648
0.10314400028437376
0.10116400010883808
0.11998999956995249
0.17236000020056963
0.27360499929636717
0.2512710001319647
0.28300599940121174
0.2630120003595948
0.2736940002068877
0.29671299923211336
0.09176000021398067
0.10836599953472614
0.14647499937564135
0.24179699923843145
0.23229399975389242
0.239932999946177
0.23950199969112873
0.25628799945116043
0.24338799994438887
0.24314399994909763
0.25364800076931715
0.24447899963706732
0.23719900008291006
0.23447300028055906
0.24026799947023392
0.23481599986553192
0.25998799968510866
0.11581700015813112
0.16433500032871962
0.2378329997882247
0.24128099996596575
0.2447239998728037
0.23784800060093403
0.2381149996072054
0.23936699982732534
0.24036800023168325
0.24156299978494644
0.23630700074136257
0.23735199961811304
0.23586400039494038
0.236328000202775
0.23675600066781044
0.24132499936968088
0.2400960000231862
0.23915400076657534
0.24022599961608648
0.21137200016528368
0.09430599957704544
0.10624000057578087
0.1708029992878437
0.23984399996697903
0.2646180000156164
0.2348360000178218
0.24896600004285574
0.2414410002529621
0.21874599996954203
0.23813699930906296
0.2380189998075366
0.24815000034868717
0.2575310003012419
0.25452399998903275
0.23612399958074093
0.2408069996163249
0.2697369996458292
0.2399899996817112
0.24440000019967556
0.2375739999115467
0.23813500069081783
0.2385559994727373
0.2614139998331666
0.09428900014609098
0.12069599982351065
0.18524099979549646
0.240858000703156
0.26145000010728836
0.2410230003297329
0.2343270005658269
0.09803400002419949
0.12098000012338161
0.23987200018018484
0.2538779992610216
0.23251300025731325
0.22686500009149313
0.24215099960565567
0.23784399963915348
0.24145100079476833
0.2470630006864667
0.2425150005146861
0.2362270001322031
0.23689599987119436
0.26314400043338537
0.23780499957501888
0.24215700011700392
0.23741799965500832
0.27177400048822165
0.19842700008302927
0.10877899918705225
0.12095400039106607
0.152623999863863
0.23940000031143427
0.23651800025254488
0.24010100029408932
0.24257299955934286
0.23844100069254637
0.24196899961680174
0.09570700023323298
0.12555800005793571
0.17732999939471483
0.24393000081181526
0.24880900047719479
0.24729499965906143
0.24638499971479177
0.24305499996989965
0.24349599983543158
0.2473520003259182
0.24534299969673157
0.24322300031781197
0.2530239997431636
0.2514890003949404
0.24363300018012524
0.24859400000423193
0.24812200013548136
0.2839019997045398
0.22662199940532446
0.24522999953478575
0.24465200025588274
0.09745900053530931
0.11934599932283163
0.14741700049489737
0.24717199988663197
0.26538100000470877
0.25386800058186054
0.24339899979531765
0.2504219999536872
0.09484199993312359
0.14086099993437529
0.22980900015681982
0.22630500048398972
0.24039499927312136
0.2311279997229576
0.22549200057983398
0.2322800001129508
0.2285190001130104
0.091087999753654
0.10315900016576052
0.19543900061398745
0.22586099989712238
0.22589899972081184
0.23000000044703484
0.2340049995109439
0.2394669996574521
0.22813599929213524
0.2281360002234578
0.22321300022304058
0.2242709994316101
0.2311260001733899
0.2248520003631711
0.22692800033837557
0.22988600004464388
1.5444409996271133
0.24522599950432777
0.22176399920135736
0.2172879995778203
0.22164199966937304
0.215145000256598
0.22178499959409237
0.21988199930638075
0.22217800002545118
0.2597779994830489
0.22975000087171793
0.22826500050723553
0.09310199972242117
0.1197680002078414
0.18728500045835972
0.22362800035625696
0.2444310002028942
0.2188809998333454
0.2563160005956888
0.22119400091469288
0.23137699998915195
0.22544000018388033
0.22057100012898445
0.2234239997342229
0.22768499981611967
0.21887699980288744
0.22340099979192019
0.2246500002220273
0.220660999417305
0.2271419996395707
0.225615999661386
0.21655500028282404
0.22153700049966574
0.22029100079089403
0.08902900014072657
0.12032399978488684
0.22492800001055002
0.20854900032281876
0.21867500059306622
0.24033200088888407
0.22048800066113472
0.2208909997716546
0.218533999286592
0.22229699976742268
0.22066699992865324
0.22449799999594688
0.27007099986076355
0.22393399942666292
0.22653200011700392
0.22298299986869097
0.22369399946182966
0.2229489991441369
0.24033800046890974
0.2165719997137785
0.2201270004734397
0.21848499961197376
0.22146499995142221
0.22607299964874983
0.23100499995052814
0.23242099955677986
0.2224739994853735
0.2280280003324151
0.22000200022011995
0.22197799943387508
0.22467000037431717
0.22178700007498264
0.22717699967324734
0.22128699999302626
0.22458400018513203
0.2264580000191927
0.2265219995751977
0.2179330000653863
0.2212049998342991
0.21982199978083372
0.21876000054180622
0.2443690001964569
0.21852099988609552
0.21638000011444092
0.09055399987846613
0.11810799967497587
0.14925199933350086
0.2110970001667738
0.21683699917048216
0.2157030003145337
0.21763200033456087
0.2168999994173646
0.26391599979251623
0.18015499971807003
0.22126799914985895
0.22362700011581182
0.2322999993339181
0.2126709995791316
0.2138760006055236
0.21493100002408028
0.23519099969416857
0.21309900004416704
0.21483599953353405
0.250683999620378
0.21551799960434437
0.22006400022655725
0.21544599998742342
0.2201570002362132
0.21659099962562323
0.21178200002759695
0.22163499984890223
0.2129509998485446
0.2502329992130399
0.2140059992671013
0.2161870002746582
0.21375999972224236
0.26409099996089935
0.2236259998753667
0.2154799997806549
0.22231699991971254
0.22898599971085787
0.23681499995291233
0.22704199980944395
0.2239589998498559
0.2244339995086193
0.23162200022488832
0.2222450003027916
0.22575999982655048
0.22093099914491177
0.2312040003016591
0.22505499981343746
0.2218710007146001
0.22403199970722198
0.2602460002526641
0.24868800025433302
0.09453999996185303
0.10213099978864193
0.14296200033277273
0.22952899988740683
0.2489579999819398
0.22701399959623814
0.24555900041013956
0.2287940001115203
0.22974800039082766
0.22609500028192997
0.23066799994558096
0.2299319999292493
0.22649199981242418
0.22802899964153767
0.24939999915659428
0.2295629996806383
0.22631300054490566
0.24102799966931343
0.2320550000295043
0.23684799950569868
0.23254500050097704
0.2386549999937415
0.23072800040245056
0.23107599932700396
0.2303269999101758
0.23545200005173683
0.2509009996429086
0.26192000042647123
0.24768900033086538
0.2359239999204874
0.2510389992967248
0.23177899979054928
0.23253099992871284
0.23338800016790628
0.23198300041258335
3.3290590001270175
0.094972999766469
0.12331900000572205
0.19290100038051605
0.22808200027793646
0.22388300020247698
0.2225589994341135
0.22540399990975857
0.22647000011056662
0.2303339997306466
0.2287409994751215
0.2232429999858141
0.22473700065165758
0.22073200065642595
0.22390800062566996
0.22624400071799755
0.2245950000360608
0.2406080001965165
0.2259330004453659
0.2276770006865263
0.2282499996945262
0.2235319996252656
0.2296799998730421
0.12199799995869398
0.21155199967324734
0.22405199985951185
0.2333540003746748
0.2439299998804927
0.2325160000473261
0.22859499976038933
0.2255450002849102
0.23175300005823374
0.22257700003683567
0.22349699959158897
0.23330700024962425
0.2267129998654127
0.22693799994885921
0.22682400047779083
0.22183099947869778
0.2277750000357628
0.22359099984169006
0.2266669999808073
0.2244269996881485
0.22795099951326847
0.22538800071924925
0.22626500017940998
0.233602000400424
0.22554999962449074
0.23363200016319752
0.2273530000820756
0.22431699931621552
0.224821999669075
0.23114899918437004
0.22580800019204617
0.22778799943625927
0.22386500053107738
0.22537499945610762
0.26382500026375055
0.22015599999576807
0.2191840000450611
0.21970300003886223
0.25600599963217974
0.21891400031745434
0.22255499940365553
0.22768499981611967
0.22978900000452995
0.21879199985414743
0.21778200007975101
0.21807199995964766
0.23240499943494797
0.2376859998330474
0.22308799996972084
0.2384600006043911
0.21906500030308962
0.23855900019407272
0.22801400069147348
0.22506599966436625
0.22561200056225061
0.23731400072574615
0.22305400017648935
0.23689999990165234
0.22359799966216087
0.24091600067913532
0.21974699944257736
0.2288680002093315
0.22143799997866154
0.2271349998190999
0.22020200081169605
0.22042799927294254
0.1902099996805191
0.20662999991327524
0.22583299968391657
0.22754600085318089
0.22676199954003096
0.230961000546813
0.09756200015544891
0.10912399925291538
0.15739700011909008
0.21864800062030554
0.2219119993969798
0.21755400020629168
0.23914299998432398
0.24415200017392635
0.2458720002323389
0.22470299992710352
0.22336100041866302
0.2220289995893836
0.17919700033962727
0.10684700030833483
0.12684599962085485
0.19475200027227402
0.2588619999587536
0.22758799977600574
0.24225200060755014
0.22453399933874607
0.21556599996984005
0.21797699946910143
0.22322299983352423
0.2401759997010231
0.22137599997222424
0.19459500070661306
0.21605500020086765
0.22227799985557795
0.0819319998845458
0.08862800057977438
0.11754800006747246
0.1824860004708171
0.2156980000436306
0.21942400000989437
0.21935599949210882
0.2172840004786849
0.2167189996689558
0.2193879997357726
0.21824599988758564
0.22461799997836351
0.21664800029248
0.21686699986457825
0.24241899978369474
0.2192359995096922
0.250602999702096
0.21923100017011166
0.21980400010943413
0.21832599956542253
0.21694299951195717
0.21636200044304132
0.24679499957710505
0.21887699980288744
0.21602699998766184
0.22114199958741665
0.2538709994405508
0.22351100016385317
0.21635599993169308
0.22161300014704466
0.22051800042390823
0.2345930002629757
0.07871499937027693
0.09078400023281574
0.1087670000270009
0.17165900021791458
0.20267799962311983
0.2094360003247857
0.20339499972760677
0.20249500032514334
0.22183299995958805
0.2048599999397993
0.10861600004136562
0.0970820002257824
0.11276199948042631
0.10492500010877848
0.16201999969780445
0.20453699957579374
0.20454199984669685
0.2052230006083846
0.20245000068098307
0.20630200020968914
0.20547299925237894
0.2002769997343421
0.21981799975037575
0.1793700000271201
0.11061799991875887
0.11307299975305796
0.1745069995522499
0.19706799928098917
0.18039099965244532
0.08745200000703335
0.07306799944490194
0.06234799977391958
0.08283700048923492
0.10967699997127056
0.18118599988520145
0.1796040004119277
0.17959799990057945
0.17669699992984533
0.18018600065261126
0.19296700041741133
0.18027399946004152
0.180137999355793
0.17903900053352118
0.1860060002654791
0.18023400008678436
0.18305099941790104
0.18272799998521805
0.19798399973660707
0.1855450002476573
0.2112459996715188
0.18163799960166216
0.18111499957740307
0.08800200000405312
0.07502300012856722
0.09193900041282177
0.1282789995893836
0.1788969999179244
0.17977000027894974
0.1834289999678731
0.1884960001334548
0.18490200024098158
0.18306099995970726
0.17622399982064962
0.07965599931776524
0.07711399998515844
0.1102930000051856
0.08996399957686663
0.15450999978929758
0.17770900018513203
0.17948499973863363
0.1833100002259016
0.20986900012940168
0.1802369998767972
0.19494699966162443
0.17158800084143877
0.1785549996420741
0.17634199932217598
0.17314600013196468
0.17300300020724535
0.17048699967563152
0.17724100034683943
0.17489000037312508
0.1813019998371601
0.20467500016093254
0.17975699994713068
0.18143299967050552
0.17335100006312132
0.18037299998104572
0.17678899969905615
0.1749219996854663
0.1711110007017851
0.18334500025957823
0.1753219999372959
0.17341199982911348
0.19370999932289124
0.17770900018513203
0.17649799957871437
0.17600599955767393
0.17287500016391277
0.1782820001244545
0.07783299963921309
0.08769099973142147
0.17403099965304136
0.1715010004118085
0.17763399984687567
0.21630399953573942
0.19258600007742643
0.17268399987369776
0.1772220004349947
0.1755349999293685
0.19727499969303608
0.1745779998600483
0.19337300024926662
0.21194399986416101
0.17431699950248003
0.20189800020307302
0.1800790000706911
0.18158699944615364
0.18598200008273125
0.18439199961721897
0.18195100035518408
0.2120879990980029
0.18164299987256527
0.1795899998396635
0.1817770004272461
0.18074199929833412
0.1776720006018877
0.2052769996225834
0.18191399984061718
0.21463200077414513
0.1802920000627637
0.1843520002439618
0.18721900042146444
0.18279499933123589
0.18923600018024445
0.1860680002719164
0.18843999970704317
0.17921199928969145
0.18427400011569262
0.23149699997156858
0.2077029999345541
0.17993299942463636
0.2166339997202158
0.17926799971610308
0.17908400017768145
0.18186100013554096
0.18955100048333406
0.18867900036275387
0.18441700004041195
0.18185999989509583
0.2033909996971488
0.18471400067210197
0.17830799985677004
0.18072499986737967
0.1809000000357628
0.1802280005067587
0.18498599994927645
0.18578399997204542
0.2116109998896718
0.18056599982082844
0.17724999971687794
0.2067459998652339
0.18438800051808357
0.1804619999602437
0.18345300015062094
0.179925000295043
0.18345599994063377
0.17823000065982342
0.2298410004004836
0.18134700041264296
0.178035999648273
0.18645900022238493
0.2184790000319481
0.20524599961936474
0.19476599991321564
0.17671400029212236
0.21456499956548214
0.19741499982774258
0.17854399979114532
0.18077799957245588
0.21443700045347214
0.1817590007558465
0.18429899960756302
0.2110510002821684
0.18376599997282028
0.0771129997447133
0.10341900028288364
0.20618699956685305
0.18096499983221292
0.22347800061106682
0.2025629999116063
0.18687800038605928
0.1992980008944869
0.1811140002682805
0.18389100022614002
0.1826809998601675
0.17962300032377243
0.18258800078183413
0.1805560002103448
0.18136299960315228
0.07278400007635355
0.09183100052177906
0.1297039994969964
0.1922160005196929
0.18175300024449825
0.2058989992365241
0.20404199976474047
0.1799870003014803
0.18175000045448542
0.18694099970161915
0.1949880002066493
0.18411200027912855
0.18115600012242794
0.18161700014024973
0.20039999950677156
0.18594700004905462
0.18158100079745054
0.178851000033319
0.1808839999139309
0.18274000007659197
0.08703599963337183
0.156483999453485
0.20833799988031387
0.1802209997549653
0.18488099984824657
0.1797670004889369
0.1973520005121827
0.1790549997240305
0.17964799981564283
0.1754729999229312
0.18249200005084276
0.1771459998562932
0.18814099952578545
0.1775940004736185
0.20321800000965595
0.17842299956828356
0.1764829996973276
0.17787199933081865
0.17453300021588802
0.21858799923211336
0.1920779999345541
0.19816199969500303
0.2101309997960925
0.19424400012940168
0.18218200001865625
0.19539100024849176
0.17155199963599443
0.19535200018435717
0.17964799981564283
0.17239700071513653
0.175564999692142
0.1938399998471141
0.17778499983251095
0.17228200007230043
0.1757920002564788
0.17423999961465597
0.21020300034433603
0.19671200029551983
0.17591699957847595
0.18048600014299154
0.0842519998550415
0.07597700040787458
0.09477899968624115
0.15074099972844124
0.1740120006725192
0.17850799951702356
0.19623500015586615
0.18515399936586618
0.17298400029540062
0.19762200023978949
0.18073599971830845
0.1498679993674159
0.18926099967211485
0.18462099973112345
0.17892699968069792
0.18375000078231096
0.17834800016134977
0.1815590001642704
0.22993400041013956
0.2029479993507266
0.1861319998279214
0.18359100073575974
0.18218799959868193
0.20100999996066093
0.18071100022643805
0.2003810005262494
0.178507000207901
0.18026600033044815
0.20674300007522106
0.20964499935507774
0.17079600039869547
0.17268100008368492
0.18110299948602915
0.18498700018972158
0.1874770000576973
0.1825270000845194
0.18070299923419952
0.20533499959856272
0.18099599983543158
0.18075200077146292
0.19284800067543983
0.18011699989438057
0.18250600062310696
0.18043699953705072
0.18566699977964163
0.1828600000590086
0.20123600028455257
0.206194999627769
0.14941699989140034
0.07359699998050928
0.07721999939531088
0.08697499986737967
0.07078499998897314
0.07451699953526258
0.09947300050407648
0.19267900008708239
0.18705799989402294
0.18076399993151426
0.18761099968105555
0.18088600039482117
0.18216099962592125
0.19883800018578768
0.18559000082314014
0.087139000184834
0.09823700040578842
0.1337749995291233
0.17985900025814772
0.1865379996597767
0.18651899974793196
0.1825390001758933
0.17948599997907877
0.1863730000331998
0.2011150000616908
0.185266999527812
0.18180200085043907
0.1823970004916191
0.18350099958479404
0.19880100060254335
0.1827819999307394
0.18600700050592422
0.19535099994391203
0.18341900035738945
0.18438300024718046
0.2111980002373457
0.19412400014698505
0.18646900076419115
0.1815269999206066
0.18469000048935413
0.18366700038313866
0.1828990001231432
0.1878739995881915
0.21653599943965673
0.1798029998317361
0.1807650001719594
0.18271399941295385
0.18263199925422668
0.182005999609828
0.18466399982571602
0.1850130008533597
0.20504700019955635
0.2094949996098876
0.1832090001553297
0.20173100009560585
0.18103000055998564
0.1814740002155304
0.19637899938970804
0.1809970000758767
0.21257600001990795
0.1818889994174242
0.17985999956727028
0.18164100032299757
0.07607300020754337
0.08343200013041496
0.11275399941951036
0.20639399997889996
0.17804899998009205
0.1800049999728799
0.258903999812901
0.19908300042152405
0.18263799976557493
0.1824279995635152
0.17890299949795008
0.1841449998319149
0.17934999987483025
0.18101299926638603
0.18604000005871058
0.1811250001192093
0.19696000032126904
0.1898020002990961
0.1828990001231432
0.18193500023335218
0.20062999986112118
0.19254600070416927
0.1932779997587204
0.18131200037896633
0.1819400005042553
0.0826780004426837
0.10243400000035763
0.18739400058984756
0.15609900001436472
0.17440299969166517
0.19113800022751093
0.22170399967581034
0.1839640000835061
0.17519000079482794
0.17314099986106157
0.09609199967235327
0.17435400001704693
0.17288199998438358
0.1685659997165203
0.18131300061941147
0.19210100080817938
0.1756570003926754
0.21019900031387806
0.1800260003656149
0.18128899950534105
0.19174799975007772
0.18603899981826544
0.18466900009661913
0.18937900010496378
0.19733399990946054
0.20079599972814322
0.2286820001900196
0.2017940003424883
0.10445399954915047
0.178829999640584
0.1851110002025962
0.20395699981600046
0.18840599991381168
0.18724900018423796
0.18568600062280893
0.18703799974173307
0.11259800009429455
0.20542099978774786
0.20701999962329865
0.18105800077319145
0.18570000026375055
0.1803020006045699
0.19044299982488155
0.1867450000718236
0.20843099988996983
0.08301400020718575
0.1142560001462698
0.19023899920284748
0.18903999961912632
0.07281999941915274
0.098344000056386
0.2076409999281168
0.1885420000180602
0.18461800087243319
0.18879800010472536
0.20136000029742718
0.090637999586761
0.195291000418365
0.18447699956595898
0.1944790007546544
0.19032499939203262
0.19470900017768145
0.20152499992400408
0.184795000590384
0.19628300052136183
0.18253699969500303
0.18174900021404028
0.24128600023686886
0.1842459999024868
0.18035800009965897
0.18890599999576807
0.18108699936419725
0.1790599999949336
0.18927999958395958
0.18214099947363138
0.18219100032001734
0.1812590006738901
0.21054199989885092
0.2015319997444749
0.17954500019550323
0.1894249999895692
0.2016540002077818
0.18557800073176622
0.21279199980199337
0.22107900027185678
0.17560900002717972
0.19402099959552288
0.17910300008952618
0.1771440003067255
0.17718399967998266
0.1825109999626875
0.20490599982440472
0.17286100052297115
0.17347500007599592
0.17243999987840652
0.17625399958342314
0.17429700028151274
0.1749959997832775
0.17404200043529272
0.17508600000292063
0.17830900009721518
0.1818230003118515
0.17468899954110384
0.17239299975335598
0.17615299951285124
0.1757510006427765
0.17594700027257204
0.17426900006830692
0.1772489994764328
0.1778389997780323
0.17455200012773275
0.17480899952352047
0.17409500014036894
0.19820000045001507
0.1766799995675683
0.17392600048333406
0.17748400010168552
0.17623999994248152
0.18333799950778484
0.17790200002491474
0.19183100014925003
0.1987789999693632
0.17545800004154444
0.18053799960762262
0.1988270003348589
0.17105900030583143
0.1730289999395609
0.17586200032383204
0.17977899964898825
0.18121099937707186
0.20010600052773952
0.20056600030511618
0.1799269998446107
0.07052400056272745
0.09827900025993586
0.1785000003874302
0.18990000057965517
0.17709100060164928
0.17402200028300285
0.17324999999254942
0.1847159992903471
0.17423699982464314
0.18020800035446882
0.17627800069749355
0.200377999804914
1.3732409998774529
0.06912500038743019
0.08867699932307005
0.06878099963068962
0.16067599970847368
0.15764900017529726
0.17785700038075447
0.1721179997548461
0.1733710002154112
0.19531900063157082
0.19187700003385544
0.1718040006235242
0.17308299988508224
0.18720499984920025
0.19194999989122152
0.17031100019812584
0.1722369994968176
0.17211499996483326
0.2256039995700121
0.17012500017881393
0.1752089997753501
0.17933099996298552
0.17403400037437677
0.21833499986678362
0.1988480007275939
0.17549800034612417
0.18180599994957447
0.17930300068110228
0.19993400014936924
0.17556099966168404
0.17720399983227253
0.17509800009429455
0.18536300025880337
0.18153499998152256
0.18667700048536062
0.18551200069487095
0.0846950002014637
0.07154100015759468
0.08398899994790554
0.11213500052690506
0.1739520002156496
0.15801399946212769
0.17944400012493134
0.1515510007739067
0.1749040000140667
0.15355800092220306
0.17417499981820583
0.1763110002502799
0.15460100024938583
0.15484799910336733
0.15531000029295683
0.1694360002875328
0.1724279997870326
0.17357000056654215
0.15327300038188696
0.15717399958521128
0.07969600055366755
0.08428100030869246
0.07297599967569113
0.09032700024545193
0.09822200052440166
0.1308840001001954
0.17131599970161915
0.17790499981492758
0.17869799956679344
0.18601199984550476
0.19749100040644407
0.17877799924463034
0.20053000003099442
0.1810149997472763
0.19793800078332424
0.186018000356853
0.17042099963873625
0.19921400025486946
0.17527800053358078
0.18085099942982197
0.18419199995696545
0.17977899964898825
0.18531600013375282
0.18653500080108643
0.20197500009089708
0.17650599963963032
0.18030900042504072
0.19119200017303228
0.17747400049120188
0.17894900031387806
0.1785659994930029
0.18339399993419647
0.17927500046789646
0.19645299948751926
0.17933099996298552
0.20875999983400106
0.20173299964517355
0.18927299976348877
0.05843400023877621
0.07143200002610683
0.1005489993840456
0.1311749992892146
0.08283500000834465
0.11184200085699558
0.15367699973285198
0.15481199976056814
0.1765149999409914
0.17867999989539385
0.2081760000437498
0.19465900026261806
0.18308799993246794
0.1789340004324913
0.17898899968713522
0.18014799989759922
0.18185300007462502
0.17912500072270632
0.18126999959349632
0.20079900044947863
0.20194400008767843
0.17876399960368872
0.1895789997652173
0.19682700000703335
0.19561100006103516
0.20263499952852726
0.1798649998381734
0.18640200048685074
0.19535700045526028
0.19723500031977892
0.19874500017613173
0.18540399987250566
0.17209200002253056
0.08779300004243851
0.08531599957495928
0.07219500001519918
0.11190600041300058
0.10028799995779991
0.15416099969297647
0.17491700034588575
0.18073599971830845
0.18616400007158518
0.18300799932330847
0.1787250004708767
0.0657930001616478
0.12029100023210049
0.08554000034928322
0.0817440003156662
0.09880399983376265
0.1815910004079342
0.09040500037372112
0.08359299972653389
0.08562200050801039
0.0908859996125102
0.1422099992632866
0.13693100027740002
0.17579100001603365
0.18709800019860268
0.20250899996608496
0.15641700010746717
0.16972600016742945
0.1681779995560646
0.17770199943333864
0.15828699991106987
0.20011199917644262
0.08599899988621473
0.07186200004070997
0.07759100012481213
0.10242599993944168
0.12989600002765656
0.17839800007641315
0.18147399928420782
0.17713200021535158
0.1972900005057454
0.20147700048983097
0.18022699933499098
0.18155500013381243
0.1858679996803403
0.19362299982458353
0.17520799953490496
0.1749609997496009
0.17390200030058622
0.09111999999731779
0.12516599986702204
0.17870499938726425
0.1814190000295639
0.1751270005479455
0.1747269993647933
0.1758270002901554
0.17572899907827377
0.15188400074839592
0.07657200004905462
0.08569999970495701
0.06954799965023994
0.08548799995332956
0.14496700000017881
0.15662600006908178
0.17583299987018108
0.1762560000643134
0.1726740002632141
0.17310400027781725
0.16157200001180172
0.12837900035083294
0.13593399990350008
0.13181199971586466
0.1564360000193119
0.1737980004400015
0.19729700032621622
0.17385599948465824
0.17715500015765429
0.17425600066781044
0.1780160004273057
0.1725430004298687
0.17647800035774708
0.17450399976223707
0.1718079997226596
0.17612800002098083
0.17612299975007772
0.1742730000987649
0.17405899986624718
0.17492900043725967
0.17986799962818623
0.17610299959778786
0.20065899938344955
0.19269199948757887
0.17858800012618303
0.17370100039988756
0.17560799978673458
0.1742129996418953
0.18301200028508902
0.2126139998435974
0.1814190000295639
0.17876700032502413
0.18112200032919645
0.18033399991691113
0.1808059997856617
0.19857299979776144
0.18146200012415648
0.18249600008130074
0.21654300019145012
0.20569999981671572
0.18204799946397543
0.1782980002462864
0.18068999983370304
0.1840030001476407
0.20078799966722727
0.1794219994917512
0.20978299994021654
0.20362399984151125
0.18019399978220463
0.17968800012022257
0.08425599988549948
0.06940599996596575
0.0825649993494153
0.11527399998158216
0.15924299973994493
0.15969800017774105
0.17570000048726797
0.153889000415802
0.15638899989426136
0.22003799956291914
0.20046599954366684
0.2012020004913211
0.19906499981880188
0.1814810000360012
0.18128500040620565
0.23531999997794628
0.19969400018453598
0.2030290002003312
0.20128600019961596
0.15932899992913008
0.1596919996663928
0.1629019994288683
0.17165799997746944
0.06842899974435568
0.0751560004428029
0.11202199943363667
0.12671700026839972
0.15547099988907576
0.15521500073373318
0.1561400005593896
0.17508799955248833
0.17009299993515015
0.16254399996250868
0.1760099995881319
0.1553109996020794
0.15856599994003773
0.15284999925643206
0.17633899953216314
0.1551190000027418
0.18510799948126078
0.18900599982589483
0.18099499959498644
0.1799179995432496
0.19946799986064434
0.20657499972730875
0.19689400028437376
0.17892899923026562
0.1825160002335906
0.18563500046730042
0.1799389999359846
0.19699899945408106
0.0716329999268055
0.11263999994844198
0.1815820001065731
0.17778600007295609
0.1899140002205968
0.17860799934715033
0.1806020000949502
0.18018299993127584
0.18146899994462729
0.19895099941641092
0.1774490000680089
0.18314100056886673
0.1762049999088049
0.07071000058203936
0.0783660002052784
0.08906599972397089
0.11153500061482191
0.17735799960792065
0.19690700061619282
0.1821050001308322
0.17743500042706728
0.1793759996071458
0.1985669992864132
0.17832900024950504
0.17971499916166067
0.17767600063234568
0.17503999918699265
0.18385300040245056
0.18009299971163273
0.18128299992531538
0.18620999995619059
0.18182900082319975
0.17493299953639507
0.19180000014603138
0.18057100009173155
0.18318499997258186
0.19899599999189377
0.17626999970525503
0.17923999950289726
0.17913500033318996
0.17948400042951107
0.17719999980181456
0.1788599994033575
0.0755639998242259
0.09120600018650293
0.17756000068038702
0.17834100034087896
0.1816920004785061
0.19300199951976538
0.18006599973887205
0.19469700008630753
0.17648799996823072
0.17539200000464916
0.17314300034195185
0.18231499940156937
0.17380800005048513
0.17481699958443642
0.17767999973148108
0.19179100077599287
0.17417600005865097
0.17930399999022484
0.17584099993109703
0.178808999247849
0.19044999964535236
0.17534299939870834
0.19829000066965818
0.17502300068736076
0.07017800025641918
0.09469200018793344
0.10598899982869625
0.17939799930900335
0.20100300014019012
0.19835599977523088
0.18007699958980083
0.07422300055623055
0.10865499917417765
0.10962100047618151
0.17450900003314018
0.20404200069606304
0.17958700004965067
0.18585800006985664
0.18757899943739176
0.17732200026512146
0.15213899966329336
0.11075400002300739
0.11408399976789951
0.1272860001772642
0.19924100022763014
0.17854900006204844
0.1882619997486472
0.20090399961918592
0.17799999937415123
0.18473799992352724
0.20175000000745058
0.17800599988549948
0.18349800072610378
0.18138699978590012
0.19924600049853325
0.1789079997688532
0.18530000001192093
0.18024699948728085
0.19854400027543306
0.20114799961447716
0.21634199935942888
0.17771000042557716
0.08656399976462126
0.0773680005222559
0.09965500049293041
0.157387999817729
0.18149199988693
0.19776100013405085
0.18245399929583073
0.17782500013709068
0.17861099913716316
0.20112800039350986
0.1819700002670288
0.1920749992132187
0.18033900018781424
0.20460799988359213
0.19893100019544363
0.17908699996769428
0.18531300034374
0.19974999967962503
0.17925399914383888
0.1828779997304082
0.21320299990475178
0.1804440002888441
0.17804899998009205
0.20079499948769808
0.18022899981588125
0.17467699944972992
0.1787799997255206
0.1974320001900196
0.19734600000083447
0.18319200072437525
0.17950600013136864
0.19771300069987774
0.1813990008085966
0.19509899988770485
0.1572670005261898
0.18886000011116266
0.1807669997215271
0.18020400032401085
0.17986899986863136
0.18465800024569035
0.17704899981617928
0.176125000230968
0.17965700011700392
0.17905599996447563
0.17430900037288666
0.18016700074076653
0.20189800020307302
0.19282200001180172
0.18083100020885468
0.18047000002115965
0.19996900018304586
0.1982030002400279
0.18106700014322996
0.20382199995219707
0.17775100003927946
0.18059499934315681
0.1814139997586608
0.18873100075870752
0.18895000033080578
0.17747099976986647
0.19867699965834618
0.17994000017642975
0.18120400048792362
0.17681200057268143
0.18127799965441227
0.18333399947732687
0.20424799993634224
0.18219600059092045
0.19825000036507845
0.0899449996650219
0.12843799963593483
0.17831700015813112
0.18457499984651804
0.18107999954372644
0.20885600056499243
0.19846499990671873
0.19831999950110912
0.18004999961704016
0.18013999983668327
0.20186099968850613
0.17974700033664703
0.21298199985176325
0.19978899974375963
0.1845650002360344
0.18167700059711933
0.1752900006249547
0.19849800039082766
0.18028699979186058
0.17686500027775764
0.21316699963063002
0.2048779996111989
0.1779330000281334
0.20008299965411425
0.2089489996433258
0.18126600049436092
0.17480500042438507
0.21199799980968237
0.67208700068295
0.1809720005840063
0.21481999941170216
0.1791610000655055
0.17908400017768145
0.08107300009578466
0.09140599984675646
0.1310010002925992
0.22977199964225292
0.20035600010305643
0.17970800027251244
0.2034210003912449
0.19373400043696165
0.1940520005300641
0.1806440008804202
0.17258999962359667
0.1733249993994832
0.1784699996933341
0.17408499959856272
0.1770150000229478
0.19309400022029877
0.17345200013369322
0.1740370001643896
0.19440400041639805
0.1948640001937747
0.19714099913835526
0.175224999897182
0.1726779993623495
0.17850599996745586
0.17393400054425
0.18528399989008904
0.18982400000095367
0.17540099937468767
0.09750800020992756
0.15249499958008528
0.17580199986696243
0.07285000011324883
0.09691200032830238
0.21421200037002563
0.19450300000607967
0.17859199922531843
0.20001200027763844
0.20326600037515163
0.19994400069117546
0.18368300050497055
0.19475500006228685
0.1777680004015565
0.22431799955666065
0.18185999989509583
0.18126999959349632
0.18944399990141392
0.20437199994921684
0.18117700051516294
0.1790459994226694
0.18469700030982494
0.19862799998372793
0.1821349998936057
0.18013800028711557
0.20426599960774183
0.11120199970901012
0.15904899965971708
0.18084099981933832
0.18200000002980232
0.1798539999872446
0.17916200030595064
0.22323300037533045
0.0734830005094409
0.0801829993724823
0.11112499982118607
0.17780499998480082
0.1796079995110631
0.20773100014775991
0.1841380000114441
0.18203700054436922
0.18350300006568432
0.17971100006252527
0.17930900026112795
0.19316399935632944
0.22357700020074844
0.18131399992853403
0.19598300009965897
0.20143300015479326
0.19861100055277348
0.18161999993026257
0.20299699995666742
0.18034899979829788
0.1783760003745556
0.18201200012117624
0.17989500053226948
0.20467199943959713
0.18440699949860573
0.18069299962371588
0.21479399967938662
0.17981499992311
0.18134399969130754
0.1832039998844266
0.18573700077831745
0.1822270005941391
0.1778710000216961
0.20110800024122
0.07041299995034933
0.07911899965256453
0.105574999935925
0.1808749996125698
0.17938200011849403
0.07717799954116344
0.08952399995177984
0.1334489993751049
0.18357499968260527
0.17820300068706274
0.18028699979186058
0.18988099973648787
0.20136300008744001
0.18266400042921305
0.1799799995496869
0.1826349999755621
0.2228990001603961
0.1813960000872612
0.17841400019824505
0.2423559995368123
0.18140699993818998
0.18732000049203634
0.20123500004410744
0.1817540004849434
0.18031200021505356
0.18110699951648712
0.18303299974650145
0.1821830002591014
0.205702000297606
0.20070500019937754
0.1822239998728037
0.1853289995342493
0.1797919999808073
0.18037800025194883
0.18375999946147203
0.182884999550879
0.18208499997854233
0.20675900019705296
0.18127300031483173
0.17869199998676777
0.21158099919557571
0.18174600042402744
0.19639400020241737
0.1810010001063347
0.20114399958401918
0.20098000019788742
0.20345200039446354
0.22501600068062544
0.20132200047373772
0.1964309997856617
0.1877089999616146
0.18025599978864193
0.1830919999629259
0.17567700054496527
0.19976000022143126
0.1786669995635748
0.17841400019824505
0.18676500022411346
0.17799200024455786
0.2107190005481243
0.1842229999601841
0.1797070000320673
0.198874999769032
0.18458599969744682
0.1751469997689128
0.17887800000607967
0.17784899938851595
0.18547199945896864
0.18892399966716766
0.17912799958139658
0.18220800068229437
0.1828920003026724
0.18707300070673227
0.17931799963116646
0.20533599983900785
0.17940100003033876
0.17887100018560886
0.1994489999487996
0.19714600034058094
0.18018800020217896
0.18175299931317568
0.17291400022804737
0.1792639996856451
0.1844180002808571
0.17896299995481968
0.17890700045973063
0.20029899943619967
0.18399000074714422
0.17498499993234873
0.17566000018268824
0.17214199993759394
0.17642399948090315
0.17754000052809715
0.17602100037038326
0.17413500044494867
0.17306100018322468
0.17495999950915575
0.17575400043278933
0.17385500017553568
0.179173999466002
0.175675000064075
0.19158599991351366
0.18523499928414822
0.17835499998182058
0.1800009999424219
0.18060300033539534
0.20823599956929684
0.17887100018560886
0.18032999988645315
0.21053900010883808
0.1833080006763339
0.18630599975585938
0.18166199978441
0.18105500005185604
0.1677190000191331
0.1768800001591444
0.17499000020325184
0.17414699960500002
0.18967700004577637
0.19076600018888712
0.1743029998615384
0.19682000018656254
0.17554999981075525
0.17857699934393167
0.07835800014436245
0.18808900006115437
0.17366900015622377
0.1751290000975132
0.17758099921047688
0.1747460002079606
0.17450900003314018
0.17105500027537346
0.17689300049096346
0.17320800013840199
0.22369700018316507
0.17410000041127205
0.18077400047332048
0.17310000024735928
0.1744839996099472
0.18626599945127964
0.1743400003761053
0.17039800062775612
0.19697900023311377
0.18498800043016672
0.19065700005739927
0.1832729997113347
0.1777719995006919
0.18468100018799305
0.19784799963235855
0.1801519999280572
0.1797159994021058
0.1745810005813837
0.19884600024670362
0.05673400033265352
0.17711800057440996
0.1657760003581643
0.19147799909114838
0.1953619997948408
0.17396700009703636
0.07139899954199791
0.1731120003387332
0.18217799998819828
0.19437599927186966
0.07412999961525202
0.17316999938338995
0.17361600045114756
0.18227600026875734
0.17408300004899502
0.17909699957817793
0.17494399938732386
0.17814099974930286
0.19120700005441904
0.17725299950689077
0.17418899945914745
0.17693199962377548
0.07468600012362003
0.09574199933558702
0.16844400018453598
0.17334000021219254
0.1712779998779297
0.17467099986970425
0.18055099993944168
0.16980700008571148
0.18391699995845556
0.17870100028812885
0.17547500040382147
0.0714520001783967
0.08673600014299154
0.10739800054579973
0.17640999983996153
0.17551499977707863
0.17766599915921688
0.17511700000613928
0.17768399976193905
0.176447999663651
0.17397900018841028
0.17282999958842993
0.1825729999691248
0.17444900050759315
0.12331399973481894
0.07555800024420023
0.08543200045824051
0.08438100013881922
0.08965499978512526
0.07041900046169758
0.08299100026488304
0.1929959999397397
0.17333300039172173
0.21506800036877394
0.1727649997919798
0.19391700066626072
0.17571100033819675
0.17075500078499317
0.17866600025445223
0.06725999992340803
0.08288499992340803
0.10639400035142899
0.17542899958789349
0.1775780003517866
0.06947000045329332
0.08145800046622753
0.09509299974888563
0.1755770007148385
0.1928310003131628
0.17728899978101254
0.1937899999320507
0.17123400047421455
0.1763519998639822
0.17265999969094992
0.1751699997112155
0.1952750002965331
0.1797869997099042
0.1762490002438426
0.1755790002644062
0.19936500024050474
0.1819119993597269
0.17792700044810772
0.0760319996625185
0.171811000443995
0.17642699927091599
0.06828599981963634
0.07984600029885769
0.10779799986630678
0.18279500026255846
0.17635499965399504
0.1793470000848174
0.17415399942547083
0.21631099935621023
0.1985450005158782
0.17825399991124868
0.18203900009393692
0.19054900016635656
0.07178999949246645
0.08750199992209673
0.1797460000962019
0.176295000128448
0.20226499997079372
0.17792700044810772
0.19376400019973516
0.17430599965155125
0.1760439993813634
0.20373700000345707
0.17638299986720085
0.07581499963998795
0.09843300003558397
0.17804200015962124
0.17607300076633692
0.17968699987977743
0.1903429999947548
0.17733700014650822
0.19280099961906672
0.1782020004466176
0.17268100008368492
0.07306099962443113
0.09163299947977066
0.121114999987185
0.19739700015634298
0.17619299981743097
0.07768800016492605
0.15601899940520525
0.18691700045019388
0.17455600015819073
0.17558200005441904
0.18472000025212765
0.19874999951571226
0.1782800005748868
0.1816670000553131
0.173119000159204
0.17470999993383884
0.07160300016403198
0.12952999956905842
0.18302900064736605
0.1743809999898076
0.1788829993456602
0.1746399998664856
0.1737449998036027
0.17234699986875057
0.1769860005006194
0.17537800036370754
0.17696399986743927
0.17617900017648935
0.1763480007648468
0.1898750001564622
0.17665599938482046
0.1730800000950694
0.17925600055605173
0.17436999920755625
0.17735899984836578
0.17886800039559603
0.19452300015836954
0.1811600001528859
0.17407399974763393
0.1757829999551177
0.1767859999090433
0.1755529996007681
0.17577200010418892
0.1766870003193617
0.1942670000717044
0.1796009996905923
0.20055099949240685
0.1739789992570877
0.18290199991315603
0.17462600022554398
0.18772600032389164
0.1740920003503561
0.19084899965673685
0.09891299996525049
0.15390599984675646
0.1968610007315874
0.18274600058794022
0.1743029998615384
0.20966199971735477
0.19201399944722652
0.17112499941140413
0.16993399988859892
