1.0445640003308654
0.10149300005286932
0.12546300049871206
0.3001270005479455
0.11812399979680777
0.16167900059372187
0.2601149994879961
0.2478730008006096
0.24418000038713217
0.25377400033175945
0.238990000449121
0.08877100050449371
0.0861360002309084
0.09009500034153461
0.0890729995444417
0.09817599970847368
0.12544099986553192
0.2270530005916953
0.2425299994647503
0.238710000179708
0.23815400060266256
0.23701500054448843
0.2679679999127984
0.2471270002424717
0.2381870001554489
0.252534999512136
0.25630499981343746
0.237916000187397
0.23778099939227104
0.26366900000721216
0.280001999810338
0.2408670000731945
0.2702849991619587
0.24245900008827448
0.2512600002810359
0.281848999671638
0.275950999930501
0.24389700032770634
0.24299999978393316
0.22858500014990568
0.23871599975973368
0.10995499975979328
0.10413399990648031
0.12436600029468536
0.10170300025492907
0.1303150001913309
0.12656399980187416
0.08907500002533197
0.1126060001552105
0.09443099983036518
0.11631599999964237
0.18493600003421307
0.23948599956929684
0.2385579999536276
0.24636899959295988
0.2460109991952777
0.2489809999242425
0.24414199963212013
0.24961099959909916
0.2500779991969466
0.2441779999062419
0.24330800026655197
0.26364800054579973
0.24576999992132187
0.24686000030487776
0.2438519997522235
0.26390499994158745
0.25804399978369474
0.2638189997524023
0.24524699989706278
0.24382499977946281
0.2455939995124936
0.2505510002374649
0.25460200011730194
0.25568299926817417
0.24687399994581938
0.24364100024104118
0.2571639996021986
0.09750000014901161
0.11004799976944923
0.2113169999793172
0.23234099987894297
0.24486100021749735
0.24653299991041422
0.24856100045144558
0.24472300056368113
0.24582900013774633
0.2434069998562336
0.28292200062423944
1.0465749995782971
0.24306599982082844
0.24922100082039833
0.2553739994764328
0.22564399987459183
0.24144999962300062
0.10120999999344349
0.12177800014615059
0.24523899983614683
0.24242000002413988
0.24251800030469894
0.24069000035524368
0.2443920001387596
0.24282800033688545
0.2421649992465973
0.2480719992890954
0.24594299960881472
0.25631400011479855
0.242510000243783
0.24176899995654821
0.2436959994956851
0.26257900055497885
0.2454840000718832
0.2786410003900528
0.2467069998383522
0.2649320000782609
0.24550800025463104
0.24557700008153915
1.5506330002099276
0.10885399952530861
0.1998709999024868
0.23894099984318018
0.25332400016486645
0.23898999951779842
0.2355660004541278
0.23552799969911575
0.19543700013309717
0.17312700022011995
0.25697499979287386
0.2435240000486374
0.23557099979370832
0.23419500049203634
0.2619420001283288
0.23638099990785122
0.23945000022649765
0.2363549992442131
0.23446999955922365
0.23778499942272902
0.23646700009703636
0.23432299960404634
0.23526900075376034
0.23396100010722876
0.23752900026738644
0.2334639998152852
0.2543000001460314
0.2557689994573593
0.23482599947601557
0.23292999994009733
0.23527800012379885
0.24184100050479174
0.23200599942356348
0.23789700027555227
0.24139800015836954
0.24119799956679344
0.23462999984622002
0.23611200042068958
0.2365460004657507
0.23666899930685759
0.23482200037688017
0.2316509997472167
0.24010900035500526
0.24002499971538782
0.219543999992311
0.24305300042033195
0.23472699988633394
0.23728800006210804
0.23709899932146072
0.23256999999284744
0.2563699996098876
0.2502890005707741
0.23111000005155802
0.2329500000923872
0.22987900022417307
0.22045299969613552
0.22877900023013353
0.22768899984657764
0.22934800013899803
0.23420100007206202
0.2310340004041791
0.09223600011318922
0.11628699954599142
0.24855800066143274
0.26524299941956997
0.2510810000821948
0.26125499978661537
0.24763100035488605
0.24459300003945827
0.29110000003129244
0.24522100016474724
0.2558539994060993
0.24443199951201677
0.2447840003296733
0.26961700059473515
0.24498900026082993
0.12108699977397919
0.16935699991881847
0.25685799960047007
0.253796000033617
0.23051200062036514
0.2626259997487068
0.259124000556767
0.24615100026130676
0.2571270000189543
0.24153800029307604
0.24384000059217215
0.2656999994069338
0.23696399945765734
0.24236200004816055
0.1090240003541112
0.14735200069844723
0.23501800000667572
0.2377089997753501
0.2360249999910593
0.23783700075000525
0.23823999986052513
0.24303899984806776
0.23624200001358986
0.248692000284791
0.25333800073713064
0.24179899971932173
0.1026770006865263
0.116864999756217
0.19799000024795532
0.23544100020080805
0.2370389997959137
0.23786500003188848
0.23668699990957975
0.24243600014597178
0.24450899939984083
0.23686400055885315
0.24163699988275766
0.23414700012654066
0.23784499987959862
0.23654599953442812
0.20367399975657463
0.22617899999022484
0.25480099953711033
0.23815299943089485
0.23609299957752228
0.23226900026202202
0.2509869998320937
0.24304600059986115
0.2359469998627901
0.23430499993264675
0.23676900006830692
0.23323300015181303
0.265578999184072
0.23896300047636032
0.23393600061535835
0.23657900001853704
0.24260700028389692
0.23619099985808134
0.23557200003415346
0.1166169997304678
0.24257100000977516
0.2407219996675849
0.2387420004233718
0.23629000037908554
0.23335300013422966
0.2372249998152256
0.23719600029289722
0.2407129993662238
0.24476900044828653
0.24380400031805038
0.2428310001268983
0.28771600034087896
0.23524599988013506
0.2280850000679493
0.23788200039416552
0.23791699949651957
0.2354419995099306
0.2408760003745556
0.23691399954259396
0.2396689997985959
0.25827900040894747
0.24784899968653917
0.24289400037378073
0.2350289998576045
0.2353889998048544
0.2376629998907447
0.23309799935668707
0.23482599947601557
0.23784799966961145
0.2387049999088049
0.2738749999552965
0.26003799960017204
0.09303000010550022
0.11981000006198883
0.14904699940234423
0.2681829994544387
0.23718199972063303
0.2372440006583929
0.24182199966162443
0.2410779995843768
0.23745200037956238
0.23372200038284063
0.26434999983757734
0.23930899985134602
0.2387919994071126
0.23453200049698353
0.23761700000613928
0.23373100068420172
0.2376859998330474
0.2368260007351637
0.24159500002861023
0.23574800044298172
0.23767599929124117
0.23772899992763996
0.2420880002900958
0.23677199985831976
0.23377699963748455
0.2551209991797805
0.2364680003374815
0.24034000001847744
0.234718999825418
0.23648000042885542
0.23810400068759918
0.24016600009053946
0.25375299993902445
0.22680599987506866
0.22801500000059605
0.2321560001000762
0.22953200060874224
0.23457799945026636
0.22870900016278028
0.23113400023430586
0.22987199947237968
0.23023699969053268
0.23054299969226122
0.23219999950379133
0.23015800025314093
0.2325600003823638
0.22947200015187263
0.2310130000114441
0.22854100074619055
0.23043099977076054
0.22864800039678812
0.0959050003439188
0.14861700031906366
0.20924700051546097
0.11019300017505884
0.16157800052314997
0.24958499986678362
0.2557739997282624
0.22649400029331446
0.23358500003814697
0.24879899993538857
0.19787999987602234
0.2129170000553131
0.2181529998779297
0.21620099991559982
0.2138709994032979
0.2236080002039671
0.2213359996676445
0.21479899995028973
0.2246979996562004
0.23578099999576807
0.2219099998474121
0.2018060004338622
0.21790500078350306
0.21545499935746193
0.22014799993485212
0.21524199936538935
0.21454000007361174
0.21716799959540367
0.2144520003348589
0.2191559998318553
0.23028199933469296
0.23880099970847368
0.21608899999409914
0.2173850005492568
0.21277099940925837
0.2120099999010563
0.21483800001442432
0.24519599974155426
0.21207599993795156
0.21640300005674362
0.2290030000731349
0.21674699988216162
0.23701700009405613
0.21691800002008677
0.23881000000983477
0.22374199982732534
0.22409299947321415
0.23260399978607893
0.2401510002091527
0.22523400001227856
0.22034200001507998
0.22451200056821108
0.21957700047641993
0.0968039995059371
0.11457499954849482
0.18606599979102612
0.22400899976491928
0.22286400012671947
0.23179599922150373
0.21310400031507015
0.22093600034713745
0.22575199976563454
0.2210699999704957
0.22536499984562397
0.22175899986177683
0.22329699993133545
0.2255150005221367
0.2220430001616478
0.2352259997278452
0.2247529998421669
0.22345300018787384
0.22669399995356798
0.22440799977630377
0.2339659994468093
0.22710100002586842
0.22468299977481365
0.21927199978381395
0.22142000030726194
0.22063099965453148
0.2226419998332858
0.22441399935632944
0.21953999996185303
0.2208110000938177
0.22407899983227253
0.22018699999898672
0.2236080002039671
0.22249399963766336
0.21702600084245205
0.24298600014299154
0.22258799988776445
0.2188170002773404
0.2226790003478527
0.23297599982470274
0.22421899996697903
0.22243400011211634
0.2383909998461604
0.25146500021219254
0.22080800030380487
0.23791899997740984
0.08146700076758862
0.08962600026279688
0.15413600020110607
0.20851899962872267
0.2251570001244545
0.20815700013190508
0.2070919992402196
0.20253299921751022
0.20869299955666065
0.2076960001140833
0.21011199988424778
0.207179999910295
3.3749730000272393
0.17427399940788746
0.21824199985712767
0.20496600028127432
0.1970880003646016
0.06453599967062473
0.07755699940025806
0.09194699954241514
0.12409100029617548
0.20268099941313267
0.19890800025314093
0.199753999710083
0.20206800010055304
0.198059999383986
0.20148800034075975
0.21833599917590618
0.20128200016915798
0.20632799994200468
0.1969800004735589
0.19523599930107594
0.20161999948322773
0.20158199965953827
0.2009430006146431
0.20792900025844574
0.233924999833107
0.20018000062555075
0.20470700040459633
0.21615399979054928
0.2014750000089407
0.19813300017267466
0.20246300008147955
0.20624499954283237
0.19271299988031387
0.2014960004016757
0.1929539991542697
0.1949310004711151
0.19326599966734648
0.18069199938327074
0.19587499927729368
0.08700000029057264
0.08301599975675344
0.08995799999684095
0.12174800038337708
0.19411499984562397
0.1963579999282956
0.20881900005042553
0.1969340005889535
0.2113699996843934
0.19671700056642294
0.1959699997678399
0.07988799922168255
0.09199799969792366
0.07568699959665537
0.08810099959373474
0.12011100072413683
0.19315600022673607
0.21082300040870905
0.21504899952560663
0.19089800026267767
0.19433700013905764
0.21519700065255165
0.1925190007314086
0.19569100067019463
0.20214200019836426
0.19968899991363287
0.19759599957615137
0.19718699995428324
0.2004430005326867
0.21107000019401312
0.2001759996637702
0.19496800005435944
0.21643100026994944
0.197006999514997
0.19429800007492304
0.1939549995586276
0.1935400003567338
0.20232899952679873
0.21475599985569715
0.19027400016784668
0.19334499910473824
0.2105350000783801
0.19261399935930967
0.19321800023317337
0.1936039999127388
0.192437999881804
0.19643200002610683
0.19934699963778257
0.193057999946177
0.19046399928629398
0.09292099997401237
0.09636999946087599
0.13808900024741888
0.19361499976366758
0.1932140002027154
0.21238699927926064
0.19625599961727858
0.1995449997484684
0.1941679995507002
0.2010139999911189
0.18995000049471855
0.19180099945515394
0.21129299979656935
0.19651299994438887
0.19189499970525503
0.2127259997650981
0.19565400015562773
0.20166500005871058
0.19895699992775917
0.20173599943518639
0.2033239994198084
0.06411799974739552
0.08506899978965521
0.10593899991363287
0.17914599925279617
0.20184400025755167
0.19922500010579824
0.2006489997729659
0.20196000020951033
0.20312900003045797
0.1957640005275607
0.19856199994683266
0.2004450000822544
0.2001740001142025
0.21837500017136335
0.20747699961066246
0.19832600001245737
0.23006500024348497
0.19792700000107288
0.20381399989128113
0.08162999991327524
0.11841699946671724
0.09648999944329262
0.09405000042170286
0.12934200000017881
0.19795800000429153
0.18176000006496906
0.18923799972981215
0.21655100025236607
1.3461039997637272
0.20450800005346537
0.19906899984925985
0.19319700077176094
0.10310900025069714
0.19452599994838238
0.1999310003593564
0.21668400056660175
0.20276599936187267
0.19756900053471327
0.23074399959295988
0.1963919997215271
0.21684199944138527
0.19691400043666363
0.2342560002580285
0.19827499985694885
0.19706200063228607
0.19672199990600348
0.20098000019788742
0.1972690001130104
0.19949600007385015
0.19477200042456388
0.2061980003491044
0.2038659993559122
0.2013400001451373
0.1985439993441105
0.20537899993360043
0.23032200057059526
0.21005200035870075
0.20427099987864494
0.19704800006002188
0.2001689998432994
0.2386480001732707
0.20348700042814016
0.201171999797225
0.22072899993509054
0.21562399994581938
0.1981589999049902
0.2276560002937913
0.19645099993795156
0.2054399996995926
0.16129299998283386
0.12318599969148636
5.256043999455869
0.15142699982970953
0.14391799923032522
0.14810300059616566
0.14445600006729364
0.1393240001052618
0.1780340000987053
0.21077700052410364
0.176320000551641
0.07554200012236834
0.18606900051236153
0.18546300008893013
0.1797000002115965
0.09389999974519014
0.13087499979883432
0.18907600082457066
0.08856699988245964
0.11448900029063225
0.18054400011897087
0.22322400007396936
0.18169300071895123
0.18068400025367737
0.1800790000706911
0.18062299955636263
0.1815520003437996
0.180804000236094
0.17945399973541498
0.18111499957740307
0.07878000009804964
0.09991899970918894
0.17641799990087748
0.18211700022220612
0.18211899977177382
0.17949400003999472
0.2069939998909831
0.17856299970299006
0.1965600000694394
0.2206269996240735
0.08533299993723631
0.11487499997019768
0.20214200019836426
0.1807420002296567
0.18758499994874
0.17789199948310852
0.18171000014990568
0.20180200040340424
0.18205399997532368
0.18620499968528748
0.07852899935096502
0.11422100011259317
0.1809000000357628
0.2091299993917346
0.17801500018686056
0.07084500044584274
0.1778339995071292
0.18257799930870533
0.20265300013124943
0.17961600050330162
0.08448200020939112
0.13561099953949451
0.18474899977445602
0.17775600031018257
0.18304200004786253
0.19692999962717295
0.18531899992376566
0.08717100042849779
0.11350500024855137
0.18043699953705072
0.18143700063228607
0.18520200066268444
0.19838500022888184
0.18407499976456165
0.19497300032526255
0.18401100020855665
0.18130700010806322
0.20335499942302704
0.18448900058865547
0.17843400035053492
0.1791399996727705
0.20069400034844875
0.18066299986094236
0.1797759998589754
0.18225600011646748
0.17473599966615438
0.19771999958902597
0.18313700053840876
0.18190399929881096
0.18324000015854836
0.3364749997854233
0.249312000349164
0.1796399997547269
0.18247699923813343
0.18750099930912256
0.18218099977821112
0.18360900040715933
0.18167100008577108
0.1866049999371171
0.18357000034302473
0.18409599922597408
0.18084799963980913
0.180608999915421
0.17951299995183945
0.18232200015336275
0.1869999999180436
0.20124400034546852
0.1798489997163415
0.20260700024664402
0.20167999994009733
0.1838380005210638
0.17832099925726652
0.2516239993274212
0.19982600025832653
0.18668400030583143
0.2078269999474287
0.18604500032961369
0.18771599978208542
0.20645799953490496
0.1849830001592636
0.22931299917399883
0.2046139994636178
0.18934400007128716
0.18563500046730042
0.17817499954253435
0.18229000084102154
0.17899599950760603
0.18290999997407198
0.1802529999986291
0.17919400054961443
0.18373099993914366
0.19911000039428473
0.1819930002093315
0.18050900008529425
0.1921610003337264
0.19046799931675196
0.07933500036597252
0.13132099993526936
0.18172500003129244
0.17792100086808205
0.08846200071275234
0.07139599975198507
0.08192200027406216
0.16408600006252527
0.17932499945163727
0.18520700000226498
0.19412599969655275
0.20108199957758188
0.18772299960255623
0.19683599937707186
0.18039899971336126
0.18773899972438812
0.176061000674963
0.18063799943774939
0.1813379991799593
0.18142399936914444
0.17992299981415272
0.180634000338614
0.1826120000332594
0.18229899927973747
0.08878400083631277
0.07321600057184696
0.10367800015956163
0.21422099974006414
0.18903599958866835
0.1877199998125434
0.19005000032484531
0.1881509991362691
0.18989400006830692
0.1927620004862547
0.19282699935138226
0.18929999973624945
0.1912699993699789
0.18693700060248375
0.20780999958515167
0.19096999987959862
0.18915100023150444
0.1881860001012683
0.08896000031381845
0.13438599929213524
0.1919800005853176
0.18852900061756372
0.19101899955421686
0.18949600029736757
0.19404099974781275
0.18346599955111742
0.18066500034183264
0.20522299967706203
0.18192199990153313
0.18409499991685152
0.18319999985396862
0.20368999987840652
0.18240599986165762
0.18228700011968613
0.18778999987989664
0.18614500015974045
0.18093100003898144
0.1854050001129508
0.1872659996151924
0.17672199942171574
0.18281899951398373
0.18354399967938662
0.20236200001090765
0.1829789998009801
0.18250699993222952
0.18214500043541193
0.181233000010252
0.18741399981081486
0.07295900024473667
0.08193700015544891
0.12437599990516901
0.20582500007003546
0.18838399928063154
0.19404300022870302
0.19187100045382977
0.18718500062823296
0.18692499957978725
0.18487599957734346
0.08997200056910515
0.1145800007507205
0.21340399980545044
0.18623699992895126
0.18562600016593933
0.19095900002866983
0.16083199996501207
0.20648400019854307
0.2053350005298853
0.18803200032562017
0.18964100070297718
0.20187899935990572
0.163395999930799
0.16216200031340122
0.14241200033575296
0.19455999974161386
0.2105229999870062
0.20856900047510862
0.18750100024044514
0.20784500055015087
0.18793699983507395
0.18913799989968538
0.18622899986803532
0.18661599978804588
0.18858200032263994
0.19684499967843294
0.19553000014275312
0.19022700004279613
0.18712899927049875
0.21504199970513582
0.18539700005203485
0.20914799999445677
0.1880230000242591
0.18883500061929226
0.21037700027227402
0.19012400042265654
0.1883169999346137
0.19137300085276365
0.19092800002545118
0.2061060005798936
0.19128799997270107
0.18661500047892332
0.21962099988013506
0.20629699993878603
0.19685500022023916
0.18714100029319525
0.20597600005567074
0.18561499938368797
0.19213700015097857
0.1952309999614954
0.21888399962335825
0.20715200062841177
0.18751700036227703
0.1791449999436736
0.17796199955046177
0.19400200061500072
0.18608699925243855
0.20397499948740005
0.1977829998359084
0.07659200020134449
0.07953299954533577
0.1024380000308156
0.18669599946588278
0.18556000012904406
0.19299999997019768
0.20257799979299307
0.1892529996111989
0.18975300062447786
0.19196300022304058
0.1759409997612238
0.17638500034809113
0.17656600009649992
0.18192700017243624
0.18118100054562092
0.17967999912798405
0.18843100033700466
0.20094599947333336
0.1795049998909235
0.18781200051307678
0.20241199992597103
0.18212899938225746
0.1820339998230338
0.20107399951666594
0.20347999967634678
0.18024699948728085
0.18010799959301949
0.17874599993228912
0.18500000052154064
0.1839960003271699
0.18129900004714727
0.18797000031918287
0.19110399950295687
0.18355700001120567
0.2086420003324747
0.18305599968880415
0.1812310004606843
0.1807030001655221
0.18255799915641546
0.18155600037425756
0.18264499958604574
0.18078699987381697
0.19007000047713518
0.22174900025129318
0.18362800031900406
0.18848899938166142
0.182005999609828
0.18123899959027767
0.18944300059229136
0.1822949992492795
0.199239999987185
0.20057599991559982
0.16596399992704391
0.09461899939924479
0.08999700006097555
0.09798900038003922
0.15395000018179417
0.21061799954622984
0.18842399958521128
0.18785499967634678
0.18780199997127056
0.1852139998227358
0.21027599927037954
0.22007500007748604
0.1882920004427433
0.18625899963080883
0.1874679997563362
0.20719700027257204
0.2084260005503893
0.1894600000232458
0.18629799969494343
0.2055850001052022
0.1886520003899932
0.1823549997061491
0.1901460001245141
0.18514499999582767
0.19392900075763464
0.2702649999409914
0.1970260003581643
0.18761399947106838
0.2143350001424551
0.20833799988031387
0.18890799954533577
0.1835549995303154
0.21106799971312284
0.20621700026094913
0.1911829998716712
0.2285260008648038
0.18819899950176477
0.18838000018149614
0.1888649994507432
0.18603899981826544
0.1906709996983409
0.2069709999486804
0.18511399999260902
0.1843060003593564
0.18938399944454432
0.21359200030565262
0.18916700035333633
0.19292800035327673
0.18708699941635132
0.2083710003644228
0.19216900039464235
0.18505300022661686
0.21374399960041046
0.18621999956667423
0.19299499969929457
0.19018799997866154
0.2118539996445179
0.18819699995219707
0.19965200033038855
0.18692700006067753
0.20327599998563528
0.19939099997282028
0.18764900043606758
0.18922900035977364
0.19648500066250563
0.2104340000078082
0.18854300025850534
0.18888600077480078
0.18808799982070923
0.2220379998907447
0.18636700045317411
0.2173020001500845
0.19292400032281876
0.18914700020104647
0.18960699997842312
0.18893400020897388
0.23508600052446127
0.18583100009709597
0.18760700058192015
0.18860500026494265
0.19088099990040064
0.1891959998756647
0.2148080002516508
0.1899580005556345
0.18972500041127205
0.19390999991446733
0.19063299987465143
0.18746499996632338
0.18887600023299456
0.09544199984520674
0.22049399930983782
0.19527299981564283
0.18898200057446957
0.18962199985980988
0.19278800021857023
0.18713199999183416
0.18642299994826317
0.19001999963074923
0.2084759995341301
0.18623599968850613
0.09175499994307756
0.07571100071072578
0.2054399996995926
0.19192499946802855
0.19148499984294176
0.19013400003314018
0.20215599983930588
0.2031729994341731
0.1846640007570386
0.193851999938488
0.18539699912071228
0.1891270000487566
0.18830899987369776
0.09867099951952696
0.09905000030994415
0.12678399961441755
0.18515399936586618
0.20733700040727854
0.1988550005480647
0.17936400044709444
0.18527700006961823
0.1840279996395111
0.18739300034940243
0.1948219994083047
0.18448900058865547
0.18305899947881699
0.19367699977010489
0.18591800052672625
0.1837530005723238
0.1866899998858571
0.184430000372231
0.18452200014144182
0.18608999997377396
0.1817399999126792
0.18308600038290024
0.1852790005505085
0.18724599946290255
0.1813320005312562
0.18641400057822466
0.22058499976992607
0.13993600010871887
0.1447369996458292
0.14197799935936928
0.1405890006572008
0.16522399988025427
0.1428919993340969
0.16343700047582388
0.1818089997395873
0.2440570006147027
0.18458500038832426
0.18517599999904633
0.18662199936807156
0.18299499992281199
0.1843170002102852
0.1898169992491603
0.1855610003694892
0.1834079995751381
0.1865499997511506
0.1936749992892146
0.18651300016790628
0.18529299926012754
0.20442399941384792
0.18723300006240606
0.18990200012922287
0.20411999989300966
0.062225000001490116
0.07203499972820282
0.08497199974954128
0.08745200000703335
0.08751699980348349
0.10632700007408857
0.16887500043958426
0.17273300047963858
0.20777899958193302
0.1789199998602271
0.18330600019544363
0.1877999994903803
0.1884550005197525
0.186621000058949
0.20431399997323751
0.18552100006490946
0.1858129994943738
0.18353200051933527
0.18962700013071299
0.1824579993262887
0.20771599933505058
0.20068900007754564
0.18397399969398975
0.18244499992579222
0.18806100077927113
0.18244699947535992
0.19007800053805113
0.1850430006161332
0.21353999990969896
0.1870679995045066
0.18821399938315153
0.18344900012016296
0.20915600005537271
0.18618999980390072
0.18643399979919195
0.20203099958598614
0.1865839995443821
0.19029399938881397
0.18575999978929758
0.19092800002545118
0.18638399988412857
0.19222200009971857
0.18350100051611662
0.185461999848485
0.18477199971675873
0.08081900049000978
0.08928699977695942
0.08540199976414442
0.08474199939519167
0.07470800075680017
0.08596799988299608
0.11932200007140636
0.18925700057297945
0.19801400043070316
0.1842780001461506
0.18534199986606836
0.1910500004887581
0.2338469997048378
0.19133200030773878
0.20347999967634678
0.19290000014007092
0.21155299991369247
0.191771000623703
0.18907800037413836
0.19907299987971783
0.18540100008249283
0.1972070001065731
0.19443299993872643
0.23191200010478497
0.18885899987071753
0.21149600017815828
0.1991830002516508
0.23814000003039837
0.1938929995521903
0.20196299999952316
0.18629299942404032
0.19371099956333637
0.19327899999916553
0.21348999999463558
0.19127599988132715
0.21014100033789873
0.24551300052553415
0.20860899984836578
0.19077099952846766
0.20093399938195944
0.19118699990212917
0.19229899998754263
0.19104399997740984
0.19251600001007318
0.19139599986374378
0.19020000007003546
0.21425600070506334
0.18726699985563755
0.20850299950689077
0.19110599998384714
0.18945700023323298
0.20871199946850538
0.18804699927568436
0.08677100017666817
0.07778399996459484
0.10116899944841862
0.13466200046241283
0.21309599932283163
0.2122989995405078
0.19117499981075525
0.2102550007402897
0.18341000005602837
0.09437699988484383
0.12853499967604876
0.18842099979519844
0.19228400010615587
0.18899499997496605
0.18769599962979555
0.19570299983024597
0.19248699955642223
0.19033699948340654
0.18258100003004074
0.20474399998784065
0.18764400016516447
0.1919750003144145
0.18295700009912252
0.07974699977785349
0.10218399949371815
0.18320500012487173
0.18255299981683493
0.24295499920845032
0.21410199999809265
0.18539899960160255
0.1842199992388487
0.18055099993944168
0.20430099964141846
0.18879300076514482
0.18435199931263924
0.18500700034201145
0.18714699987322092
0.20245000068098307
0.20370700024068356
0.1919470001012087
0.20241000037640333
0.18354300037026405
0.08940300066024065
0.08045000024139881
0.09686799999326468
0.09776599984616041
0.2057429999113083
0.18714400008320808
0.07841300033032894
0.09992399998009205
0.23959499970078468
0.18151700031012297
0.2038780003786087
0.1775160003453493
0.18428600020706654
0.20411800034344196
0.18085600063204765
0.1815399993211031
0.18928600009530783
0.18870999943464994
0.22507099993526936
0.2186879999935627
0.19132900051772594
0.20552099961787462
0.19824600033462048
0.1882659997791052
0.21418899949640036
0.20065199956297874
0.19754300080239773
0.21244699973613024
0.19086499977856874
0.22350999992340803
0.2135800002142787
0.19150499999523163
0.21133399941027164
0.19502999912947416
0.19163900054991245
0.1892689997330308
0.21958400029689074
0.18592900037765503
0.19179300032556057
0.1923030000180006
0.19216700084507465
0.19557199999690056
0.19615499954670668
0.18683499936014414
0.20906899962574244
0.21050200052559376
0.19320399966090918
0.19229300040751696
0.1926859999075532
0.1985680004581809
0.21169999986886978
0.18966099992394447
0.07312700059264898
0.09021500032395124
0.11865999922156334
0.19781600032001734
0.21076099947094917
0.19274199940264225
0.21689900010824203
0.21288399957120419
0.19380100071430206
0.18697299994528294
0.19017000030726194
0.19480499997735023
0.19463100004941225
0.1949310004711151
0.2028399994596839
0.21067600045353174
0.1921119997277856
0.1920619998127222
0.19229499995708466
0.19094099942594767
0.18878800049424171
0.18904299940913916
0.19002600014209747
0.19755800068378448
0.19280700013041496
0.19616700056940317
0.07529699988663197
0.08596000075340271
0.12717000022530556
0.16203399933874607
0.20430099964141846
0.18870799988508224
0.18573799915611744
0.22030200064182281
0.20868899952620268
0.18688399996608496
0.19058500044047832
0.22242699936032295
0.19068700075149536
0.1887409994378686
0.18575800023972988
0.2089170003309846
0.19126900006085634
0.18671600054949522
0.18982200045138597
0.2182520003989339
0.21068699937313795
0.19501700066030025
0.186383000575006
0.13333200011402369
0.11718699987977743
0.13272800017148256
0.1861970005556941
0.19465399999171495
0.1900789998471737
0.1892330003902316
0.18638600036501884
0.21059999987483025
0.1879219999536872
0.20710099954158068
0.18554299976676702
0.20737599954009056
0.21099199913442135
0.1946179997175932
0.07897299993783236
0.08138000033795834
0.10574700031429529
0.1835229992866516
0.19360699970275164
0.19354400038719177
0.19171599950641394
0.21064499951899052
0.20918199978768826
0.19173100031912327
0.24179300013929605
0.18875000067055225
0.18903999961912632
0.20214900001883507
0.1966739995405078
0.18973099999129772
0.1969539998099208
0.19788999948650599
0.19210000056773424
0.19186699949204922
0.22306400071829557
0.18944399990141392
0.21204300038516521
0.1950239995494485
0.2046579997986555
0.1899919994175434
0.1912519996985793
0.18311600014567375
0.20889199990779161
0.18764299992471933
0.20293600019067526
0.19076200015842915
0.08599099982529879
0.11519800033420324
0.19008999969810247
0.1894889995455742
0.20957500021904707
0.1924219997599721
0.07997599989175797
0.16689899936318398
0.21411200053989887
0.190506000071764
0.19231699965894222
0.19178299978375435
0.1891200002282858
0.20786499977111816
0.18489500042051077
0.18858699966222048
0.1868920000270009
0.19050700031220913
0.19223000016063452
0.19040600024163723
0.1885759998112917
0.20803999993950129
0.19399699941277504
0.20530700031667948
0.189538000151515
0.20399100054055452
0.1846430003643036
0.19883999973535538
0.17896200064569712
0.19978800043463707
0.19866300001740456
0.20996899995952845
0.1833869991824031
0.20232699997723103
0.20745399966835976
0.18138800002634525
0.16970499977469444
0.20236899983137846
0.18101199995726347
0.20049700047820807
0.0719820000231266
0.11342000029981136
0.1839479999616742
0.19917099922895432
0.18600299954414368
0.18506900034844875
0.18057500012218952
0.18623500037938356
0.18249400053173304
0.18626599945127964
0.18257400020956993
0.17751699965447187
0.17777600046247244
0.18400700017809868
0.1788139995187521
0.18778400029987097
0.18498899973928928
0.20281700044870377
0.1839429996907711
0.1804670002311468
0.1808059997856617
0.18921699933707714
0.1833170000463724
0.18319600075483322
0.1814759997650981
0.1810259995982051
0.1826809998601675
0.18557800073176622
0.18290700018405914
0.18518400005996227
0.21326399967074394
0.20123799983412027
0.07602499984204769
0.0866519995033741
0.13607800006866455
0.18794999923557043
0.21114900056272745
0.19390999991446733
0.19391199946403503
0.18778800033032894
0.25523300003260374
0.21045799925923347
0.18948799930512905
0.1828760001808405
0.18720300029963255
0.19197400007396936
0.19050399959087372
0.1874820003286004
0.18655300047248602
0.16606099996715784
0.21569400001317263
0.18898099940270185
0.20320899970829487
0.0819709999486804
0.1137880003079772
0.18246200028806925
0.1897350000217557
0.1892759995535016
0.21411900036036968
0.19330500066280365
0.19615400023758411
0.18748900014907122
0.20898000057786703
0.1907239994034171
0.22081500012427568
0.186081999912858
0.19545000046491623
0.1866490002721548
0.20565100014209747
0.19575899932533503
0.2366680009290576
0.18283900059759617
0.19095700047910213
0.18917200062423944
0.20872299931943417
0.19164100009948015
0.1850590007379651
0.20752799976617098
0.20926899928599596
0.19434399995952845
0.21095100045204163
0.192650000564754
0.17984400037676096
0.18980500008910894
0.19292199984192848
0.18791699968278408
0.1895969994366169
0.19787600077688694
0.19035599939525127
0.1919290004298091
0.22768499981611967
0.20588000025600195
0.19357599969953299
0.2015229994431138
0.21812699921429157
0.18981199990957975
0.18898999970406294
0.2354650003835559
0.21505600027740002
0.21059799939393997
0.18958499934524298
0.19348799996078014
0.1880620000883937
0.1833279998973012
0.2021710006520152
0.1830230001360178
0.19689300004392862
0.20436100009828806
0.09197700023651123
0.18385599926114082
0.18698100000619888
0.21193800028413534
0.1887140003964305
0.21082499995827675
0.07751400023698807
0.09918300062417984
0.15508199948817492
0.18621199950575829
0.07789599988609552
0.11663399916142225
0.18251399975270033
0.18003700021654367
0.18912800028920174
0.17987900041043758
0.18506699986755848
0.09068900067359209
0.13544199988245964
0.1852259999141097
0.18718699924647808
0.1857259999960661
0.18281000014394522
0.19130100030452013
0.18476300034672022
0.17928100004792213
0.18203299958258867
0.10169100016355515
0.18939199950546026
0.18213799968361855
0.20041800010949373
0.1806039996445179
0.18446500040590763
0.18120200000703335
0.20609499979764223
0.19679199997335672
0.18369099963456392
0.18900599982589483
0.1823779996484518
0.18026200029999018
0.18238900043070316
0.18414299935102463
0.1822610003873706
0.1832659998908639
0.2045020004734397
0.08693599980324507
0.0791370002552867
0.13131600059568882
0.18803100008517504
0.1783689996227622
0.18728899955749512
0.19141899980604649
0.17726000025868416
0.20185599941760302
0.22304699942469597
0.1863249996677041
0.08630200009793043
0.19370599929243326
0.1876189997419715
0.19436299987137318
0.20850699953734875
0.18581900000572205
0.22242399957031012
0.1896160002797842
0.1858660001307726
0.18936899956315756
0.20292700082063675
0.18954499997198582
0.2146169999614358
0.17495200037956238
0.20123299956321716
0.19067199993878603
0.191792999394238
0.19995800033211708
0.1894869999960065
0.18761400040239096
0.21081900037825108
0.1910659996792674
0.18845799937844276
0.1871650004759431
0.21328100003302097
0.1930599994957447
0.18993100058287382
0.07861099950969219
0.1352829998359084
0.191126000136137
0.19665300007909536
0.20674899965524673
0.18567900080233812
0.18524099979549646
0.19203999917954206
0.18928899988532066
0.1865039998665452
0.1927549997344613
0.18816500063985586
0.18746699951589108
0.1995820002630353
0.18903699982911348
0.1918759997934103
0.19014499988406897
0.22757799923419952
0.20736699923872948
0.18993200082331896
0.18924800027161837
0.1911490000784397
0.24011499993503094
0.19388699997216463
0.18882500007748604
0.18779699970036745
0.10659899935126305
0.08032300043851137
0.07616599928587675
0.07617100048810244
0.08448399975895882
0.0760690001770854
0.0961920004338026
0.13841800019145012
0.19806899968534708
0.18871300015598536
0.18044900055974722
0.18822900019586086
0.20758800022304058
0.20875499956309795
0.1886289995163679
0.18811900075525045
0.22254499979317188
0.1785620003938675
0.203638999722898
0.18275499995797873
0.18319599982351065
0.1844850005581975
0.2014290001243353
0.1862629996612668
0.18632900062948465
0.2152319997549057
0.07530499994754791
0.08472000062465668
0.1171220000833273
0.18753999937325716
0.19263499975204468
0.18775999918580055
0.1868490008637309
0.22682700026780367
0.20499500073492527
0.20748899970203638
0.1865590000525117
0.18691799975931644
0.19293500017374754
0.20060599967837334
0.18782399967312813
0.19587499927729368
0.18672699946910143
0.18847700022161007
0.19268800038844347
0.18816000036895275
0.19177000038325787
0.1878490000963211
0.2072790004312992
0.18846100009977818
0.17927400022745132
0.1891870005056262
0.1959699997678399
0.20955200027674437
0.18559300061315298
0.1850789999589324
0.20023699942976236
0.18875099997967482
0.2057799994945526
0.07456899993121624
0.09237799979746342
0.11561399977654219
0.1876259995624423
0.2162100002169609
0.20502800028771162
0.18805699981749058
0.1844569994136691
0.1873319996520877
0.19290099944919348
0.18683600053191185
0.1877979999408126
0.1840159995481372
0.1898870002478361
0.07897400017827749
0.092956000007689
0.13341900054365396
0.2043819995597005
0.19089099951088428
0.23307199962437153
0.20692000072449446
0.18630299996584654
0.1826860001310706
0.208597999997437
0.19750299956649542
0.18830600008368492
0.18776899948716164
0.18663300015032291
0.1886750003322959
0.18861000053584576
0.1929040001705289
0.19613900035619736
0.1888579996302724
0.20962700061500072
0.20971699990332127
0.18653500080108643
0.18552999943494797
0.21081000007689
0.19490099977701902
0.18645199947059155
0.18811400048434734
0.1888699997216463
0.18240700010210276
0.18496799934655428
0.18926599994301796
0.18518299981951714
0.18840500060468912
0.1874309992417693
0.20905699953436852
0.07191700022667646
0.10825700033456087
0.124613999389112
0.19613600056618452
0.1859150007367134
0.18184599932283163
0.203961000777781
0.19033300038427114
0.1856070002540946
0.20869600027799606
0.1844499995931983
0.1850310005247593
0.1820109998807311
0.18806099984794855
0.18864099960774183
0.21088200062513351
0.20912699960172176
0.1887959996238351
0.1845490001142025
0.19054200034588575
0.20853300020098686
0.19316100049763918
0.18690699990838766
0.18793299980461597
0.20913899969309568
0.18757000006735325
0.1893309997394681
0.21865800023078918
0.18339599948376417
0.1851249998435378
0.18942799977958202
0.19306099973618984
0.18443599995225668
0.18615799956023693
0.19058699999004602
0.18185499962419271
0.20322700031101704
0.1932990001514554
0.18659199960529804
0.08049199916422367
0.10283399932086468
0.20131800044327974
0.18588300049304962
0.18632000032812357
0.2104200003668666
0.1934359995648265
0.18432199954986572
0.13576600048691034
0.11615900043398142
0.21071199979633093
0.18477699998766184
0.19002300035208464
0.19160799961537123
0.1866720002144575
0.18649399932473898
0.18760500010102987
0.22149599995464087
0.1922070002183318
0.19034899957478046
0.18726899940520525
0.0789989996701479
0.08664300013333559
0.16404199972748756
0.18773599993437529
0.19046000018715858
0.18495299946516752
0.1844569994136691
0.19353399984538555
0.18983899988234043
0.22182899992913008
0.19191299937665462
0.23823899962008
0.21063200011849403
0.18597100023180246
0.1857259999960661
0.2292190007865429
0.18834600038826466
0.1879820004105568
0.1881999997422099
0.19196300022304058
0.18608999997377396
0.20306099951267242
0.17778600007295609
0.1918580001220107
0.18862299993634224
0.17907899990677834
0.20510799996554852
0.20017500035464764
0.2112350007519126
0.1797740003094077
0.17944400012493134
0.18439500033855438
0.20100599993020296
0.18240500055253506
0.18014799989759922
0.20599699951708317
0.18200899939984083
0.1897049993276596
0.18814300000667572
0.18945199996232986
0.18879499938338995
0.18715700041502714
0.20620399992913008
0.18012200016528368
0.18400599993765354
0.1777929998934269
0.2027740003541112
0.17945600021630526
0.1863959999755025
0.19150300044566393
0.20126800052821636
0.1799940001219511
0.21025799959897995
0.20095300022512674
0.18361099995672703
0.18309800047427416
0.18357899971306324
0.20166700053960085
0.18122200015932322
0.18660599924623966
0.18309800047427416
0.18697099946439266
0.1879009995609522
0.18513800017535686
0.18439599964767694
0.1883930005133152
0.20468600001186132
0.19117899984121323
0.20361500047147274
0.20482799969613552
0.19282899983227253
0.1927740005776286
0.08483499940484762
0.10325799975544214
0.18329000007361174
0.18698699958622456
0.23074799962341785
0.1861939998343587
0.18811600003391504
0.18967900052666664
0.18660600017756224
0.2316930005326867
0.18322100024670362
0.18605100084096193
0.18765099998563528
0.20887400023639202
0.18637700006365776
0.1833170000463724
0.20200200006365776
0.1983130006119609
0.18668500054627657
0.19472000002861023
0.21159500069916248
0.1966770002618432
0.2061239993199706
0.1928299991413951
0.1860290002077818
0.19206999987363815
0.1842709993943572
0.18400700017809868
0.18839799985289574
0.1853749994188547
0.20028499979525805
0.20398699957877398
0.18593600019812584
0.18872200045734644
0.20708500035107136
0.190824999473989
0.18961500003933907
0.1882659997791052
0.18080000020563602
0.19921499956399202
0.18123400025069714
0.18428700044751167
0.08079299982637167
0.10329500027000904
0.1531449994072318
0.20203700009733438
0.17856999952346087
0.18558499962091446
0.17866999935358763
0.18575199972838163
0.1844839993864298
0.18240899965167046
0.1825390001758933
0.18019000068306923
0.1868019998073578
0.19182599987834692
0.18002299964427948
0.1815269999206066
0.18029699940234423
0.1883279997855425
0.1810910003259778
0.19359900057315826
0.1999860005453229
0.18090600054711103
0.1832940001040697
0.19671700056642294
0.19738500006496906
0.18071800004690886
0.20144999958574772
0.18216400034725666
0.19969500042498112
0.1831189999356866
0.1805560002103448
0.18163400050252676
0.18550399970263243
0.1696540005505085
0.18128699995577335
0.18303699977695942
0.18075199984014034
0.17867800034582615
0.19064099993556738
0.17926600016653538
0.18356600031256676
0.18254799954593182
0.18147500045597553
0.1823549997061491
0.18455199990421534
0.20036299992352724
0.18709800019860268
0.18214699998497963
0.18046599999070168
0.1828650003299117
0.20013200026005507
0.18356999941170216
0.07812399975955486
