9.61432000005152
0.757660000002943
0.883555999957025
0.8192120000021532
0.7734369999961928
0.6917759999632835
0.6649739999556914
0.7309829998994246
0.8228799999924377
0.5703749998938292
0.7097840000642464
0.6052170000039041
0.6487590000033379
1.7014200000558048
0.7401250000111759
0.6029560000170022
0.5613799999700859
0.5115719999885187
0.7316350000910461
0.6864599999971688
0.6030189999146387
0.5391839999938384
0.5360329999821261
0.5591390000190586
0.5217320000519976
0.7740589999593794
0.5173369999974966
0.5782369999215007
0.5025390000082552
0.5270369999343529
0.5037430000957102
0.6156039999332279
0.6042129999259487
0.5544859999790788
0.6556870000204071
0.47405299998354167
0.5899719999870285
0.5137389999581501
0.5344650000333786
0.613056999980472
0.5987560000503436
0.6200299999909475
0.8353989999741316
0.6973149999976158
0.6389089999720454
0.6070080000208691
0.6293420000001788
0.5881539999973029
0.6981750000268221
0.5189280000049621
0.7556570000015199
0.5612490000203252
0.5367689999984577
0.48821500001940876
0.4801440000301227
0.521212000050582
0.7671460000565276
0.5217910000355914
0.5253100000554696
0.5593609999632463
0.6159179999958724
0.808921999996528
0.697188000078313
0.6028379999333993
0.5458060000091791
0.8958280000369996
0.5414609999861568
0.7601819999981672
0.6610479999799281
0.6708980000112206
0.5343169999541715
0.5119740000227466
0.6674579998943955
0.6202259999699891
0.6092779999598861
0.6455779999960214
0.6751790000125766
1.2300800000084564
3.047859000042081
1.0479170000180602
0.5593980000121519
1.7488390000071377
1.0244020000100136
0.7560870000161231
0.6626639999449253
0.7048590000486001
0.5788679999532178
0.6507670000428334
0.564312000060454
0.4744459999492392
0.48481799999717623
0.6520360000431538
0.496824000030756
0.4875310000497848
2.1620610000099987
0.5270219999365509
0.8468730000313371
0.6414400000358
0.5174950000364333
0.6475979998940602
0.7816519999178126
0.5206059999763966
0.5238520000129938
0.5358580000465736
0.571062000002712
0.702151000034064
0.6826870000222698
0.6369950000662357
0.6349519999930635
0.6253290000604466
0.614867000025697
0.5669980000238866
0.621049000066705
0.7683259999612346
0.8146460000425577
0.5593959999969229
0.5796639999607578
0.6003849999979138
0.46520800003781915
0.5891079999273643
0.5304809999652207
0.6930449999636039
0.651772000011988
0.6397110000252724
0.629941999912262
0.7565660000545904
0.5461529999738559
0.6459389999508858
0.6511989999562502
0.7940579999703914
0.8812209999887273
0.7092999999877065
0.6690700000617653
0.7316150000551715
0.6930060000158846
0.7178169999970123
0.6215549999615178
0.669694000040181
0.7256960000377148
0.5351240000454709
0.555434999987483
0.6371529999887571
0.666732000070624
0.5471149999648333
0.5836400000844151
0.5501409999560565
0.5816660000709817
0.5288889999501407
0.6453089999267831
0.7929799999110401
0.5650730000343174
0.5053230000194162
0.5726199999917299
0.623918000026606
0.6980789999943227
0.7681319999974221
0.7085390000138432
0.5233920000027865
0.6945309999864548
0.716457000002265
0.5085400000680238
0.5180199999595061
0.5147620000643656
0.5806079999310896
0.5913060000166297
0.4694950000848621
0.638325999956578
0.563323000096716
0.49559200007934123
0.5727440000046045
0.6381729999557137
0.55265500000678
0.5450999999884516
0.483888000017032
0.6679889999795705
0.5385960000567138
0.5314009999856353
0.49094599997624755
0.5043700000969693
0.4855799999786541
0.5066320000914857
0.4937930000014603
0.4681929999496788
0.4428770000813529
0.6358509999699891
0.6076129999710247
0.6693489999743178
0.4468089999863878
0.5006789999315515
0.6612100000493228
0.5517910000635311
0.44748299999628216
0.7290629999479279
0.4696070000063628
0.4975199999753386
0.742939000017941
0.5057289999676868
0.6585999999660999
0.6148930001072586
0.6176080000586808
0.7828009999357164
0.680604999884963
0.4959420000668615
0.4551929999142885
0.6655089999549091
0.8401629999279976
0.5955330000724643
0.6657399998512119
0.6214880000334233
0.7836029999889433
0.7849110001698136
0.6353360000066459
0.7163929999805987
0.7932539999019355
0.4689370000269264
0.6196520000230521
0.7660880000330508
0.6158509999513626
0.4631560000125319
0.5607600000221282
0.7107329999562353
0.6563699999824166
0.6600699999835342
0.6999359999317676
0.7301130001433194
0.5601960001513362
0.6292640001047403
0.5580670000053942
1.329454000107944
0.676647000014782
0.7865760000422597
0.5312999999150634
0.5429589999839664
0.8976910000201315
0.5071410001255572
0.4797319998033345
0.6279929999727756
0.44931799988262355
0.5932259999681264
0.5625509999226779
0.457179999910295
0.5261909998953342
0.621644000057131
0.6691749999299645
1.1702449999284
0.43195100012235343
0.5678179999813437
0.5457069999538362
0.6357629999984056
0.4856389998458326
0.7126990000251681
0.5668629999272525
0.4387529999949038
0.4797559999860823
0.7143540000542998
0.7009529999922961
0.5406820001080632
0.43765400000847876
0.49794399994425476
0.5728320002090186
0.6744630001485348
0.547717000124976
0.7470599999651313
0.5755660000722855
0.5131759999785572
0.47611299995332956
0.6262880000285804
0.6490529999136925
0.495632000034675
0.5458370000123978
0.5930689999368042
0.7198980001267046
0.896350999828428
0.5551609999965876
0.45532800001092255
0.4746830000076443
0.5556250000372529
0.7651609999593347
0.6700969999656081
0.5502100000157952
0.6221780001651496
0.5455440001096576
0.44810199993662536
0.5543460000772029
0.6886059998068959
0.43241100013256073
0.5850009999703616
0.5149580000434071
0.7251270001288503
0.7377679999917746
0.47667200001887977
0.4853750001639128
0.5246270000934601
0.5722030000761151
0.43625500006601214
0.6841559999156743
0.6633850000798702
0.5340130000840873
0.5004310000222176
0.5098689999431372
