3.118807000108063
0.674919999204576
1.8300510002300143
1.8619839996099472
1.821496999822557
1.8623989997431636
1.8619030006229877
1.809030999429524
2.7360340002924204
0.8990199994295835
1.723135999403894
1.7549250004813075
1.7238330002874136
1.6128630004823208
1.697936000302434
1.709892999380827
0.5130389994010329
1.6383659997954965
1.6374760000035167
1.6132140001282096
1.603803999722004
1.619284000247717
1.5835279999300838
1.5822520004585385
1.574684999883175
1.6282970001921058
1.5590249998494983
1.5986510002985597
1.5823739999905229
1.647601000033319
1.5586830005049706
1.5961050000041723
1.654725999571383
1.5742379995062947
2.1934329997748137
1.591869999654591
1.5926380008459091
1.611587000079453
1.6320639997720718
1.6272710002958775
1.5701390001922846
1.5976029997691512
1.580277000553906
1.6151040000841022
1.5636519994586706
1.536027000285685
1.5533779999241233
1.5819319998845458
1.6183259999379516
1.598156999796629
1.5395229998975992
1.5770060000941157
1.5949529996141791
1.580345000140369
1.5726009998470545
1.5595410000532866
10.94168599974364
0.47655600029975176
1.4911540001630783
1.5142950005829334
1.5698130000382662
1.4915439998731017
1.503002000041306
0.6303019998595119
1.5497899996116757
1.527110000140965
1.5455010002478957
1.542765999212861
1.5068589998409152
1.51059400010854
1.5066790003329515
1.4952720003202558
0.4322589999064803
1.5538699999451637
1.5145979998633265
1.5013480000197887
1.5104750003665686
1.5587060004472733
1.5382189992815256
0.397647000849247
1.4922820003703237
1.4797539999708533
0.43890300020575523
1.4728450002148747
1.5629160003736615
1.5588110005483031
1.5535580003634095
1.4678699998185039
1.5662740003317595
1.496619999408722
1.4770170003175735
1.54942199960351
1.4875559993088245
1.4813970001414418
0.5407389998435974
1.503446999937296
1.5072579998522997
1.5083480002358556
1.5231710001826286
1.5265859998762608
1.5264079999178648
1.5414800001308322
1.5056879995390773
1.5025809993967414
1.5194010008126497
1.5070230001583695
1.5124709997326136
1.521509999409318
1.4980239998549223
1.5533380005508661
1.4951080000028014
0.43350400030612946
1.2216199999675155
1.4959379993379116
1.4805239997804165
1.513957000337541
1.4860460003837943
1.5087959999218583
1.5205000005662441
1.4955959999933839
1.4785930002108216
1.4811289999634027
1.503817000426352
1.5260950000956655
1.481594999320805
1.5312599996104836
1.5445600003004074
1.5674949996173382
1.5001240000128746
4.760486000217497
0.9756020000204444
1.4307509995996952
1.4559430005028844
1.4369339998811483
1.451537000015378
1.5115160001441836
1.4662959994748235
1.4756640000268817
1.4429020006209612
1.462123000063002
1.4577130004763603
1.4337050002068281
0.4268479999154806
0.7799100000411272
1.4293299997225404
1.43989900033921
1.434243000112474
1.4579629991203547
0.6197620006278157
1.4528379999101162
1.4334669997915626
1.441135000437498
1.4430229999125004
1.4896290004253387
1.438475999981165
1.423615999519825
1.4722459996119142
1.4383160006254911
1.4413459999486804
1.4990329993888736
1.4279289999976754
1.4450170006603003
1.4372510006651282
1.4308360004797578
1.4315179996192455
1.482456000521779
1.4444360006600618
1.5014629997313023
1.4689520001411438
1.4716130001470447
1.4814240001142025
1.4307719999924302
1.4680880000814795
1.4446210004389286
0.38971100002527237
0.6056659994646907
1.4374970002099872
1.4373710006475449
1.4099430004134774
1.4448520001024008
1.4320710003376007
1.4421520000323653
1.4551300005987287
1.5001539997756481
1.4179719993844628
1.459507000632584
1.4502890007570386
1.4769800007343292
1.4439510004594922
1.4323720000684261
1.491987000219524
1.4194390000775456
1.4293789993971586
1.4481179993599653
1.4881149996072054
1.4430350000038743
1.4527199994772673
1.4284500004723668
0.41238800063729286
1.4900719998404384
1.4435620000585914
1.4764700001105666
1.4747400004416704
1.4366680001839995
0.3992330003529787
1.1296290000900626
1.4384909998625517
1.4411969995126128
1.4501470001414418
1.4973659999668598
1.4470870001241565
1.443703000433743
1.4540179995819926
1.4460110003128648
2.212851000018418
1.4626270001754165
1.4883690001443028
3.7091629998758435
1.3149480000138283
1.4235779996961355
5.373910999856889
0.5076249996200204
1.3897959999740124
1.4431980000808835
1.457387000322342
1.436116000637412
1.3806029995903373
2.2545509999617934
1.440604000352323
1.3754920000210404
1.4284830000251532
1.3804390002042055
1.4215409997850657
1.417922000400722
1.395746000111103
1.3763869991526008
1.4676299998536706
2.6245349999517202
1.4182360004633665
1.4115540003404021
0.3728410005569458
0.5627790000289679
2.37005199957639
1.3654129998758435
1.3814340000972152
1.37967099994421
0.4990659998729825
1.456168000586331
2.1521800002083182
0.7918490003794432
1.5302380006760359
1.577058999799192
1.5034030005335808
2.4490149999037385
1.5607699993997812
1.64620800036937
1.5521210003644228
1.4999620001763105
1.5121079999953508
1.4977620001882315
1.5320910001173615
1.5546679999679327
1.5387699995189905
1.5734919998794794
1.5593870002776384
1.5294949999079108
1.5278900004923344
1.5586600005626678
1.5378840006887913
1.4996960004791617
1.5330760003998876
0.43757700081914663
1.5073619997128844
1.4965169997885823
1.5107199996709824
1.5081960000097752
1.5493410006165504
1.5161530002951622
1.5727860005572438
1.5528939999639988
1.5110780000686646
1.5569759998470545
1.4975219992920756
7.671086000278592
1.6664159996435046
1.67367900069803
1.472856999374926
1.5222070002928376
1.5206119995564222
1.440438000485301
1.4804279999807477
1.44476000033319
1.4702380001544952
1.486204999499023
1.4531049998477101
1.5030319998040795
1.4508210001513362
0.5936239995062351
1.5076059997081757
0.9043910000473261
1.4714090004563332
1.472651000134647
0.4902699999511242
1.5104700000956655
1.4929969999939203
1.4403979992493987
1.4925330001860857
1.4584710001945496
1.5099889999255538
1.4817789997905493
1.464835999533534
1.5226960005238652
1.448882999829948
1.477140000090003
1.4551900001242757
1.465981999412179
1.4885760005563498
1.4753930000588298
1.4858879996463656
10.938787000253797
0.44734800048172474
1.3979630004614592
1.4517719997093081
1.4314840007573366
1.3978270003572106
2.2935720002278686
0.8865530006587505
1.4395479997619987
1.4489449998363853
1.410151000134647
1.4713679999113083
1.4031990002840757
1.4423400005325675
1.400789000093937
1.414788999594748
1.425106999464333
1.4566599996760488
0.4847050001844764
0.7469619996845722
1.4496560003608465
1.4146790001541376
1.4214530000463128
1.3987630000337958
1.400174000300467
2.2677849996834993
1.4136889996007085
1.428927999921143
1.4198280004784465
1.4109279997646809
1.418915000744164
1.409698000177741
1.4181220000609756
1.4000909999012947
1.404645999893546
1.4333920003846288
1.4471690002828836
1.4034159993752837
1.3928549997508526
1.3958029998466372
1.4964199997484684
0.73051100037992
1.4866300001740456
1.445388000458479
1.4267990002408624
1.4089259998872876
1.4046769998967648
1.4215770000591874
1.4048339994624257
1.461697000078857
1.4067630004137754
1.4474599994719028
1.455765999853611
1.3916750000789762
1.4277280000969768
2.410614000633359
1.4034070000052452
1.4020560001954436
1.4685169998556376
1.4197740005329251
4.319283999502659
0.7079980000853539
0.6980309998616576
1.4041960006579757
1.4024269999936223
1.405468000099063
1.37043600063771
1.3764040004462004
1.3761779991909862
0.6501099998131394
1.43917699996382
1.3760859994217753
1.4248069999739528
1.3970360001549125
1.410805999301374
1.4462599996477365
1.3541710004210472
1.4166810000315309
1.4028770001605153
1.379174000583589
1.393269999884069
1.3712550001218915
1.3945890003815293
1.4730879999697208
1.3704460002481937
1.4278219994157553
1.4506050003692508
1.4021319998428226
1.4036349998787045
1.3926609996706247
1.3872589999809861
1.432770000770688
1.3703919993713498
3.167490999214351
0.6752619994804263
1.4350529992952943
1.4651170000433922
1.4238560004159808
0.5346160000190139
0.7264559995383024
1.3815780002623796
1.3627199996262789
1.4402189999818802
1.3807859998196363
1.3601420000195503
1.398918000049889
1.3632199997082353
1.3602379998192191
1.3902460001409054
1.4517479995265603
1.366173000074923
1.4366629999130964
1.364486999809742
1.355587000027299
1.3672620002180338
1.3719629999250174
1.3502500001341105
1.4016510006040335
1.4369890000671148
1.4036870002746582
1.3940589996054769
1.3915299996733665
1.4150879997760057
1.4196069994941354
1.369277000427246
1.3652020003646612
1.3745889998972416
1.4179279999807477
1.4241530001163483
1.3852850003167987
1.3986839996650815
1.438153000548482
1.3799790004268289
1.398726999759674
1.4209770001471043
1.422070000320673
1.3940889993682504
1.412596999667585
1.3755729999393225
1.3889100002124906
0.3766710003837943
0.8626880003139377
1.3918400006368756
1.3825810002163053
1.3770990008488297
1.4197840001434088
0.6166379991918802
1.4036539997905493
1.3727660002186894
1.3657660000026226
1.466984000056982
1.4372190004214644
1.3636609995737672
0.37604499980807304
0.7462189998477697
0.5749479997903109
1.460372000001371
1.3801570003852248
1.4422300001606345
1.443585000000894
1.3576570004224777
1.3684930000454187
1.420061000622809
1.4281240003183484
1.3485810002312064
1.386514000594616
1.4034829996526241
1.3692839993163943
1.3646499998867512
1.3863679999485612
5.308249000459909
0.5448739994317293
1.3684670003131032
1.3524860003963113
1.3291959995403886
1.4287179997190833
1.412058999761939
1.3552959999069571
1.4313519997522235
1.3352149995043874
3.090746999718249
0.6129520004615188
1.3209179993718863
1.3734530005604029
1.3486670004203916
1.3817670000717044
1.321233999915421
1.3374600000679493
1.330599999986589
1.337921000085771
1.3447240004315972
1.4185870001092553
1.3509820001199841
1.339575999416411
1.3240819992497563
1.4226019997149706
1.3516730004921556
2.7257780004292727
1.3217919999733567
1.3291960004717112
1.4559160005301237
1.3770659994333982
1.4058399992063642
1.3474389994516969
1.348292000591755
1.3331249998882413
1.3846479998901486
1.3236210001632571
1.370236000046134
1.344366000033915
1.3323320001363754
1.3670979999005795
1.3209109995514154
1.3675199998542666
1.3341359999030828
1.3339170003309846
0.44144999980926514
0.8283529998734593
1.3358189994469285
1.3242170000448823
0.8734999997541308
1.3122960003092885
1.377055000513792
1.33237100020051
1.3041449999436736
1.3452699994668365
1.333432000130415
1.3702520001679659
1.3266860004514456
1.3298249999061227
1.3362539997324347
1.3420359995216131
1.336315999738872
1.3312220005318522
1.3292620005086064
1.3450719993561506
1.352684000506997
1.3929810002446175
1.3322289995849133
1.376587999984622
1.3241719994693995
1.355791000649333
1.3726159995421767
1.3877590000629425
1.3472900008782744
1.3380559999495745
1.379495999775827
1.3126610005274415
1.3354380000382662
1.381080999970436
1.3106510005891323
1.417947000823915
1.3488780008628964
1.3165039997547865
1.3110839994624257
1.317208000458777
1.3258600002154708
1.3155880002304912
1.3394519994035363
1.3079670006409287
1.3258710000663996
1.356046000495553
1.3454579999670386
1.9499890003353357
1.3244409998878837
1.3377959998324513
1.2971060005947948
1.3243789998814464
1.3116120006889105
1.3503739992156625
1.3458310002461076
1.3028159998357296
1.345602000132203
0.6198720000684261
1.3119079992175102
1.3013739995658398
1.3473999993875623
1.3005229998379946
1.3265890004113317
1.3281429996713996
1.3776179999113083
1.3271579993888736
0.38401000015437603
1.3154450003057718
1.41720400005579
1.3246360002085567
1.3115900000557303
1.3521839994937181
1.3464289996773005
1.3266929993405938
1.3750099996104836
1.297681000083685
1.3267139997333288
1.373594000004232
1.3527990002185106
1.3008260000497103
1.360504999756813
1.3109190007671714
1.3211719999089837
1.3724569994956255
1.3199669998139143
1.3931120000779629
1.3197419997304678
1.3597630001604557
1.355952000245452
1.347151999361813
1.331682000309229
1.3341380003839731
1.31986799929291
1.319361999630928
1.31759599968791
1.3699740003794432
1.3498320002108812
1.3827280001714826
1.3998539997264743
0.5652169995009899
1.367353000678122
1.3137410003691912
1.3384859999641776
1.32279699947685
1.358164000324905
0.6816499996930361
0.5167450001463294
1.324328999966383
1.381508999504149
1.331857000477612
1.3189140008762479
1.307900999672711
1.3300879998132586
1.348734000697732
1.3362530004233122
2.73700900003314
0.5447720000520349
1.3336089998483658
1.3266130005940795
1.3195960000157356
1.304152000695467
1.3780760001391172
1.3409110000357032
1.3406380005180836
1.319438999518752
1.9027199996635318
1.3441959992051125
1.3429539995267987
1.305120000615716
1.3634059997275472
1.3439170001074672
1.3054719995707273
1.3219180004671216
1.3225180003792048
1.3087349999696016
1.2976299999281764
1.3074710005894303
1.30029399972409
1.3088890006765723
0.8858179999515414
1.306045999750495
1.3614529995247722
1.3043200001120567
1.3564179996028543
1.3129430003464222
1.3221989991143346
1.3044549999758601
0.40407100040465593
1.2823170004412532
1.313625999726355
1.3285089991986752
1.2968520000576973
1.297363999299705
1.3618200002238154
0.7085330002009869
1.306347000412643
1.311629000119865
0.9965259991586208
1.3224029997363687
1.3116669999435544
1.311506999656558
1.3118979996070266
7.798681000247598
0.3803420001640916
1.3393559996038675
1.3218970000743866
1.2683260003104806
1.29192900005728
1.2813519993796945
1.2796839997172356
1.3140930002555251
1.261145000346005
1.3553650006651878
1.26615499984473
1.3189440006390214
1.271623999811709
1.2753699999302626
1.2942599998787045
1.2829010002315044
1.2817510003224015
1.2895400002598763
1.2667690003290772
1.2747250003740191
1.3156650001183152
1.3269940000027418
1.2787300003692508
1.3268830003216863
1.2658599996939301
1.2906479993835092
1.2876849994063377
1.3120309999212623
1.311773999594152
1.2759440001100302
1.2972740000113845
1.295020000077784
1.1609840001910925
1.2812909996137023
1.2819430008530617
1.3114000000059605
1.2851619999855757
1.33237100020051
1.3110969997942448
1.3013900006189942
1.2949050003662705
0.42807199992239475
1.3028650004416704
1.2987599996849895
1.2634409992024302
1.4096470000222325
1.265833000652492
0.6041709994897246
1.2783789997920394
1.2737050000578165
1.321411999873817
1.2816810002550483
1.286256999708712
1.283805999904871
1.2864459995180368
1.2648200001567602
1.2544849999248981
1.270487000234425
1.3105359999462962
1.2730420008301735
1.2703630002215505
1.2656899997964501
1.2849620003253222
1.2905419999733567
1.3410379998385906
1.304459000006318
1.2959670005366206
0.38037300016731024
1.3000069996342063
2.0280959997326136
1.3275650003924966
1.3275119997560978
1.3304509995505214
1.2978860000148416
2.338279999792576
0.7109690001234412
1.2777120005339384
1.2814689995720983
1.161264999769628
1.3226279998198152
1.272886000573635
1.2509860005229712
1.2614200003445148
1.2951560001820326
1.2593560004606843
1.27129300031811
0.34355599991977215
4.183011000044644
0.8151190001517534
1.255371999926865
1.294624999165535
1.3012610003352165
1.2642630003392696
1.3138589998707175
3.160342000424862
0.6952290004119277
1.3131470000371337
1.2564209997653961
1.2466270001605153
1.2781330002471805
1.2603000001981854
1.2696230001747608
0.4221639996394515
1.2887380002066493
0.6533829998224974
1.25080700032413
1.3222129996865988
1.252818999812007
1.3288869997486472
1.262466000393033
0.4708890002220869
1.272427000105381
1.3427299996837974
1.2755420003086329
1.275772999972105
1.3143229996785522
1.2834600005298853
1.2739099999889731
1.2452349998056889
1.2553849993273616
1.2342719994485378
1.245935999788344
1.2492700004950166
1.256802000105381
1.250971999950707
1.2400869997218251
1.2488639997318387
1.275615000165999
4.415769999846816
0.7723610000684857
1.2384770000353456
1.2877979995682836
1.2315699998289347
1.256046999245882
1.2592869997024536
1.2700500003993511
1.2715720003470778
1.2421920001506805
1.301714999601245
1.280647000297904
1.2794650001451373
1.2939480002969503
1.3206320004537702
1.2524050008505583
1.3133040005341172
1.262198000214994
1.1550569999963045
1.3403859995305538
1.3062340002506971
1.25552099943161
1.2742539998143911
1.3273169994354248
1.3171609994024038
0.7111229998990893
0.8207120001316071
1.4280789997428656
1.4078040001913905
1.4433359997346997
1.433042999356985
1.4333620006218553
1.3253480000421405
0.740744000300765
1.395732999779284
1.4124459996819496
1.4169899998232722
1.4720049994066358
1.4264240004122257
1.3799869995564222
1.4462000001221895
1.3918840000405908
1.3913589995354414
1.3791400007903576
1.3820719998329878
1.4483329998329282
1.3812999995425344
1.3826409997418523
1.4729519998654723
1.3841890003532171
1.4257629998028278
1.3969310000538826
1.4254850000143051
1.3993300003930926
1.4349239999428391
0.5573789998888969
1.3766270000487566
1.4023719998076558
0.5548479994758964
1.441155000589788
1.4178449995815754
1.4055920001119375
1.5583830000832677
2.873925999738276
0.6085550002753735
1.3904109997674823
1.4263850003480911
1.3896639999002218
1.3619729997590184
1.3862890005111694
1.3771540001034737
1.3954169992357492
1.376884000375867
1.3935799999162555
1.3802829999476671
1.0792389996349812
1.454874999821186
1.405443999916315
0.3877060003578663
1.1099459994584322
1.3856949992477894
1.3614119999110699
1.3940030001103878
1.4233680004253983
1.3703279998153448
1.368189999833703
1.4240250000730157
1.413689000532031
2.3015390001237392
0.6501660002395511
1.3547269999980927
1.4021129999309778
1.3538699997588992
1.4562980001792312
1.3882140005007386
10.644475999288261
0.3712020004168153
0.4693809999153018
1.3163789995014668
1.269501999951899
1.2970070000737906
1.3312790002673864
1.3347129998728633
1.3029269995167851
1.3105070004239678
1.3142069997265935
1.301660000346601
1.2834129994735122
1.3968980005010962
1.2779569998383522
1.3553710002452135
1.3228040002286434
1.2882610000669956
1.3402909999713302
1.338680999353528
0.3469400005415082
1.2764410004019737
1.2833619993180037
1.2734129996970296
1.3262209994718432
1.2874180004000664
1.278982000425458
1.2950559994205832
1.3259810004383326
1.2642649998888373
1.3199239997193217
1.2671960005536675
1.2695559998974204
1.2945349998772144
1.287181000225246
1.3279999997466803
1.2885029995813966
1.264601000584662
1.2829619999974966
1.2847710000351071
1.2900800006464124
1.2709539998322725
1.2811389993876219
1.3248340003192425
1.3177129998803139
1.31542900018394
1.303150000050664
1.2965540001168847
3.2545930007472634
0.6667309999465942
1.2790599996224046
1.3245350001379848
1.2808629991486669
1.3149739997461438
1.3157029999420047
1.321055999957025
1.2894150000065565
1.3204240007326007
1.2816359996795654
4.1533920001238585
0.6378330001607537
1.256873999722302
1.2738870000466704
1.8522259993478656
3.326922000385821
1.2826079996302724
1.2646259991452098
0.5440500006079674
1.2987079992890358
1.2146000005304813
1.2370999995619059
1.2829080000519753
1.2357779992744327
1.229186000302434
1.2825720002874732
1.2420150004327297
0.3895119996741414
0.7910550003871322
1.675033999606967
0.537177000194788
1.1121570002287626
0.35434400010854006
1.2942409999668598
1.2128120008856058
1.2212730003520846
1.222240999341011
1.231767000630498
1.2657410008832812
1.2021210007369518
1.2238210001960397
1.2911749994382262
1.2278549997135997
1.2325769998133183
1.273871999233961
1.229251000098884
1.2305779997259378
5.126166000030935
0.6369430003687739
1.2647100007161498
1.2606829991564155
1.3095140000805259
1.3043019995093346
1.2766220001503825
1.2295280005782843
1.2221589991822839
1.2384839998558164
1.2113129999488592
1.2668580003082752
1.2141330000013113
1.2584159998223186
1.3852989999577403
1.246829000301659
1.2459899997338653
1.2666969997808337
1.315204999409616
1.2286509992554784
3.7355629997327924
0.5831300001591444
1.2307259999215603
1.2298299996182323
1.2859789999201894
1.2346830004826188
1.288747999817133
1.2215459998697042
1.262974999845028
1.2898580003529787
1.203571000136435
1.218902999535203
1.2564129997044802
1.3210399998351932
1.2041000006720424
1.2798379994928837
1.2774299997836351
1.284141999669373
1.222277999855578
1.3371900003403425
0.9123269999399781
0.634595999494195
1.240888999775052
1.2143310001119971
1.2939130002632737
1.3405730007216334
1.301380000077188
0.8482959996908903
1.0191219998523593
1.2783559998497367
1.2105609998106956
1.204105000011623
1.1968639995902777
1.2264939993619919
1.3316290006041527
1.197600000537932
1.24197500012815
1.126842999830842
1.2931310003623366
1.2556630000472069
1.2125749997794628
1.2767110001295805
1.576414999552071
0.6052419999614358
1.2797130001708865
1.2658169995993376
0.6533789997920394
1.332264999859035
1.25069999974221
1.3009810000658035
1.2214819993823767
4.5207919999957085
1.2012129994109273
1.2709670001640916
5.162485000677407
0.5618310002610087
1.2911500008776784
1.2466950006783009
1.1768060000613332
1.27411700040102
1.2393640000373125
1.182807999663055
1.2069000005722046
1.1803700001910329
1.2142270002514124
1.3083610003814101
1.2282889997586608
1.170545999892056
1.3521680003032088
1.1720120003446937
1.256407999433577
1.1898500006645918
1.2095219995826483
1.1839149994775653
1.1884249998256564
1.2090499997138977
1.2339110001921654
1.201983000151813
4.916214000433683
0.7798819998279214
1.2133759995922446
0.32930799946188927
1.1473170006647706
1.1695799995213747
1.2122250003740191
1.1858790004625916
1.1650939993560314
1.2077250005677342
1.1881740000098944
1.1555869998410344
1.2180220000445843
1.2201789999380708
1.2219239994883537
1.234641999937594
1.170816999860108
1.169480999931693
0.6609700005501509
1.1710870005190372
1.2203810000792146
1.1826820001006126
1.1702379994094372
1.1836900003254414
1.1661120001226664
1.1885179998353124
1.2843819996342063
0.510160000063479
1.168792000040412
1.179461999796331
1.231898999772966
1.2020959993824363
1.1659800000488758
0.5239000003784895
1.0936659993603826
1.1822760002687573
1.175344000570476
1.19720199983567
1.2253959998488426
1.1742389993742108
1.1943029994145036
1.188306000083685
1.2122390000149608
1.1662100004032254
1.1869919998571277
0.3452019998803735
0.5633389996364713
1.215774000622332
1.2344849994406104
1.1534719998016953
1.1823500003665686
1.1868600007146597
1.1744299996644258
1.168906000442803
1.1896299999207258
1.1739360000938177
1.1699190000072122
1.2101020002737641
1.1942150006070733
1.1572810001671314
1.1992219993844628
1.176188999786973
1.1862019998952746
1.181644999422133
1.2039009993895888
1.167094999924302
1.1852169996127486
1.2001780001446605
1.887265999801457
1.1492450004443526
0.423488000407815
1.1796730002388358
1.1684450004249811
1.2159169996157289
1.1538140000775456
1.1787059996277094
1.1674480000510812
0.7973160007968545
1.206525000743568
1.177097000181675
1.0666769994422793
1.1647589998319745
1.1875609997659922
1.1444880003109574
1.1654120003804564
1.2048510005697608
1.1675659995526075
1.22269899956882
1.1809760006144643
1.1466720001772046
1.1852949997410178
1.2247720006853342
1.1594580002129078
1.182251000776887
1.148916999809444
1.149113000370562
1.1892700009047985
0.46003099996596575
1.1711940001696348
1.1858370006084442
1.1686810003593564
1.2253539999946952
1.1613260004669428
1.2119080005213618
1.1969440001994371
1.1841529998928308
1.1065919995307922
1.1653709998354316
1.149443999864161
1.235419999808073
1.1581429997459054
1.17518600076437
1.6614079996943474
0.5120400004088879
1.17055799998343
0.765718000009656
1.2089029997587204
1.1655839998275042
1.1755499998107553
1.21758299972862
1.2102929996326566
1.179356999695301
1.173623999580741
0.32552199997007847
0.9278250001370907
1.2250379994511604
1.1884449999779463
1.2153500001877546
0.5173530001193285
1.2330319993197918
1.1817899998277426
1.204284000210464
1.1685509998351336
1.1846390003338456
1.1917869998142123
1.1935470001772046
1.2138809999451041
1.160589000210166
1.178358000703156
1.187397999688983
1.1745690004900098
1.1718600001186132
1.1848619999364018
1.1911700004711747
1.1680039996281266
0.5875279996544123
1.204003999941051
1.2337439991533756
1.187186999246478
1.1995729999616742
1.202415999956429
1.1644770000129938
1.664193999953568
1.2050369996577501
1.191050000488758
1.2216530004516244
1.1970870001241565
1.199512000195682
1.1896559996530414
1.1816250002011657
0.32395000010728836
0.7278160005807877
1.2566419998183846
1.2240059999749064
1.196419999934733
1.2485720003023744
0.6976000005379319
1.1697440007701516
1.2031610002741218
1.179955999366939
1.2150699999183416
1.1933840001001954
1.1475700000301003
1.1583400005474687
1.1411589998751879
1.1639459999278188
1.1702889995649457
1.152160999365151
1.1651200000196695
0.5464659994468093
1.1654110001400113
1.2008920004591346
1.1393370004370809
1.2292740000411868
1.1633590003475547
1.1854199999943376
1.164466000162065
1.1654280005022883
1.1917599998414516
1.2288199998438358
1.2082030000165105
1.2452210001647472
1.223853999748826
1.2132240002974868
1.1664009997621179
1.1637270003557205
1.1541579999029636
1.1635079998522997
0.48661999963223934
1.1686070002615452
1.2175890002399683
1.1977250007912517
1.1846409998834133
1.1931119998916984
1.2290039993822575
1.15115400031209
1.197835000231862
2.4209500001743436
1.3086649999022484
1.1663600001484156
1.1940160002559423
1.1648030001670122
1.1429709997028112
1.2052540006116033
1.1715850001201034
1.1732490006834269
1.1589049994945526
1.1956719998270273
1.1661439994350076
1.1635469999164343
1.144366999156773
1.5115200001746416
1.1554620005190372
1.2379499999806285
1.238030000589788
1.1738840006291866
1.2407710002735257
1.1463509993627667
0.38926499988883734
1.1482200007885695
1.160569000057876
0.37814499996602535
1.2072240002453327
1.1746030002832413
1.1705229999497533
1.2013220004737377
1.1299369996413589
1.1640429999679327
1.1574529996141791
1.1547240000218153
1.164363999851048
1.155349999666214
1.1354560004547238
1.2030939999967813
1.1391900004819036
1.12368299998343
1.173318000510335
1.1716360002756119
1.1769819995388389
1.2045729998499155
1.1771869994699955
1.1495349993929267
1.1344399992376566
1.1873580003157258
1.1380150001496077
1.1384730003774166
1.1956879999488592
1.1588030001148582
1.1454150006175041
1.1563780000433326
6.757781999185681
0.4389320006594062
1.1487769996747375
6.278075000271201
0.41299999970942736
0.43826100043952465
1.1238209996372461
1.1338889999315143
1.1914149997755885
1.1899979999288917
0.45966200064867735
1.1856070002540946
1.2112570004537702
1.1560990000143647
1.153239999897778
1.188451999798417
1.1599899996072054
1.1611699992790818
1.1775569999590516
0.33630499988794327
0.93582300003618
0.3937499998137355
0.5194490002468228
1.1329459995031357
1.1869580000638962
1.1353459991514683
1.1933000003919005
3.0103070000186563
1.1470400001853704
1.1443349998444319
1.1425109999254346
1.1246840003877878
1.1279379995539784
1.1424630004912615
1.1817180002108216
0.31003899965435266
0.8433229997754097
1.15467800013721
1.1785109993070364
1.1453790003433824
1.1411189995706081
1.1414419999346137
1.174180000089109
1.132414000108838
1.1338569996878505
1.1878019999712706
1.1433749999850988
1.168343000113964
1.131024000234902
1.1307770004495978
1.133402000181377
1.1601160001009703
1.1203149994835258
1.1291040005162358
1.124537999741733
1.1125910002738237
1.1704160002991557
0.31028699968010187
0.6777820000424981
1.1247310005128384
1.1004280000925064
0.4729999992996454
1.1802009996026754
1.1395340003073215
1.1825179997831583
1.2010430004447699
1.1689719995483756
1.1593439998105168
1.1601160001009703
1.1382659999653697
1.1444339994341135
1.1398760005831718
1.1220450000837445
1.1338659999892116
1.1206879997625947
2.0241499999538064
1.1790400007739663
1.1460410002619028
1.1558309998363256
1.1380230002105236
1.1430970001965761
1.1972330007702112
1.1681829998269677
1.1601159991696477
1.1707089999690652
1.1353399995714426
1.1379140000790358
1.1199409998953342
2.4989879997447133
6.125482000410557
0.749201999977231
1.1113579999655485
1.153516000136733
1.1216860003769398
1.1360090002417564
0.6261990005150437
0.4697970002889633
1.2484149998053908
1.2692879997193813
1.2707120003178716
1.2916840007528663
1.2493289997801185
1.2425170000642538
1.280197000131011
1.2350230002775788
1.2489620000123978
1.2448929995298386
0.500738000497222
1.2582379998639226
1.3048510001972318
1.2733300002291799
1.8035670006647706
1.268690999597311
1.2641529999673367
1.2946490002796054
1.2981239994987845
1.2471690000966191
1.2539400001987815
1.2542439997196198
1.269709000363946
1.289734000340104
1.2610379997640848
1.2986120004206896
1.2888360004872084
1.311366000212729
1.279306000098586
1.2655459996312857
1.252474999986589
1.2691560005769134
1.2507950002327561
1.271356999874115
1.2455349992960691
1.2906069997698069
3.2206059992313385
1.2570599997416139
1.2352229999378324
1.2529539996758103
1.2938489997759461
1.2708060005679727
1.2474680002778769
1.247702999971807
1.2807889999821782
1.2588879996910691
1.2574539994820952
1.244772999547422
1.2409499995410442
1.2653769999742508
1.2501680003479123
1.2822979995980859
1.247086999937892
1.2386859999969602
1.2416599998250604
1.2737809997051954
1.28823500033468
1.2588120000436902
1.243015999905765
1.24656100012362
0.3355409996584058
0.804640999995172
1.2673469996079803
1.2696000002324581
1.2413659999147058
1.2493430003523827
1.2419250002130866
1.224915999919176
10.522017000243068
0.5717209996655583
0.37832900043576956
1.1882979990914464
1.195911000482738
1.318758999928832
1.1849689995869994
1.1753920000046492
1.2170209996402264
1.1860119998455048
1.1874299999326468
1.2413689997047186
1.2020260002464056
1.1883399998769164
1.2109430003911257
1.1706090001389384
1.1910210000351071
1.2276440002024174
1.1754479994997382
1.216638999991119
1.1889209998771548
1.1901300000026822
1.1738009992986917
1.1889509996399283
1.2214079992845654
1.1964570004492998
0.32051200047135353
0.869339999742806
0.7265339996665716
1.1696620006114244
1.191736999899149
1.1758850002661347
1.170987999998033
1.1765160001814365
1.1934709995985031
1.1750830002129078
1.192917000502348
1.1942819999530911
1.2099069999530911
1.2349259993061423
1.1832540007308125
1.2128159999847412
1.1842840006574988
1.155875999480486
0.3358430005609989
1.2308370005339384
1.2094550002366304
1.1804769998416305
1.2187280002981424
1.2081000003963709
1.1721970001235604
1.1776699991896749
3.4755049999803305
0.43495399970561266
0.6256569996476173
0.3434839993715286
1.155303000472486
1.166588000021875
1.1744330003857613
1.1666999999433756
3.588631000369787
0.7107130000367761
1.7033700002357364
1.1516140000894666
1.1260170005261898
1.1072410000488162
1.1837020004168153
1.1674580005928874
1.127301000058651
1.1544570000842214
1.1261600004509091
1.1225840002298355
1.1418789997696877
1.1146120000630617
1.1155629996210337
1.1368210008367896
1.15476300008595
1.124036000110209
0.3201359994709492
0.9254959998652339
1.2023750003427267
1.1282209996134043
1.1346519999206066
1.1628350000828505
1.1808909997344017
1.1361850006505847
1.1078340001404285
1.1615730002522469
1.1597939999774098
1.1459619998931885
1.1589430002495646
1.139673000201583
1.1287569999694824
1.1395939998328686
0.32852999959141016
1.1300969999283552
1.1271730000153184
1.1273200009018183
1.1727909995242953
1.1686490001156926
1.1178109999746084
1.143164999783039
1.2040459997951984
1.1558499997481704
1.1266419999301434
1.175149000249803
1.1266629993915558
1.1177119994536042
1.1229759994894266
1.15121900010854
1.1296899998560548
0.6070499997586012
0.6778920004144311
1.2068159999325871
1.1490489998832345
1.1693649999797344
3.1061119996011257
0.552432999946177
1.1172309992834926
1.174809000454843
1.1164039997383952
1.1326510002836585
1.175301999785006
1.1106329998001456
1.1569139994680882
1.1126870000734925
0.37467500008642673
1.1200729999691248
1.1107940003275871
1.1593949999660254
1.117998999543488
1.1339030005037785
1.1398639995604753
1.2019509999081492
1.212087000720203
1.0716869998723269
1.1166459992527962
1.1451369998976588
1.1482100002467632
1.1413070000708103
1.1796170007437468
1.1254719998687506
1.1269619995728135
1.1183319995179772
1.1489160005003214
1.130574000068009
1.1030820002779365
1.1269579995423555
1.1112409997731447
1.1213300004601479
1.1873439997434616
1.1117099998518825
1.192348999902606
1.1211090004071593
1.1780369998887181
2.317885000258684
0.5974559998139739
1.1397950006648898
1.1505640000104904
1.1571300001814961
1.1195079991593957
1.1449009999632835
1.1741399997845292
1.1795969996601343
1.1202980000525713
1.108725999481976
1.1673800004646182
1.1237949999049306
1.1862800000235438
1.1219060001894832
5.066686999984086
0.685538999736309
1.0937219997867942
1.0959080001339316
1.1451000003144145
1.1010170001536608
1.1301149995997548
1.1365909995511174
1.1040059998631477
1.0925210006535053
1.1020989995449781
1.1150650000199676
1.0998220006003976
1.150747999548912
1.1326160002499819
1.0922390008345246
1.0905340006574988
1.1005049999803305
1.0990420002490282
1.170172999612987
1.1491820001974702
1.080324999988079
1.1462610000744462
1.075654000043869
1.0949740000069141
1.1066079996526241
1.0835909992456436
1.0897939996793866
1.0962900007143617
1.1293079992756248
1.0774300005286932
1.1483630007132888
1.1194659993052483
0.4602180002257228
1.115815999917686
1.121832000091672
1.1034580003470182
1.0875999992713332
1.0971640003845096
1.100366000086069
1.1395169999450445
1.1088699996471405
1.0942750005051494
1.1243310002610087
1.1452700002118945
1.1119590001180768
1.1126299994066358
1.0985549995675683
1.136917999945581
1.148428000509739
0.44806199986487627
0.45676499977707863
1.0888700000941753
1.088608999736607
1.1587069993838668
1.0814689993858337
1.1644310001283884
1.141516000032425
1.1127739995718002
1.0949060004204512
1.1215719999745488
5.419363000430167
0.5182390008121729
1.095347000285983
1.0702729998156428
1.0816069999709725
1.0993579998612404
1.1470969999209046
1.1041400004178286
1.108231999911368
1.0597169995307922
1.0986609999090433
1.0674909995868802
1.0735510000959039
1.0701889991760254
1.1249089995399117
1.082422999665141
1.0630710003897548
1.122712000273168
1.1019599996507168
0.8018469996750355
1.0753410002216697
1.0937909996137023
1.0610330002382398
1.142477000132203
1.0832019997760653
1.0916729997843504
1.0970689998939633
1.1025289995595813
1.1274779997766018
1.061526999808848
1.0813960004597902
1.1095549995079637
1.1359350001439452
1.0507819997146726
1.0970290005207062
1.2216229997575283
1.0724579999223351
1.097295000217855
1.0798899997025728
1.1097820000723004
1.0747949993237853
1.0651000002399087
1.0980989998206496
1.1002709995955229
1.0727209998294711
1.1298370007425547
1.1033699996769428
1.123339000158012
1.083891000598669
1.1184570007026196
1.110080000013113
1.0825460003688931
1.1096199993044138
1.1319239996373653
1.1621110001578927
1.0709990002214909
1.0663959998637438
1.079814000055194
1.1324999993667006
1.1131949992850423
1.0804230002686381
1.0626909993588924
1.1314260000362992
1.0710279997438192
1.1276630004867911
1.1142269996926188
1.0968300001695752
1.0820599999278784
1.0892810001969337
1.111480999737978
1.1451369998976588
1.0856340005993843
1.106119000352919
1.1231129998341203
1.1212860001251101
1.080082000233233
1.1074820002540946
1.0990210007876158
1.1022830000147223
4.66509999986738
1.3425080003216863
1.1032980000600219
1.1033340003341436
1.1099160006269813
1.0933409994468093
1.066516000777483
1.0995140001177788
1.0948249995708466
1.1027739997953176
1.135950000025332
1.079640000127256
1.1336260000243783
1.1018769992515445
1.0743549996986985
1.1017969995737076
1.0629700003191829
1.0981000000610948
1.1426019994542003
1.0914520006626844
1.1288410006090999
1.089430999942124
1.0826929993927479
1.1472720000892878
1.1147330002859235
1.082282000221312
1.0706700002774596
1.1378669999539852
1.0640390003100038
1.1146799996495247
1.0592120001092553
1.0831110002472997
1.0700079994276166
1.0687060002237558
1.0954399993643165
1.1320259999483824
1.1083610001951456
1.058627000078559
1.0699999993667006
1.0822680005803704
1.1010440001264215
1.0654779998585582
1.0814769994467497
1.0961790001019835
1.0892249997705221
1.0846269996836782
1.0799949998036027
1.0732220001518726
1.0639429995790124
1.090552999638021
1.1098109995946288
1.0735729997977614
1.0834020003676414
1.0896250000223517
1.118711999617517
1.0838450007140636
1.078851000405848
0.7117149997502565
1.0841369992122054
1.1183700002729893
1.09120300039649
1.0952190002426505
1.0701949996873736
1.0664079999551177
1.086456999182701
1.048675000667572
1.0845039999112487
1.0804249998182058
1.0590870007872581
1.0929899998009205
1.100351999513805
1.1202499996870756
1.1151179997250438
1.1026200000196695
1.0814380003139377
1.0753760002553463
1.0653399992734194
1.099337000399828
0.698726000264287
1.1232930002734065
1.1016919994726777
1.0437139999121428
0.7127470001578331
1.0856719994917512
1.0833399994298816
1.078830000013113
1.0973570002242923
1.1101310001686215
1.085661000572145
1.0948590002954006
1.0766829997301102
1.09326299931854
1.0927370004355907
1.072362999431789
1.1338799996301532
1.1097550000995398
1.0709939999505877
1.0883209994062781
1.1077299993485212
1.079857999458909
1.0816360004246235
1.0899829994887114
1.086783000268042
1.0937560005113482
1.0705439997836947
1.0957889994606376
1.1564099993556738
1.0837329998612404
1.081525000743568
1.0797219993546605
1.0869089998304844
1.116728000342846
1.106580000370741
1.1219520000740886
1.0759749999269843
1.0759619995951653
1.1360419997945428
1.0750540001317859
1.122592999599874
1.0763180004432797
1.091269999742508
1.5051659997552633
1.1030419999733567
1.075004999525845
1.087218999862671
1.1347319995984435
1.0634109992533922
1.1212780000641942
1.103086999617517
1.1003370005637407
1.1245759995654225
1.1434469996020198
1.0922100003808737
1.0806539999321103
1.0950220003724098
1.1024680007249117
1.0922929998487234
1.0921649998053908
1.07309400010854
1.0581890000030398
1.0936949998140335
1.1048980001360178
1.0700380001217127
1.0637509999796748
1.067149999551475
1.0667479997500777
1.0929209999740124
1.084591000340879
1.0843790005892515
1.076376000419259
