5.390817999839783
0.4284749999642372
0.40003000013530254
1.2701079994440079
0.4367730002850294
0.40008999966084957
0.3959720004349947
0.461387999355793
0.8345490004867315
1.0973870009183884
0.31224799901247025
0.3346849996596575
0.44102399982511997
1.4112289994955063
0.3257289994508028
0.8350930009037256
0.31282499991357327
0.9497400000691414
0.3264659997075796
0.32308800145983696
0.4353539999574423
0.3906479999423027
0.31524799950420856
0.37429399974644184
0.35517100058496
0.4043079987168312
0.310894001275301
0.3578200004994869
0.3701129984110594
0.37560899928212166
0.3154890015721321
0.34353600069880486
0.30127800069749355
0.41172099858522415
0.29389800131320953
0.3568810001015663
0.4231889992952347
0.3713380005210638
0.41661000065505505
0.38165399990975857
0.34791599959135056
0.3839560002088547
0.27307399921119213
0.5476389992982149
0.32848200015723705
0.3388979993760586
0.37703799828886986
0.42035700008273125
0.4344410002231598
0.3468709997832775
0.33776000142097473
0.34306100010871887
0.8468869999051094
0.2559080012142658
0.34495700150728226
0.40440900065004826
0.4191810004413128
0.5584780015051365
0.4032310005277395
0.3527979999780655
0.33498499915003777
0.35280200093984604
0.31245999969542027
0.3953149989247322
0.33220900036394596
0.31633099913597107
0.3104499988257885
0.37144799903035164
0.4008799996227026
1.0187989994883537
0.2527159992605448
0.26143299974501133
0.3652010001242161
0.3960999995470047
1.0399190001189709
0.38605800084769726
0.3395699989050627
0.30771100148558617
0.8381510004401207
0.3740789983421564
0.2765089999884367
0.3139500003308058
0.37566700018942356
0.3562540002167225
0.3651549983769655
0.8773819990456104
0.2710699997842312
0.3230599984526634
0.2915479987859726
0.3007310014218092
0.36182500049471855
0.43162900023162365
0.385478001087904
0.32166399993002415
0.3358069993555546
0.25956599973142147
0.3020270001143217
0.8719629999250174
0.8010680004954338
0.37386099994182587
0.3383990004658699
0.36375200003385544
0.40516900084912777
0.4253820013254881
0.4221450015902519
0.9878949988633394
0.3178029991686344
0.8661080002784729
0.2610400002449751
0.35015200078487396
0.36276600137352943
0.33085500076413155
0.3851160015910864
0.3611399997025728
0.549838000908494
0.33759399875998497
0.7288490012288094
0.3213450014591217
0.30043300054967403
0.36626399867236614
0.3463710006326437
0.3650419991463423
0.2836990002542734
0.3031319994479418
0.3416039999574423
0.37934100069105625
0.3192880004644394
0.2700300011783838
0.306037999689579
0.3024400006979704
0.29895099997520447
0.2990370001643896
0.29930200055241585
0.2854239996522665
0.2684029992669821
0.3146810010075569
0.341236999258399
0.27680000104010105
0.25111300125718117
0.3130150008946657
0.33495899848639965
0.8241170011460781
0.27157700061798096
0.2929320000112057
0.3486150000244379
0.3511580005288124
0.30517799966037273
0.7478030007332563
0.26063199900090694
0.29685799963772297
0.39375000074505806
0.3272220008075237
0.29211200028657913
0.28586599975824356
0.316473999992013
0.3180950004607439
0.38032800145447254
0.564512999728322
1.2796180006116629
0.2728790007531643
0.2878360003232956
0.2714290004223585
0.2999490015208721
0.3346490003168583
0.35870799981057644
0.3158840015530586
0.31880499981343746
0.29928900115191936
0.27210999839007854
0.3051289990544319
0.31271199882030487
0.33271600119769573
0.2938720006495714
0.3040810003876686
0.3511810004711151
0.3583669997751713
0.41985599882900715
0.3076809998601675
0.3302110005170107
0.34102500043809414
0.36464199982583523
0.31101700104773045
0.21672899834811687
0.28489499911665916
0.4295899998396635
0.26385399885475636
0.30084599927067757
0.28833699971437454
0.29853300005197525
0.3277470003813505
0.2968469988554716
0.6727019995450974
0.3421540018171072
0.37977700121700764
0.2785279992967844
0.4005869999527931
0.31781600043177605
0.8830719999969006
0.8850580006837845
0.2581630013883114
0.32829499989748
0.37301099859178066
0.2837330009788275
0.30401300080120564
0.7667609993368387
0.3287860006093979
0.3334079999476671
0.2868680004030466
0.2673089988529682
0.3074090015143156
0.27718100138008595
0.31721699982881546
0.312907999381423
0.2975859995931387
0.2615949995815754
0.31819899939000607
0.2565279994159937
0.3323049992322922
0.3242960013449192
0.3341389987617731
0.28229800052940845
0.2958519998937845
0.2486880011856556
0.3408220000565052
0.34181799925863743
0.3160449992865324
0.2810280006378889
0.2837040014564991
0.25877500139176846
0.26979799941182137
0.279594000428915
0.22695699892938137
0.32838100008666515
0.3066959995776415
0.2949679996818304
0.2598439995199442
0.3308249991387129
0.3635800015181303
0.3084210008382797
0.2571779992431402
2.5879180002957582
0.26128300093114376
0.381284998729825
0.3697629999369383
0.3402970004826784
0.2727210000157356
0.3445039987564087
0.29750500060617924
0.3330620005726814
0.754891999065876
0.24650800041854382
0.2747750002890825
0.4985169991850853
0.2685989998281002
0.2650060001760721
0.27275099977850914
0.2759169992059469
0.2844970002770424
0.24854099936783314
0.3108799997717142
0.2581259999424219
0.27026999928057194
0.2854689992964268
0.2677870001643896
0.27715600095689297
0.28723100014030933
0.2709290012717247
0.2966109998524189
0.24719599820673466
0.29447400011122227
0.6854259986430407
0.22607500106096268
0.2607809994369745
0.2853330001235008
0.25297400169074535
0.3208179995417595
0.3277030009776354
0.297197999432683
0.2713129986077547
0.2700969986617565
0.26284899935126305
0.273292001336813
0.3155840002000332
0.29050800018012524
0.2705129999667406
0.23875500075519085
0.31382299959659576
0.2807349991053343
0.280817000195384
0.31556000001728535
0.29765000008046627
0.2701430004090071
0.27438100054860115
0.31746000051498413
0.24776499904692173
0.2926350012421608
0.35495899990200996
0.7293019983917475
0.7270139995962381
0.39873499982059
0.7470810003578663
0.6906230002641678
0.2731790002435446
0.2658820003271103
0.2754650004208088
0.3407070003449917
0.3762339986860752
0.2692690007388592
0.36218199878931046
0.3647060003131628
0.34436200000345707
0.28541200049221516
0.26694900169968605
0.32749499939382076
0.2533160001039505
0.29211699962615967
0.28434200026094913
0.26192899979650974
0.27266200073063374
0.27074299938976765
0.26249999925494194
0.2714159991592169
0.28452599979937077
0.25143800117075443
0.302343999966979
0.27672699838876724
0.30327400006353855
0.24279499985277653
0.2737210001796484
0.28460399992763996
0.279364999383688
2.9048619996756315
0.3398310001939535
0.4185009989887476
0.3008999992161989
0.27267999947071075
0.2577379997819662
0.2782930005341768
0.313663000240922
0.2957460004836321
0.23655599914491177
1.302811998873949
0.25908599980175495
0.31015400029718876
0.3052150011062622
0.720032999292016
0.7321819998323917
0.7774669993668795
0.5399110000580549
0.714953999966383
0.73433299921453
0.7251089997589588
0.7459640000015497
0.22009200043976307
0.7606700006872416
0.7457299996167421
0.23090000078082085
0.7358439993113279
0.7261509988456964
0.2597599998116493
0.7542590014636517
0.282277999445796
0.38761699944734573
0.32250200025737286
0.29592700116336346
0.2967579998075962
0.31568499840795994
0.37020500004291534
0.26564200036227703
0.2834189999848604
0.2521970011293888
0.27727399952709675
0.2387669999152422
0.2835189998149872
0.2612139992415905
1.6869120001792908
0.22539499960839748
0.3484239988029003
0.260070001706481
0.22786800004541874
0.35796800069510937
0.3128429986536503
0.26391400024294853
0.24236500076949596
0.31890200078487396
0.28384399972856045
0.3649560008198023
0.24632900021970272
0.2577200010418892
0.2914670016616583
0.2955280002206564
0.33152399957180023
0.29032500088214874
0.25527399964630604
0.2758630011230707
0.2886269986629486
0.24967299960553646
0.721051000058651
0.2397949993610382
0.35552800074219704
0.2554710004478693
0.2945479992777109
0.24215900152921677
0.2779660001397133
0.29758300073444843
0.24718300066888332
0.30221799947321415
0.25124100036919117
0.2840669993311167
0.2555170003324747
0.28308499976992607
0.24947600066661835
0.25861299969255924
0.2827829997986555
0.3270399998873472
0.280842000618577
0.7046470008790493
0.2569420002400875
0.24323399923741817
0.4251310005784035
0.2520400006324053
0.2757649999111891
0.4387209992855787
0.2565969992429018
0.25187900103628635
0.6053650006651878
0.2687359992414713
0.27169799990952015
0.2686749994754791
0.28414499945938587
0.2726159989833832
0.23975300043821335
0.2673899997025728
0.2676680013537407
0.30576999858021736
0.3318099994212389
0.3090279996395111
0.2845639996230602
0.2556400001049042
0.3004140015691519
0.2945859991014004
0.2766590006649494
0.7017489988356829
0.24510200135409832
0.27605600096285343
0.46623900160193443
0.7343549989163876
0.7646239995956421
0.4769419990479946
0.709842000156641
0.7199779991060495
0.6980060003697872
0.7170720007270575
0.6966399997472763
0.7209389992058277
0.23282799869775772
0.7159749995917082
0.7123570013791323
0.24868000112473965
0.7258959989994764
0.7587980013340712
0.26834999956190586
0.7167729996144772
0.7298050001263618
0.2581930011510849
0.26072899997234344
0.2874339986592531
0.24190699867904186
0.2799509987235069
0.25849599950015545
0.2816169988363981
0.2832360006868839
0.41574699990451336
0.2428290005773306
0.2516200002282858
0.5175620000809431
0.24684700183570385
0.2948829997330904
0.2764599993824959
0.2445979993790388
0.248624999076128
0.3089230004698038
0.24134599976241589
0.2485789991915226
0.2900140006095171
0.34070600010454655
0.32919800095260143
0.28256800025701523
0.25054999999701977
0.2605450004339218
0.35443099960684776
0.30543800070881844
0.2945670001208782
0.29006800055503845
0.2671840004622936
0.3053629994392395
0.32924100011587143
0.7161609996110201
0.7618189994245768
0.2344769984483719
0.2987500000745058
0.2444890011101961
0.27351799979805946
0.2718039993196726
0.31537599861621857
0.32621599920094013
0.2812170013785362
0.2678120005875826
0.25617099925875664
0.26749899983406067
0.23106800019741058
0.2719310000538826
0.2789429984986782
0.2411700002849102
0.2748099993914366
0.2864280007779598
0.24353899993002415
0.2724610008299351
0.46467200107872486
0.25602000020444393
0.28172400034964085
0.3473650012165308
0.27413199841976166
0.24250299856066704
0.7143590003252029
0.23014399968087673
0.29145700111985207
0.381292000412941
0.34588799998164177
0.25638299994170666
0.2990070004016161
0.3011560011655092
0.24824600107967854
0.26652299985289574
0.25541899912059307
0.2874480001628399
0.32798600010573864
0.271467000246048
0.2674419991672039
0.35510999895632267
0.26799900084733963
0.31384999863803387
0.3914599996060133
0.3203090000897646
0.3274819999933243
0.29387699998915195
0.28955399990081787
0.2868450004607439
0.34530699998140335
0.2861349992454052
0.24980200082063675
0.27675200067460537
0.37650199979543686
0.32078300043940544
0.2553719989955425
0.30552499927580357
0.2576589994132519
0.2963929995894432
0.2563389986753464
0.32579800114035606
0.2738809995353222
0.3036380000412464
0.28144499845802784
0.29696800000965595
0.3689249996095896
0.3095689993351698
0.2701019998639822
0.3061519991606474
0.34351000003516674
0.3349309992045164
0.2803580015897751
0.3576920013874769
0.3793230000883341
0.33623200096189976
0.3250019997358322
0.34075400047004223
0.3083629999309778
0.2986399997025728
0.3427500016987324
0.3803969994187355
0.38065200112760067
0.3367199990898371
0.29309000074863434
0.3041060008108616
0.29732299968600273
0.6285350006073713
0.30110600031912327
0.25242300145328045
0.2930020000785589
0.28867800161242485
0.3199919983744621
0.26232200115919113
2.9266960006207228
0.23349699936807156
0.5918930005282164
0.42809499986469746
0.2759010009467602
0.7398640010505915
0.755179001018405
0.2395160011947155
0.29276200011372566
0.2850449997931719
0.28128400072455406
0.25892299972474575
0.2903049997985363
0.28391800075769424
0.27579999901354313
0.2927759997546673
0.25599199905991554
0.3320119995623827
0.27812100015580654
0.3519639987498522
0.28259700164198875
0.34416299872100353
0.2789350003004074
0.34631899930536747
0.28532700054347515
0.2970630005002022
0.24959400109946728
0.4935899991542101
0.30864099971950054
0.3658089991658926
0.31113800033926964
0.26052000001072884
0.27468499913811684
0.3220070004463196
0.3729779999703169
0.3799060005694628
0.3830869998782873
0.3180560003966093
0.301103999838233
0.31297400034964085
0.2643509991466999
0.26379499956965446
0.27611600048840046
0.26554999873042107
0.2859320007264614
0.2669949997216463
0.23918999917805195
0.3105839993804693
0.2619950007647276
0.295244999229908
0.329653000459075
0.2880910001695156
0.34180400148034096
0.3020339999347925
0.31030600145459175
0.2902370002120733
0.31910800002515316
0.2818969991058111
0.2896950002759695
0.32718800008296967
0.24358299933373928
0.2566039990633726
0.3457670006901026
0.3197670001536608
0.27809200063347816
0.2508739996701479
0.3003410007804632
0.36670299991965294
0.2824530005455017
0.32920300029218197
0.31451099924743176
3.0954459998756647
0.28565699979662895
0.4490419998764992
0.26839799992740154
0.2539689987897873
0.3203090000897646
0.3450019992887974
0.28653799928724766
0.3044719994068146
0.3884929995983839
0.2531569991260767
0.28307400085031986
0.33918699994683266
0.45011099986732006
0.2445129994302988
0.3175700008869171
0.26900000125169754
0.26612500101327896
0.30663600005209446
0.2937630005180836
0.33591099828481674
0.34800900146365166
0.3388260006904602
0.426316000521183
0.32980599999427795
0.3181250002235174
0.2977000009268522
0.28458799980580807
0.38768899999558926
0.3291720002889633
0.3503020014613867
0.2961180005222559
0.2458720002323389
0.26788000017404556
0.7322009988129139
0.6971329990774393
0.27445399947464466
0.2991019990295172
0.3018319997936487
0.3119719997048378
0.2558079995214939
0.29491399973630905
0.26536899991333485
0.265930000692606
0.2802430000156164
0.30659900046885014
0.33203299902379513
0.568359000608325
0.2401479985564947
0.2735319994390011
0.2777159996330738
0.2742490004748106
0.29636199958622456
0.23950299993157387
0.3150219991803169
0.35680900141596794
0.3193979989737272
0.30627300031483173
0.3689319994300604
0.2958930004388094
0.3726070001721382
0.2749189995229244
0.3169700000435114
0.3929550014436245
0.2872550003230572
0.2829449996352196
0.44495199993252754
0.30386499874293804
0.29257299937307835
0.2972720004618168
0.35204399935901165
0.2781109996140003
0.2747310008853674
0.6230159997940063
0.290710998699069
0.30696599930524826
0.277793999761343
0.3373839985579252
0.39233400113880634
0.7197799999266863
0.23105700127780437
0.2784320004284382
0.31945300102233887
0.2671189997345209
0.2827860005199909
0.2555580008774996
0.29907700046896935
0.36002200096845627
0.2873630002140999
0.26780099980533123
0.27137199975550175
0.2612200006842613
0.27183499932289124
0.25052300095558167
0.2746449988335371
0.2655260004103184
0.25610500015318394
0.30939000099897385
0.28281700052320957
0.33226799964904785
0.26991399936378
0.3461019992828369
0.2991049997508526
0.27723499946296215
0.2953130006790161
0.2705879993736744
0.28389500081539154
0.26254200004041195
0.28421200066804886
0.23362999968230724
0.28999399952590466
0.3446820005774498
0.24578899890184402
0.28997499868273735
0.29608000069856644
0.25980300083756447
0.2673279996961355
1.396119000390172
0.25112099945545197
0.28661200031638145
0.2788500003516674
0.3185350000858307
0.2590870000422001
0.27881399914622307
0.6020680014044046
0.2480390015989542
0.2562729995697737
0.39012099988758564
0.2575789988040924
0.26923999935388565
0.4131880011409521
0.24560900032520294
0.2711100000888109
0.43807299993932247
0.6840369999408722
0.6987560000270605
0.24494300037622452
0.2867740001529455
0.22182600013911724
0.6939389985054731
0.6913739982992411
0.6924820002168417
0.4969180002808571
0.6963350009173155
0.6841869987547398
0.7082109991461039
0.7122719995677471
0.7412860002368689
0.6719669997692108
0.42480700090527534
0.7063640002161264
0.6793010011315346
0.7007820010185242
0.2805109992623329
0.2907979991286993
0.34924500063061714
0.2982979994267225
0.2905689999461174
0.26573099941015244
0.27651000022888184
0.25881199911236763
0.2602059990167618
0.3622300010174513
0.3522629998624325
0.28957500122487545
0.33120899833738804
0.25225899927318096
0.32506300136446953
4.2624539993703365
0.33839699998497963
0.25241400115191936
0.26158600114285946
0.2916930001229048
0.264274001121521
0.28608400002121925
0.24775800108909607
0.2719969991594553
0.26492900028824806
0.25874900072813034
0.2490839995443821
0.36326099932193756
0.459459999576211
0.2746920008212328
0.2678810004144907
0.2623679991811514
0.24225500039756298
0.28503699973225594
0.291058998554945
0.2676810007542372
0.299065999686718
0.33240700140595436
0.2613890003412962
0.29502899944782257
0.25284899957478046
0.26006099954247475
0.3341830000281334
0.29850600101053715
0.3020270001143217
0.30287300050258636
0.31939700059592724
0.3099409993737936
0.2811919990926981
0.24386299960315228
0.2859770003706217
0.24860100075602531
0.29391600005328655
0.26344799995422363
0.2612470015883446
0.2689120005816221
0.3184040002524853
0.28607399947941303
0.3068599998950958
0.2684259992092848
0.2841339986771345
0.29522600024938583
0.26188699901103973
0.24934599921107292
0.28129000030457973
0.23113000020384789
0.25810400024056435
0.2754689995199442
0.28422500006854534
0.2865819986909628
0.357532000169158
0.2801010012626648
0.198531998321414
0.2656609993427992
0.3646400012075901
0.6880010012537241
0.23946399986743927
0.4102149996906519
0.32385599985718727
0.2990690004080534
0.3012330010533333
0.6896989997476339
1.588901000097394
0.24171999841928482
0.28236900083720684
0.2632149998098612
0.29713100008666515
0.39620800130069256
0.25537100061774254
0.2734089996665716
0.2524529993534088
0.30731300078332424
0.28656999953091145
0.2512679994106293
0.26310599967837334
0.26754199899733067
0.26303899846971035
0.25018399953842163
0.26725300028920174
1.738459000363946
0.23859800025820732
0.2832670006901026
0.3081409987062216
0.2292770016938448
0.25942700169980526
0.24546700157225132
0.25357400067150593
0.21818199940025806
0.2648820001631975
0.30409800074994564
0.2808749992400408
0.26625399850308895
0.2994579989463091
0.28907099924981594
0.2683380004018545
0.3091259989887476
0.27074900083243847
0.2836210001260042
0.3463810011744499
0.24142900109291077
0.2679490000009537
0.2808269988745451
0.2560559995472431
0.3127699997276068
0.23987499997019768
0.3130730018019676
0.2561079990118742
0.22981500066816807
0.27440499886870384
0.23082100041210651
0.2684659995138645
2.032369999215007
0.23524199984967709
0.30882600136101246
0.25682099908590317
0.27524200081825256
0.31321199983358383
0.27051700092852116
0.28127199970185757
0.3366539999842644
0.26142700016498566
0.23369599878787994
0.4367980007082224
0.21655500121414661
0.2876249998807907
0.3970740009099245
0.2831700015813112
0.29056099988520145
0.3017890006303787
0.3760850001126528
0.24935500137507915
0.26708600111305714
0.29117999970912933
0.25634600035846233
0.2585740014910698
0.31698199920356274
0.24858799949288368
0.24044299870729446
0.3280349988490343
0.3282319996505976
0.30480900034308434
0.2834990005940199
0.33062699995934963
0.5118920002132654
0.2547079995274544
0.2638029996305704
0.21823500096797943
0.26187000051140785
0.3967940006405115
0.22564000077545643
0.2719059996306896
0.3090950008481741
0.27657900005578995
0.2669200003147125
0.39780399948358536
0.24424600042402744
0.2651610001921654
0.24792599864304066
0.3253830000758171
0.28561700135469437
0.41485500149428844
0.6673530004918575
0.7020279988646507
0.25748899951577187
0.22608700022101402
0.2872919999063015
0.2958809994161129
0.2730520013719797
0.2646369989961386
0.25114200077950954
0.44399399869143963
0.2981669995933771
0.354933999478817
0.5544639993458986
0.6455879993736744
0.213748998939991
0.4615179989486933
0.28932400047779083
0.2593670003116131
0.6804839987307787
0.22036400064826012
0.24136099964380264
0.2851080000400543
0.225874999538064
0.24638999998569489
0.22854099981486797
0.2677079997956753
0.3170449994504452
0.27513800002634525
0.2439930010586977
0.2470209989696741
0.2932590004056692
0.24534800089895725
0.2614170014858246
0.3912249989807606
0.7084739990532398
0.2777479998767376
0.24536999873816967
0.2586500011384487
0.24458200111985207
0.28428399935364723
0.266372999176383
0.3246350008994341
0.2639259994029999
1.9108879994601011
0.23459800146520138
0.21365300007164478
0.18625599890947342
0.2729180008172989
0.2861130014061928
0.3152840007096529
0.2956710010766983
0.311964999884367
0.2548139989376068
0.2578109987080097
0.2733759991824627
0.38099800050258636
0.40367299877107143
0.24255000054836273
0.2610219996422529
0.24475499987602234
0.23662399873137474
0.2874830011278391
0.27651499956846237
0.23376799933612347
0.24602000042796135
0.25466199964284897
0.21668400056660175
0.27733200043439865
0.24543200060725212
0.25006699934601784
0.32877999916672707
0.2736690007150173
0.6312290001660585
0.24730899930000305
0.2643630001693964
0.2781550008803606
0.2828760016709566
0.2380630001425743
0.2207429986447096
0.2652690000832081
0.2248570006340742
0.37415700033307076
0.21862499974668026
0.25054399855434895
0.33572099916636944
0.24867499992251396
1.322621999308467
0.36101399920880795
0.2816090006381273
0.39060099981725216
0.24156899936497211
0.27290300093591213
0.2841410003602505
0.2901520002633333
0.22832500003278255
0.26447200030088425
0.24778500013053417
0.2573269996792078
0.28232800029218197
0.24783600121736526
0.6237710006535053
0.6251830011606216
0.2527220007032156
0.24981500022113323
0.23752900026738644
0.25020799972116947
0.241287000477314
0.29472799971699715
0.27475500106811523
0.24599399976432323
0.31604200042784214
0.2475470006465912
0.26441700011491776
0.35356600023806095
1.5844049993902445
0.4604250006377697
0.24850500002503395
0.24203400127589703
0.234977001324296
0.22252799943089485
0.23410100117325783
0.30656199902296066
0.2943280003964901
0.26484400033950806
0.21848100051283836
0.6151470001786947
0.22249599918723106
0.3086299989372492
0.21455899998545647
0.24014299921691418
0.28543899953365326
0.21677299961447716
0.24726399965584278
0.2077259998768568
0.266160000115633
0.22955000028014183
0.26197899878025055
0.2135940007865429
0.29360000044107437
0.21417499892413616
1.4412559997290373
0.24776299856603146
0.30278499983251095
0.23869100026786327
0.3184079993516207
0.24602999910712242
0.317561998963356
0.2611539997160435
0.28902400098741055
0.364784000441432
0.2296929992735386
0.30839999951422215
0.29945299960672855
0.2510179989039898
0.25887000001966953
0.2715039998292923
0.26875099912285805
0.23042000085115433
0.47266000136733055
0.29787799902260303
0.3201160002499819
0.23084699921309948
0.24109099991619587
0.25368999876081944
0.24726100079715252
0.23257999867200851
0.2921049986034632
0.6675179991871119
0.6600860003381968
0.6006170008331537
0.6458410006016493
0.40781799890100956
0.6592020001262426
0.653787000104785
0.55018699914217
0.6442329995334148
0.20970899984240532
0.6579690016806126
0.6556420009583235
0.2142040003091097
0.4877740014344454
0.6636849995702505
0.2114959992468357
0.43663400039076805
0.2668460011482239
0.2370350006967783
0.3255659993737936
0.31319000013172626
0.2794989999383688
0.3127480000257492
0.2668379992246628
0.27473399974405766
0.5644230004400015
0.23090600036084652
0.2674170006066561
0.2164389993995428
0.25665799900889397
0.24657100066542625
0.3103480003774166
0.25254200026392937
0.6489909999072552
0.6791710015386343
0.26984200067818165
0.33396399952471256
0.21709399856626987
0.24736200086772442
0.29652700014412403
0.2644660007208586
0.2703409995883703
0.2405869998037815
0.24305599927902222
0.31391500122845173
0.5350970011204481
0.3097210004925728
0.26619699969887733
0.3548980001360178
0.24216699972748756
0.25071300007402897
0.4896579999476671
0.655774999409914
0.28658900037407875
0.28584899939596653
0.21813599951565266
0.3013879992067814
0.2819040007889271
0.3424789998680353
0.2553989998996258
0.22957799956202507
0.2688130009919405
0.27987599931657314
0.26060899905860424
0.380426999181509
0.24616300128400326
0.2499609999358654
0.27836900018155575
0.2524269986897707
0.26103500090539455
0.24096500128507614
0.2688699997961521
0.21515199914574623
0.28440199978649616
0.30320899933576584
0.23383199982345104
0.3948640003800392
0.2015490010380745
0.2510190010070801
0.6026169992983341
0.23871299996972084
0.25620999932289124
0.28756700083613396
0.29620200023055077
0.27910200133919716
0.29277800023555756
0.26017099991440773
0.2365729995071888
0.2638119999319315
0.2724610008299351
0.27347000129520893
0.24400599859654903
0.27838899940252304
0.24780100025236607
0.2812119983136654
0.2508860006928444
0.23083699867129326
0.22400799952447414
0.22852700017392635
0.28320700116455555
0.29611900076270103
0.24810799956321716
0.2521780002862215
0.5345069989562035
0.21692300029098988
0.2527580000460148
0.24032099917531013
0.2587020006030798
0.3288830015808344
0.22329000011086464
0.2583619989454746
0.2691690009087324
0.2990339994430542
0.2815460003912449
0.5911420006304979
0.1929749995470047
0.2315250001847744
0.24757199920713902
0.25906800106167793
0.26835300028324127
0.2980020008981228
0.23380399867892265
0.26029600016772747
0.24149799905717373
0.27437400072813034
0.2578340005129576
0.22689499892294407
0.23250100016593933
0.269335001707077
0.2767890002578497
0.23451799899339676
0.25168400071561337
0.2838289998471737
0.6456400007009506
0.6607620008289814
0.2514639999717474
0.25854599848389626
0.33392000012099743
0.3559050001204014
0.3393029998987913
0.24953299947082996
0.22074799984693527
0.24893200024962425
0.23361700028181076
0.26990400068461895
0.21444099955260754
0.23805399984121323
0.2535089999437332
0.31758200004696846
0.289725000038743
0.26295600086450577
0.28883800096809864
0.2652529999613762
0.25225599855184555
0.28245499916374683
0.23834500089287758
0.1826470009982586
0.267450001090765
0.25552899949252605
0.2674219999462366
0.6985349990427494
0.8322610016912222
0.3706720005720854
0.28142400085926056
0.2638649996370077
0.27878000028431416
0.25541399978101254
0.24307500012218952
0.32979200035333633
0.24847199954092503
0.23761000111699104
0.27090900018811226
0.47210300154984
0.25632300041615963
0.2663490008562803
0.2010630015283823
0.24492999911308289
0.27568900026381016
0.2369579989463091
0.2325849998742342
0.2710570003837347
0.6873429995030165
0.2666120007634163
0.2735749986022711
0.2482759989798069
0.2531400006264448
0.2647190000861883
0.23989900015294552
0.24069799855351448
0.3945860005915165
0.24864299967885017
0.241542000323534
0.27127799950540066
0.3366999998688698
0.31467200070619583
0.2813489995896816
0.26699900068342686
0.3143910001963377
0.2179189994931221
0.2488320004194975
0.5466709993779659
0.20451700128614902
0.2558780014514923
0.2948650009930134
0.2539579998701811
0.27217799983918667
0.3789329994469881
0.23880399949848652
0.28391899913549423
0.35179599933326244
0.2531860005110502
0.2497789990156889
0.5263269990682602
0.3015010003000498
0.2598219998180866
1.1400940008461475
0.2040519993752241
0.28870500065386295
0.26637700013816357
0.26849300041794777
0.3091700002551079
0.23561600036919117
0.2399829998612404
0.2142340000718832
0.24798699840903282
0.28644599951803684
0.25778899900615215
0.26186600141227245
0.22298399917781353
0.24771899916231632
0.30186500027775764
0.313102999702096
0.278821000829339
0.6186390016227961
0.6314010005444288
0.26037999987602234
0.2521429993212223
0.2561910003423691
0.2496380005031824
0.23409400135278702
0.24835599958896637
0.26762899942696095
0.2446810007095337
0.22933399863541126
0.2624509986490011
0.32490899972617626
0.37230199947953224
0.24867399968206882
0.23004000075161457
0.1942490004003048
0.2733859997242689
0.271424001082778
0.23525100015103817
0.23078499920666218
0.2982020005583763
0.26560400053858757
0.2937059998512268
0.19494500011205673
0.33809100091457367
0.2601449992507696
0.2590870000422001
0.29714000038802624
0.2600650005042553
0.26097600162029266
0.4090649988502264
0.22332399897277355
0.23307500034570694
0.21380599960684776
0.2923699989914894
0.2560069989413023
0.4118900001049042
0.23356899991631508
0.22571000084280968
0.26609900034964085
0.27339399978518486
0.20830800011754036
0.26346899941563606
0.2413650006055832
0.20115499943494797
0.20737200044095516
0.241457000374794
0.31850000098347664
0.2858569994568825
0.2597989998757839
0.2974560000002384
0.20331799983978271
0.2745840009301901
0.208339000120759
0.25552199967205524
0.2521190010011196
0.3156130015850067
0.20655199885368347
0.26640900038182735
0.23140900023281574
0.26029999926686287
0.18801799975335598
0.23502999916672707
0.25267700105905533
0.22728700004518032
0.2589059993624687
0.264809999614954
0.2727949991822243
0.28027799911797047
0.2365990001708269
2.4305910002440214
0.20923800021409988
0.330765999853611
0.6011810004711151
0.2124119997024536
0.302089000120759
0.20940900035202503
0.26146800071001053
0.2695010006427765
0.24678399972617626
2.156190000474453
0.19954200088977814
0.32728400081396103
0.2551099993288517
0.20282300002872944
0.24125999957323074
0.5502540003508329
0.19870099984109402
0.24453399889171124
0.23701299913227558
0.20303300023078918
0.23477100022137165
0.20790299959480762
0.25289199873805046
0.3329869993031025
0.24645799957215786
0.2916020005941391
0.23687699995934963
0.23161200061440468
0.2663320004940033
0.23814800009131432
0.2796559985727072
0.24947400018572807
0.29393899999558926
0.2652829997241497
0.2954509984701872
0.25117800012230873
0.27019499987363815
0.22060400061309338
0.23438800126314163
0.24593999981880188
0.30247699841856956
0.5310529991984367
0.21657099947333336
0.2769039999693632
2.13629399985075
0.20101500116288662
0.25596299953758717
0.22644699923694134
0.2348839994519949
0.24056999944150448
0.24460900016129017
0.28733399882912636
0.2378459982573986
0.23263199999928474
0.21237299963831902
0.22753299959003925
0.34309300035238266
0.5928199999034405
0.337135998532176
0.39073700085282326
0.26026299968361855
0.22051900066435337
0.5873870011419058
0.5304899998009205
0.5829830002039671
0.21172100119292736
0.5691630002111197
0.5851249992847443
0.5849000010639429
0.6238040011376143
0.3014790005981922
0.5665820017457008
0.588196000084281
0.5792139992117882
0.5880830008536577
0.5420759990811348
0.6312259994447231
0.5435419995337725
0.206751000136137
0.5706389993429184
0.21079999953508377
0.4349160008132458
0.2322979997843504
0.21947599947452545
0.23285700008273125
0.22445400059223175
0.230061000213027
0.2805289998650551
0.26935300044715405
0.28153899870812893
0.267187999561429
0.2119779996573925
0.22523600049316883
0.285631999373436
0.23816600069403648
0.2070770002901554
0.21531100012362003
0.26249299943447113
0.22168699838221073
0.2738310005515814
0.23584099858999252
0.2646079994738102
0.21112499944865704
0.22791099920868874
0.44720100052654743
0.2587359994649887
0.23729800060391426
0.20598100125789642
0.23819199949502945
0.2659350000321865
0.3039059992879629
0.27331200055778027
0.26398699916899204
0.25587799958884716
0.3133369982242584
0.25753000006079674
0.26867400109767914
0.23631499893963337
0.24580799974501133
0.2590960003435612
0.3168460000306368
0.31396299973130226
0.24714099988341331
0.2532890010625124
0.28943999856710434
0.26164199970662594
0.25640200078487396
0.27256599999964237
0.25921699963510036
0.19864999875426292
0.28308399952948093
0.21503799967467785
0.24516200087964535
0.2539450004696846
0.27563299983739853
0.21488099917769432
0.2309849988669157
0.2024260014295578
0.22891799919307232
0.21301900036633015
0.2865650001913309
0.2276840005069971
0.22060399875044823
0.232914000749588
0.23601900041103363
0.3148079998791218
0.2581450007855892
0.2576330006122589
0.4691749997437
0.5871759988367558
0.22405900061130524
0.26609000004827976
0.24794000014662743
0.25380099937319756
0.23441999964416027
0.21796599961817265
0.29774999991059303
0.2092289999127388
0.6097499988973141
0.22924400120973587
0.2040539998561144
0.2296569999307394
0.22678699903190136
0.24556699953973293
0.23105600103735924
0.24045700021088123
0.266075998544693
0.2417920008301735
0.22847400046885014
0.26219099946320057
0.2658959999680519
0.21994799934327602
0.22674099914729595
0.22419000044465065
0.23984500020742416
0.22326700016856194
0.250857001170516
0.28433999978005886
0.24229499883949757
0.26052199862897396
0.2598149999976158
0.23516600020229816
0.24371800012886524
0.25002799928188324
0.2460159994661808
0.26879200153052807
0.2180399987846613
0.2335560005158186
0.24071399867534637
0.28673600032925606
0.2431589998304844
0.25357000157237053
0.24567199870944023
2.122282000258565
0.20646299980580807
0.2202170006930828
0.2180480007082224
0.23045199923217297
0.2623069994151592
0.24793599918484688
0.28112700022757053
0.2740880008786917
0.3046589996665716
0.25028499960899353
0.23101400025188923
0.25785600021481514
0.2002320010215044
0.21302999928593636
0.22630300000309944
0.26585400104522705
1.0738740004599094
0.2658569999039173
0.25723799876868725
0.24759999848902225
0.2069569993764162
0.30664699897170067
0.24685299955308437
0.2848359998315573
0.2748659998178482
0.21924099884927273
0.2533749993890524
0.22461399994790554
0.30231599882245064
0.2604479994624853
0.2535600010305643
0.5512610003352165
0.2856970001012087
0.2203189991414547
0.2074779998511076
0.21301299892365932
0.4620290007442236
0.18761200085282326
0.21268700063228607
0.22433499991893768
0.2342280000448227
0.2398039996623993
0.2682760003954172
0.2377339992672205
0.26778400130569935
0.2659840006381273
0.2692900002002716
0.22318299859762192
0.24719300121068954
0.2633940000087023
0.24091999977827072
0.23682699911296368
0.2724609989672899
0.23177900165319443
0.24235899932682514
0.25128600001335144
0.23594499938189983
0.21283500082790852
0.27897100150585175
0.2191259991377592
0.2609429992735386
0.25772999972105026
0.1936850007623434
0.2245470006018877
0.23103000037372112
0.20575199835002422
0.25280500017106533
0.20997400023043156
0.21891100145876408
0.26317800022661686
0.19129999913275242
0.24800899997353554
0.21982700005173683
0.5586500000208616
0.1781150009483099
0.19394000060856342
0.29694899916648865
0.17727200128138065
0.21433099918067455
0.3081930000334978
0.23649399913847446
0.2210220005363226
0.2517969999462366
0.5024410001933575
0.20299500040709972
0.2089150007814169
0.22134499996900558
0.24838300049304962
0.26686100102961063
0.2820490002632141
0.213748000562191
0.19003000110387802
0.21459800004959106
0.22741900011897087
0.22124600037932396
0.25170399993658066
0.21215399913489819
0.2486449982970953
0.3255979996174574
0.5514739993959665
0.21116100065410137
0.5612810011953115
0.2401420008391142
0.24544999934732914
0.2338509988039732
0.19955000095069408
0.2119510006159544
0.22550100088119507
0.40269399993121624
0.2032220009714365
0.21509500034153461
0.20802300050854683
0.22234800085425377
0.21513299830257893
0.24136199988424778
0.24677399918437004
0.22595800086855888
0.24246899969875813
0.2501609995961189
0.2571339998394251
0.25986700132489204
0.24538799934089184
0.5938159991055727
0.26056399941444397
0.23803099989891052
0.25039099901914597
0.20004999823868275
0.21973500028252602
0.2126659993082285
0.21343000046908855
0.4439460001885891
0.29755499958992004
0.34297600015997887
0.2642629984766245
0.33793099969625473
0.2563309986144304
0.2779830005019903
0.3377010002732277
0.31673000007867813
0.2733309995383024
0.21596799977123737
0.2531139999628067
0.24077299982309341
0.2149410005658865
0.42032499983906746
0.2401459999382496
0.23062399961054325
0.2728840000927448
0.27200799994170666
0.3303429987281561
0.2503280006349087
0.2231369987130165
0.27434700168669224
0.6473869998008013
0.21284200064837933
0.24431899935007095
0.2623440008610487
0.24753199890255928
0.24292599968612194
0.2540370002388954
0.29379599913954735
0.31646900065243244
0.2647740002721548
0.21765000000596046
0.2528370004147291
0.2800379991531372
0.2806209996342659
0.24223100021481514
0.23406000062823296
0.2500880006700754
0.23947899974882603
0.2538670003414154
0.2416680008172989
0.4046909995377064
0.20460300147533417
0.24736099876463413
0.49255700036883354
0.22316000051796436
0.25066399946808815
0.40170300006866455
0.21275100111961365
0.264121999964118
0.3567539993673563
0.3658400010317564
0.23318900167942047
0.2349389996379614
0.2752489987760782
0.25589300133287907
0.24217600002884865
0.22732399962842464
0.2738119997084141
0.2708160001784563
0.3272339999675751
0.2616230007261038
0.29894999973475933
0.2443580012768507
0.3020559996366501
0.23620299994945526
0.2469319999217987
0.214113000780344
0.2591060008853674
0.18847599998116493
0.24538899958133698
0.2799069993197918
0.25901899859309196
0.23672600090503693
0.2916859984397888
0.3407070003449917
0.227742001414299
0.2419309988617897
0.23113000020384789
0.26934600062668324
0.23432599939405918
0.2655899990350008
0.21781800128519535
0.30039400048553944
0.29927900061011314
0.2364949993789196
0.2930340003222227
0.22566600143909454
0.3597240000963211
0.30794399976730347
0.26033899933099747
0.20632500015199184
0.24568000063300133
0.24420499987900257
0.21132399886846542
0.23745799995958805
0.33331499993801117
0.26953599974513054
0.2773560006171465
0.2842999994754791
0.22899500094354153
0.30189500004053116
0.30023100040853024
0.25001700036227703
0.21397499926388264
0.25443900004029274
0.34277400001883507
0.26064599864184856
0.2982419990003109
0.2763010002672672
0.3588290009647608
0.6380559988319874
0.24463000148534775
0.20138899981975555
0.3483259994536638
0.24637299962341785
0.2681520003825426
0.3572729993611574
0.23773099854588509
0.24776500090956688
0.363306000828743
0.27005199901759624
0.3193640001118183
0.24228999949991703
0.25360199995338917
0.2194020003080368
0.27457300014793873
0.2522190008312464
0.25337300077080727
0.26088899932801723
0.2895320001989603
0.24650299921631813
0.2037779986858368
0.23121399991214275
0.2658500000834465
0.26838199980556965
0.2128120008856058
0.2778660003095865
0.6229100003838539
0.6263899989426136
0.6341470014303923
0.6361190006136894
0.46305800043046474
0.6262870002537966
0.6294680014252663
0.6314349994063377
0.6323470007628202
0.23511400073766708
0.6377680003643036
0.621408998966217
0.6288029998540878
0.6211779993027449
0.6642260011285543
0.683118000626564
0.29021899960935116
0.4102579988539219
0.2396799996495247
0.24476199969649315
0.33203599974513054
0.2727889996021986
0.5253779999911785
0.20469099842011929
0.24157899990677834
0.3658760003745556
0.23873299919068813
0.27206600084900856
0.2458720002323389
0.2779679987579584
0.3915590010583401
0.22133699990808964
0.25841099955141544
0.35947700031101704
0.2381679993122816
0.23481399938464165
0.2625789996236563
0.23602700047194958
0.24874600023031235
0.24323599971830845
0.273284999653697
0.2656050007790327
0.3939640000462532
0.3053980004042387
0.2438070010393858
0.235427999868989
0.2990790009498596
0.23399700038135052
0.31883700005710125
0.21790599822998047
0.266567999497056
0.3287089988589287
0.3323820009827614
0.29284100048244
0.2245829999446869
0.23663699999451637
0.2558809984475374
0.23395900055766106
0.2512209992855787
0.22873500175774097
0.22919400036334991
0.36051100119948387
0.22816500067710876
0.6991569995880127
0.27093599922955036
0.30960699915885925
0.23227700032293797
