4.2533080000430346
0.5194260012358427
1.4621059987694025
1.8051129989326
1.8431759998202324
1.8273989986628294
1.8197119999676943
1.771170001477003
1.7530240006744862
1.7172369994223118
1.7084610015153885
1.8138769995421171
1.735580001026392
1.6999300010502338
1.7010490000247955
1.6811830010265112
1.6800549998879433
1.728635000064969
1.6572120003402233
1.6415560003370047
1.6809710003435612
1.6556190010160208
1.6221960000693798
1.591397000476718
1.586430000141263
1.6108999997377396
1.6156609989702702
1.6101549994200468
1.653074000030756
1.646119000390172
1.5892650000751019
1.6554199997335672
2.204594001173973
1.5686799995601177
1.6384880002588034
1.5829490013420582
1.578541001304984
1.6294270008802414
1.6484060008078814
1.5755620002746582
1.587832000106573
1.6172940004616976
1.6090050004422665
1.684435999020934
1.617773000150919
1.570855000987649
1.6365479994565248
1.5977119989693165
1.6267520003020763
1.585572000592947
1.6289750002324581
1.586488999426365
1.568002000451088
1.588264999911189
1.5997560005635023
1.6431159991770983
1.5808199997991323
1.5940240006893873
1.5704410001635551
10.94038699939847
0.5524140000343323
1.5237620007246733
1.5145359989255667
1.5587670002132654
1.5658400002866983
1.515184000134468
1.6086839996278286
1.5367980003356934
1.5093339998275042
1.5822470001876354
1.5570289995521307
1.5407149996608496
1.51409500092268
1.5317050013691187
1.531734999269247
1.589377999305725
1.5054460000246763
0.7989319991320372
1.5469649992883205
1.5578669998794794
1.516457999125123
1.5725819990038872
0.523132000118494
1.551537999883294
1.502028999850154
1.5182119999080896
1.5194220002740622
1.5005229990929365
1.561242999508977
1.5225869994610548
1.5539389997720718
1.6179749984294176
1.496578000485897
1.603099999949336
1.5096680000424385
0.8627119995653629
1.5163610000163317
4.527514999732375
1.3255749996751547
1.4960880000144243
1.4636909998953342
1.520473999902606
1.510418999940157
1.4828769993036985
1.482259999960661
1.494971001520753
1.482124000787735
4.620054000988603
0.6628340017050505
1.47694499976933
1.4610060006380081
1.1959300003945827
1.4701390005648136
1.4752420000731945
1.4697580002248287
1.4803889989852905
1.4939769990742207
1.5562829989939928
1.4705409985035658
1.4653629995882511
1.4692749995738268
1.472512001171708
1.5165019985288382
1.4488099999725819
1.5178720001131296
1.4627839997410774
1.4521520007401705
1.514953000470996
1.4638320002704859
1.456937998533249
1.5412760004401207
1.4648119993507862
1.4969500005245209
1.5188210010528564
1.4595400001853704
1.45707399956882
1.4639229997992516
1.4588789995759726
1.4867719989269972
1.5051300004124641
1.4807939995080233
1.4618050009012222
0.42263699881732464
1.5160099994391203
1.503965999931097
1.5413019992411137
1.5340020004659891
1.5160509999841452
0.7080779988318682
1.510376000776887
1.451053000986576
1.4969159997999668
1.4825200010091066
1.5097460001707077
1.536599999293685
1.4831720013171434
1.5202169995754957
1.499278999865055
1.4974380005151033
1.4466050006449223
1.4632510002702475
1.4807509984821081
1.4688560012727976
1.5186359994113445
1.4563469998538494
1.4977739993482828
1.4597500003874302
1.4610849991440773
1.5446959994733334
1.5319309998303652
1.4779279995709658
1.511073000729084
1.4921749997884035
1.5215110015124083
0.39763399958610535
0.7917519994080067
1.527548000216484
1.5193069986999035
1.433245999738574
1.475552000105381
1.5454750005155802
1.5178100001066923
1.529306998476386
1.443061999976635
1.4940590001642704
1.6358300000429153
1.5027280002832413
1.508636001497507
1.4770359992980957
1.4770390000194311
1.471570998430252
1.5085899997502565
1.4950540009886026
1.4546419996768236
1.4906810000538826
1.4408230017870665
1.48182800039649
0.46833600103855133
1.4678569994866848
1.4880910012871027
1.4568129982799292
1.4591070003807545
1.4682429991662502
1.5041179992258549
1.448004001751542
1.4427870009094477
1.4510809984058142
1.460054000839591
1.4526390004903078
1.4548269994556904
1.5018329992890358
1.4977870006114244
1.5164589993655682
1.4732119999825954
2.241523001343012
1.4950609989464283
1.4577120002359152
3.417635999619961
0.7982270009815693
1.4641509987413883
1.446433000266552
1.4653329998254776
1.5230539999902248
1.4908239990472794
1.4632149990648031
1.507395999506116
1.4877310004085302
1.460742998868227
5.310111001133919
0.5961450003087521
1.4351630005985498
1.4529360011219978
1.4273830000311136
1.4698720015585423
1.4657680001109838
1.4164669997990131
1.443886000663042
2.092248000204563
2.7473120000213385
1.4121840000152588
1.4332509990781546
1.4190510008484125
2.383553000167012
1.4336489997804165
1.417493000626564
1.42302200011909
0.40101199969649315
1.4540180005133152
1.4558879993855953
1.4213709998875856
1.4525610003620386
1.4226929992437363
1.9964910000562668
1.4171740002930164
1.4240099992603064
1.4106350000947714
1.4626349993050098
1.4581409990787506
1.4158699996769428
1.4887790009379387
2.2091480009257793
1.4466399997472763
1.41372200101614
1.3761180005967617
0.37509999983012676
1.4013560004532337
1.290463000535965
1.4138749986886978
1.4462919998914003
1.4338760003447533
1.4038520008325577
1.3972280006855726
1.4089050013571978
1.4385090004652739
1.390870001167059
1.4146710000932217
0.5861120000481606
1.3800889998674393
1.4986550007015467
1.3880870006978512
1.385793000459671
1.3946149982511997
1.4667260013520718
7.384843999519944
0.4874200001358986
1.1218899991363287
1.4417840000241995
1.4147089999169111
1.4526089988648891
1.4381989985704422
1.469751000404358
1.4178529996424913
2.27284299954772
1.4211580008268356
1.4241499993950129
1.5121169984340668
1.430350998416543
0.39243000000715256
1.4089870005846024
1.4143380001187325
1.442654000595212
1.416457001119852
1.4228300005197525
1.4772800002247095
1.4142969995737076
1.4320289995521307
1.42344699986279
1.4957079999148846
1.4745439998805523
1.4089540001004934
1.4857350010424852
1.454313999041915
1.4262160006910563
1.4692470002919436
1.4390250016003847
1.4541910011321306
2.276027999818325
1.450934998691082
1.3803829997777939
1.4555479995906353
1.3830869998782873
1.4869729988276958
1.4467850010842085
1.4616529997438192
1.423963999375701
2.282033000141382
0.8143910001963377
1.4435130003839731
1.4765380006283522
2.5836849994957447
0.71900499984622
1.3864619992673397
1.4157159999012947
1.4135580006986856
1.3777040001004934
1.3774199988692999
1.3696570005267859
0.4656070005148649
1.3549390006810427
1.3912209998816252
1.3837430011481047
1.441253999248147
1.3574710004031658
1.4409110005944967
1.3879129998385906
1.4434580001980066
1.4366529993712902
1.4074099995195866
0.47499500028789043
1.3761130012571812
1.3634740002453327
1.386769998818636
1.3936069998890162
1.3638789989054203
1.3854569997638464
1.4178739991039038
1.3701839987188578
1.4264209996908903
1.390786999836564
1.3911910001188517
1.393859999254346
1.3664640001952648
1.3723260015249252
1.3628749996423721
1.404568001627922
0.6497499998658895
0.6219209991395473
1.5075270012021065
1.47146699950099
1.4492669999599457
1.4914259985089302
1.4928890001028776
1.4949400015175343
1.5108930002897978
2.4580959994345903
1.4670380000025034
1.4687380008399487
1.4818620011210442
1.467925000935793
1.476536000147462
0.4832920003682375
1.131131000816822
1.5126209985464811
1.4568710010498762
1.5138709992170334
1.5328439995646477
1.487050000578165
1.5327099990099669
1.4873799998313189
1.4690610002726316
1.4796590004116297
1.5292339995503426
1.4906629994511604
1.4938140008598566
0.6003970000892878
1.437576999887824
1.5011759996414185
1.5011519994586706
1.488789999857545
1.4765259996056557
1.446458000689745
1.6246109995990992
0.9125209990888834
1.4444300010800362
4.375478999689221
1.4748530015349388
1.4261959996074438
1.446680000051856
1.416397999972105
1.4439899995923042
1.474345000460744
1.4339300002902746
3.2014719992876053
0.5791419986635447
1.3983239997178316
1.4777629990130663
1.4814109988510609
0.4349119998514652
1.4113469999283552
1.3858720008283854
1.403812998905778
1.446721998974681
1.4112809989601374
1.4166250005364418
1.442187000066042
1.4869719985872507
1.443716000765562
1.4312800001353025
1.4494100008159876
1.407252000644803
1.4520130008459091
1.427759999409318
1.4142099991440773
10.756565000861883
0.36509599909186363
0.5755749996751547
1.3286920003592968
1.4180219992995262
1.3346119988709688
1.391940999776125
1.4345650002360344
1.3484690003097057
1.4122379999607801
1.418434999883175
1.3819099999964237
1.4217959996312857
1.3540279995650053
1.3657130002975464
1.385979998856783
1.3813230004161596
1.338357999920845
1.409375000745058
1.3653330001980066
1.4034630004316568
1.375755999237299
1.3507020007818937
0.4578729998320341
1.421629998832941
1.380028000101447
1.3645600005984306
1.3772879987955093
1.3946619983762503
1.369505001232028
1.3426179997622967
1.3904360011219978
0.5468659996986389
1.401630001142621
1.3950860016047955
1.3863689992576838
1.3819220010191202
1.3460240010172129
1.34663600102067
0.3961630016565323
0.6060159988701344
0.4222029987722635
1.056750999763608
1.3790229987353086
1.4129799995571375
1.3582189995795488
1.3621740005910397
1.367738999426365
1.3619369994848967
1.423557000234723
1.3910739999264479
1.396271999925375
1.402522999793291
1.3933830000460148
1.3810669984668493
1.408288998529315
1.3452549986541271
1.3623779993504286
1.3855730015784502
1.3525770008563995
1.3594960011541843
1.3762420006096363
1.3552540000528097
1.4115720000118017
1.395422000437975
1.3460039999336004
3.112865999341011
1.3279769998043776
1.345125000923872
1.355849999934435
1.3694390002638102
1.3751929998397827
1.3542849998921156
1.3699679989367723
1.3176669999957085
1.3784789983183146
1.3759719990193844
1.331971999257803
1.4000270012766123
1.3408009987324476
1.3551279995590448
1.3902920000255108
0.5005670003592968
1.42943299934268
1.3831319995224476
1.3833200000226498
1.3727130014449358
1.3482010010629892
1.4463860001415014
1.3469759989529848
0.5669360011816025
1.3347940016537905
1.3734679985791445
1.366015998646617
1.3303479999303818
1.3936609998345375
1.3499209992587566
1.413798999041319
1.3957509994506836
1.366668000817299
1.3590789996087551
1.3670380003750324
1.328915998339653
1.3431369997560978
1.3582930006086826
1.3537990003824234
1.365904999896884
1.3733299989253283
1.4367140009999275
1.3700699992477894
1.3431960009038448
1.3543580006808043
1.4253020007163286
1.3544930014759302
1.3830539993941784
1.3821009993553162
1.3370740003883839
1.3492649998515844
1.4055510014295578
1.3872469998896122
1.3419259991496801
1.3564750012010336
1.3600520007312298
1.3558959998190403
1.403514999896288
1.3961589988321066
1.3844370003789663
1.3614009991288185
1.4076969996094704
1.3378689996898174
1.414750000461936
1.3330060001462698
1.3569999989122152
1.3475260008126497
1.3402580004185438
1.40527299977839
1.3467610012739897
1.3734980002045631
1.3918709997087717
1.3708360008895397
0.6653230004012585
1.377988999709487
1.4264480005949736
1.4028219990432262
1.3479810003191233
1.3856930006295443
1.4110159985721111
1.4180319998413324
1.347596999257803
1.3838219996541739
1.3374419994652271
1.3861229997128248
1.3574459999799728
1.400933999568224
1.4164879992604256
1.3771970011293888
1.373037999495864
1.3971490003168583
1.3686729986220598
0.5380169991403818
0.5275050010532141
1.3471939992159605
1.4323730003088713
0.9992519989609718
1.3560899998992682
1.3588599991053343
1.3986959997564554
1.399830000475049
1.383966000750661
1.4104510005563498
1.3759840000420809
1.3503109999001026
5.269563000649214
3.5729499999433756
1.4163509998470545
1.4163440000265837
1.3650969993323088
1.3106679990887642
1.3099919985979795
1.3069560006260872
1.359001999720931
1.318231999874115
1.3208119999617338
1.3350070007145405
1.3073520008474588
1.3128089997917414
1.322444001212716
1.397740000858903
1.3370279986411333
1.3111489992588758
1.3220580015331507
1.3318159990012646
1.3265690002590418
1.3334909994155169
1.3367589991539717
1.3098120000213385
1.331692999228835
1.3981899991631508
1.3151690009981394
1.3642190005630255
1.376876998692751
1.3251179996877909
1.3232359997928143
1.3204410001635551
1.3619870003312826
1.31895300000906
1.3169720005244017
1.362695999443531
1.3562380000948906
1.3368009999394417
1.3464899994432926
1.3091979995369911
1.327199000865221
1.2945630010217428
1.3145619984716177
1.3261649999767542
1.315608998760581
1.301299000158906
0.9643280003219843
1.379499999806285
1.370303999632597
1.3109440002590418
1.3156700003892183
1.3606629986315966
1.3204200007021427
1.3598209992051125
1.3086200002580881
0.37262000143527985
0.7395239993929863
1.3191609997302294
1.3315930012613535
1.3285399992018938
1.3730060011148453
1.3539630006998777
2.367306999862194
1.3057300001382828
1.2930670008063316
1.299566000699997
1.31504600122571
1.3161679990589619
0.38934800028800964
0.9682589992880821
1.3083159998059273
1.3496509995311499
1.3307619988918304
1.3795139994472265
1.3163649998605251
1.339622000232339
1.3533910010010004
0.48131499998271465
1.30519700050354
1.7653319984674454
1.3088600002229214
1.3121380005031824
1.29254399985075
1.30498499982059
1.30231099948287
1.3098520003259182
1.2917069997638464
1.2476240005344152
1.2909669987857342
1.2903550006449223
1.36357800103724
1.3188979998230934
7.445006001740694
0.6042410004884005
0.39080299995839596
0.9747059997171164
1.3046499993652105
1.2837150003761053
1.3000290002673864
1.3324520010501146
1.325773999094963
1.277971001341939
1.2838610000908375
1.287074999883771
1.2884209994226694
1.286371000111103
1.309043999761343
1.2676389999687672
1.3381350003182888
1.2817809991538525
1.373548999428749
1.3640480004251003
1.2756230011582375
1.2675850000232458
1.3551390003412962
1.266346000134945
1.3183040004223585
1.2496360000222921
1.3186840005218983
1.3287320006638765
1.2710069995373487
1.292747000232339
1.2752780001610518
1.3022710010409355
1.2962660007178783
1.2784179989248514
1.3263029996305704
1.3215210009366274
1.3403390012681484
1.3076130002737045
1.314698999747634
1.26027400046587
1.344258001074195
1.319369999691844
0.5220789983868599
0.8970110006630421
1.2731170002371073
1.2996230013668537
1.370337000116706
2.1722550000995398
1.2750739995390177
1.2715739998966455
1.2582890000194311
1.3067719992250204
1.324074998497963
1.2641659993678331
0.3533279988914728
1.2414769995957613
1.2974580004811287
1.258679000660777
1.3017670009285212
1.2630589995533228
1.3003019988536835
1.267603000625968
1.267672000452876
1.2553799990564585
1.2456679996103048
1.2456390000879765
1.3095130007714033
1.2701239995658398
1.2740020006895065
1.232490999624133
2.047725999727845
1.2666939999908209
1.3252910003066063
1.2788660004734993
1.2894439995288849
2.2832930013537407
1.3059559985995293
1.2942359987646341
1.2748019993305206
0.6191959995776415
1.2517649997025728
1.3117769993841648
1.2768709994852543
1.2378460001200438
1.2909159995615482
1.2434670012444258
1.3586410004645586
1.2943319994956255
6.892583999782801
1.491431999951601
1.3055400010198355
1.2780550010502338
1.253550000488758
1.255723001435399
1.2660959996283054
3.1539840009063482
1.2493699993938208
1.247562000527978
1.3066630009561777
1.2919080015271902
1.288128999993205
1.2516779992729425
1.3010499998927116
1.2656389996409416
1.773598000407219
1.3130740001797676
1.2944990005344152
1.280859999358654
1.2533470001071692
1.3087080009281635
1.2996449992060661
1.2809330001473427
0.5821920000016689
1.2358249984681606
1.2537680007517338
1.2584609985351562
1.270464999601245
1.2487889993935823
1.3063319995999336
1.2795139998197556
1.296475000679493
1.2411720007658005
1.281240001320839
1.2683789990842342
1.2731219995766878
1.2876479998230934
1.2750369999557734
1.264375001192093
1.2405620012432337
4.489492001011968
0.758330998942256
1.2625239994376898
1.8822889998555183
1.2357959989458323
1.2355450000613928
1.2790059987455606
1.3276319988071918
1.3504360001534224
1.2448749989271164
1.2168829999864101
1.2805819995701313
1.2919519990682602
1.2660020012408495
1.2814130000770092
1.3066289983689785
1.244250999763608
1.2555570006370544
1.2437229994684458
1.252539999783039
1.2532509993761778
1.306114999577403
0.514826001599431
2.5809489991515875
1.291194999590516
1.2214970011264086
1.2393199987709522
1.240939000621438
1.229993000626564
1.2289300002157688
1.2453749999403954
0.4595180004835129
0.3414880000054836
0.342094000428915
0.6588560007512569
1.2895980011671782
1.2271250002086163
1.2168379984796047
1.2770159989595413
1.225739998742938
1.247324001044035
1.228455999866128
1.2567440010607243
1.2253679987043142
1.275423999875784
1.2651979997754097
1.2605320010334253
1.2578140012919903
1.23530900105834
1.245865000411868
1.2899229992181063
1.7433290015906096
1.2368950005620718
1.2585879992693663
1.2064819987863302
1.23106399923563
1.241855999454856
1.2189840003848076
0.6610479988157749
1.256573999300599
1.2751889992505312
1.285640999674797
1.2444600015878677
2.6674730014055967
0.5636100005358458
1.2252599988132715
1.2241390012204647
1.28502899967134
0.34445900097489357
1.353031998500228
1.3656479995697737
1.2430330011993647
1.285147998481989
1.234968999400735
1.2297450006008148
1.2606769986450672
1.2083790004253387
1.231309998780489
0.3362630009651184
0.7220999989658594
1.1818410009145737
1.2356799989938736
1.203957999125123
1.207497000694275
1.2226209994405508
1.1827579997479916
0.7664679996669292
1.1923040002584457
1.2066930010914803
1.2537559997290373
1.2159510012716055
1.2059989999979734
1.222111001610756
1.2403689995408058
1.2091929987072945
1.306292001157999
1.2044009994715452
1.2234610002487898
1.2293100003153086
1.1961090005934238
1.2344649992883205
1.2799049988389015
1.1785369999706745
1.2108490001410246
1.179636999964714
1.188044000416994
1.2355920001864433
1.2015250008553267
1.2346940003335476
1.2083800006657839
1.2115859985351562
1.207081999629736
1.2095649987459183
1.2334899995476007
1.1902580000460148
0.3251670002937317
0.6168899983167648
1.1976679991930723
1.1880509983748198
1.2539720013737679
0.3443560004234314
0.5552420001477003
1.2440700009465218
1.188365999609232
1.2028749994933605
1.2470859996974468
1.2055469993501902
1.2200600001960993
1.2243000008165836
1.3039199989289045
1.2192869987338781
1.2498259991407394
1.2175990007817745
1.2121409997344017
1.201274998486042
1.2278690002858639
1.19777400046587
1.2201229985803366
0.6305769998580217
0.3976360000669956
1.1808909997344017
1.2409699987620115
1.1883869990706444
3.139547001570463
1.2672170009464025
1.2764550000429153
1.2450280003249645
1.250026999041438
1.2420300003141165
0.3885180000215769
1.2035370003432035
1.2051149997860193
1.2312009986490011
1.249541999772191
1.2058540005236864
1.2327209990471601
1.2379289995878935
1.2231949996203184
1.2517200000584126
3.2964980006217957
0.9611540008336306
1.2090240009129047
0.4622549992054701
0.9961359985172749
1.2159740012139082
1.1821880005300045
1.2022660002112389
1.2096689995378256
1.1903130002319813
1.240276001393795
1.2074269987642765
0.41804299876093864
0.7573479991406202
0.3168599996715784
0.5565680004656315
1.2272020000964403
1.170329999178648
1.1960840001702309
1.1830460000783205
1.1805160008370876
1.1885060016065836
1.1844560001045465
1.1736379992216825
1.1745989993214607
1.202495999634266
1.219726998358965
1.2317270003259182
1.2448990009725094
1.2375360000878572
1.2404439989477396
1.2083490006625652
1.1871459987014532
1.2453390005975962
1.1917729992419481
1.2302799988538027
1.2123190015554428
1.1976200006902218
1.216702999547124
1.242714999243617
1.2187680006027222
1.215972000733018
1.229577999562025
1.198437001556158
1.1803280003368855
1.1945169996470213
1.233211999759078
1.1993439998477697
1.1910689994692802
1.1688069999217987
1.2098899986594915
1.1678989995270967
3.647739000618458
1.2269870005548
1.1801570001989603
1.1993100009858608
0.9234859999269247
1.16287200152874
1.1990200001746416
1.2205100003629923
1.2314759995788336
1.1721919998526573
1.1875780001282692
1.168843999505043
1.1929150000214577
1.180883001536131
1.2007860001176596
1.1685569994151592
1.1994279995560646
1.2091160006821156
1.2402320001274347
1.2292759995907545
0.37484400160610676
0.7782679982483387
1.2105849999934435
1.1779859997332096
1.1844399999827147
1.2458109986037016
1.2092119995504618
0.44638700038194656
1.1704039983451366
1.1842279992997646
1.1682920008897781
1.1845730002969503
1.1703150011599064
1.1743240002542734
1.1658169999718666
1.1743340007960796
1.2227090001106262
1.185139998793602
1.1633000001311302
1.176629001274705
1.165056999772787
1.19947399944067
1.1906659994274378
0.6332869995385408
1.1801350004971027
0.33937299996614456
0.9306199997663498
1.1653429996222258
1.1684400010854006
1.1851700004190207
1.2751739993691444
4.540687998756766
0.7611030004918575
1.202750999480486
1.2258729990571737
1.1696630008518696
1.1787869986146688
1.1794539988040924
1.629041999578476
1.1918119993060827
1.1517939995974302
1.1631409991532564
1.2285090014338493
1.1722180005162954
1.1846420001238585
1.1877699997276068
1.1676810011267662
1.1543029993772507
1.1586290001869202
1.1796469986438751
1.2278650011867285
1.214987000450492
1.2266359999775887
1.1602010000497103
1.1710969991981983
1.1469550002366304
1.161285998299718
1.1693439986556768
4.4969819989055395
1.1903039999306202
1.1570849996060133
1.1544540002942085
1.1547679994255304
1.1820160001516342
1.1572219990193844
1.1668740008026361
1.1471340004354715
1.1930919997394085
1.2061420008540154
1.198658000677824
1.2032929994165897
1.1575099993497133
1.1579870004206896
1.1997599992901087
1.17344699986279
0.3617749996483326
1.1595840007066727
1.1618859991431236
1.1679880004376173
1.145881000906229
1.1557870004326105
1.1356219984591007
1.1437129992991686
1.1922510005533695
1.1630979999899864
1.1381339989602566
1.1597949992865324
1.1500310003757477
1.2150849997997284
1.146493999287486
1.1738250013440847
1.1289369985461235
1.1795710008591413
1.1479129996150732
1.2009139992296696
1.1580039989203215
1.232914000749588
1.1867009997367859
0.3664670009166002
1.1476370003074408
1.18890199996531
1.1322760004550219
1.1436850000172853
1.1899100001901388
1.1747550014406443
1.1738740000873804
1.1276020016521215
1.1340629998594522
1.1300059985369444
0.5344219990074635
1.1289219986647367
1.1179780010133982
1.129127999767661
1.1292989999055862
1.158058000728488
1.1149049997329712
1.1262340005487204
1.1838290002197027
1.1688580010086298
1.135292001068592
5.416594998911023
0.5141920000314713
1.1001150012016296
1.1039209999144077
1.1253720000386238
1.1651370003819466
1.8551739994436502
1.122401999309659
0.5368410013616085
1.1342920009046793
1.1226620003581047
1.1830439995974302
1.1352470014244318
1.1348379999399185
1.1109820008277893
1.0146299991756678
1.1308800000697374
1.1263740006834269
0.33683199994266033
1.0722410008311272
1.106019999831915
1.1459429990500212
1.1170819997787476
1.1144909989088774
1.1118850000202656
1.1804549992084503
1.1575219985097647
1.122129000723362
1.645568000152707
1.1243760008364916
1.132149999961257
1.111803999170661
1.1874259989708662
1.1489589996635914
1.1355240009725094
1.095754001289606
1.153855999931693
1.1169300004839897
1.1010729987174273
1.1514429990202188
1.101342000067234
1.1671569999307394
1.0801059994846582
1.1041810009628534
1.1287979986518621
1.113603999838233
1.1046359986066818
1.1378309987485409
1.1159659996628761
1.116584999486804
0.5148560013622046
0.4579509999603033
1.1259419992566109
1.1722689997404814
1.1048769988119602
1.1152379997074604
1.192892000079155
1.1260679997503757
1.1848569996654987
1.1503379996865988
1.100646998733282
1.5931870006024837
1.163672000169754
1.1719650011509657
1.1198000013828278
1.1553009990602732
0.8902480006217957
1.1592200007289648
1.1392139997333288
1.1067620012909174
1.1119299996644258
1.133100999519229
1.1399000007659197
0.5149579998105764
1.1043340004980564
1.1490729991346598
1.0997189991176128
1.1779169999063015
1.1247329991310835
1.1162150017917156
1.1542760003358126
1.1078409999608994
5.387160999700427
0.8561060000211
1.0930490009486675
1.1019170004874468
1.1774069983512163
1.090413998812437
1.137798998504877
1.136353000998497
1.1309670004993677
1.1630300004035234
1.1103219985961914
1.1029349993914366
1.1371370013803244
1.112576000392437
1.1325219999998808
1.111633999273181
1.1042919997125864
1.1272239983081818
1.1037309989333153
1.0812170002609491
1.0915600005537271
1.1079789996147156
1.1365350000560284
1.1227130014449358
1.118572998791933
1.1666379999369383
1.1201159991323948
1.1161119993776083
0.9991239998489618
1.1268620006740093
1.1256590001285076
1.1177939996123314
1.1019049994647503
1.1179129984229803
1.1136470008641481
0.9957680013030767
1.1223440002650023
1.0745350010693073
1.0914859995245934
1.1019650008529425
1.1530550010502338
1.0924909990280867
1.1154509987682104
1.1102069988846779
1.1093459986150265
1.1175319999456406
1.1243470013141632
1.1312359999865294
1.0941269993782043
1.1310179997235537
1.1357550006359816
1.1131049990653992
1.1278569996356964
1.1219459995627403
1.1540530007332563
1.086056999862194
1.110003000125289
1.1417500004172325
1.1158920004963875
1.090811001136899
1.1503699999302626
1.175406999886036
1.1031039990484715
1.0852399989962578
1.094903999939561
1.0995200015604496
1.1459090001881123
1.1129049994051456
1.0796670001000166
1.0837179999798536
1.1646769996732473
1.0869269985705614
1.1554659996181726
1.214725000783801
1.119710998609662
1.101359000429511
1.1092619989067316
1.166517999023199
1.1108259987086058
1.1078039985150099
1.0940169990062714
1.0940250009298325
1.110852999612689
1.1062190011143684
1.1531869992613792
0.47015400044620037
1.175153000280261
0.3674559984356165
0.916525000706315
1.1269600000232458
1.1255070008337498
1.0984470006078482
1.1181119997054338
1.118555000051856
1.1382340006530285
1.10712599940598
1.0844539999961853
1.1169290002435446
1.0928360000252724
1.1047869995236397
1.1136319991201162
1.1214179992675781
1.10661599971354
1.1277139987796545
1.1161550004035234
1.1172879990190268
1.1028669998049736
1.0884199999272823
1.1530369985848665
1.0881079994142056
0.7595779988914728
1.1641789991408587
1.1595329996198416
1.1370889991521835
1.1081290002912283
1.1438810005784035
6.606652000918984
0.4122680015861988
1.1489199995994568
6.320519000291824
0.6014670003205538
1.1591560002416372
1.0683770012110472
1.094039998948574
1.0810230001807213
1.090582000091672
1.133363999426365
1.0845480002462864
1.0901720002293587
1.0858549997210503
1.1045110002160072
1.0990639999508858
0.38828200101852417
1.0810339991003275
1.0826130006462336
0.9776850007474422
1.126622999086976
0.34200499951839447
0.7120570000261068
1.1260919999331236
1.1137540005147457
1.094717999920249
1.0816080011427402
2.9275870006531477
1.0919190011918545
1.0774579998105764
1.0959540009498596
1.0708049982786179
1.0812190007418394
1.072478000074625
1.0984479989856482
0.3651199992746115
1.0824829991906881
1.0921400003135204
1.1010419987142086
1.071892999112606
1.0881730001419783
1.0856079999357462
1.0618569999933243
1.0762370005249977
1.0771249998360872
1.1084850002080202
1.07434600032866
1.1154149994254112
1.1137190014123917
1.8826450016349554
1.0656470004469156
1.054084999486804
1.0808720011264086
1.0735590010881424
1.0707999989390373
1.0965919997543097
1.1122760009020567
1.0791219994425774
1.5438540000468493
1.0800160001963377
1.0503679998219013
1.1026039998978376
1.0914529990404844
1.0682549998164177
1.0863940007984638
1.0860089994966984
1.0744759999215603
1.0954190008342266
1.072078000754118
1.0724790003150702
1.108287999406457
1.0805040001869202
1.0882359985262156
1.0968539994210005
1.0978900007903576
1.0872689988464117
1.101002000272274
1.0748000014573336
1.1300290003418922
1.083755999803543
1.0742659997195005
1.0838250014930964
1.0610240008682013
1.0641150008887053
1.0542130004614592
1.1437730006873608
1.1315620001405478
1.0780859999358654
2.072045000270009
1.0558289997279644
1.0874540004879236
1.0631159991025925
1.106463000178337
1.1443819999694824
1.117816001176834
1.0724340006709099
1.098565999418497
1.1556480005383492
1.0430529993027449
1.055724000558257
1.0669980011880398
0.31014300137758255
0.9790129996836185
0.37322499975562096
1.0616110004484653
1.0695830006152391
1.0893550012260675
1.0872120000422
1.0933320000767708
1.140735000371933
1.0575119983404875
1.0904520004987717
1.0624529998749495
1.0727389995008707
1.0982460007071495
1.0955289993435144
1.0732559990137815
1.1009119991213083
1.5108320005238056
1.0855529997497797
1.0718700010329485
1.0670959986746311
1.066116999834776
1.062770999968052
1.058576999232173
1.0600519999861717
1.12151800096035
1.1143300011754036
1.0651720017194748
1.1014710012823343
1.0690880008041859
1.0846079997718334
1.0560449995100498
1.081157999113202
1.033898999914527
1.0387750007212162
1.0574849992990494
1.0668879989534616
1.0673099998384714
1.0654310006648302
1.041711000725627
1.0437010005116463
1.0948660001158714
1.0731540005654097
1.1038189996033907
1.0976619999855757
1.087848000228405
1.0609930008649826
1.0844219997525215
1.1019410006701946
4.681061999872327
0.5122430007904768
1.0902559999376535
1.0573080014437437
1.0761459991335869
1.0776789989322424
1.0660099983215332
0.3411909993737936
0.8430200014263391
1.0575109999626875
1.0474290009588003
1.1165909990668297
1.0635240003466606
1.0733429994434118
1.040362000465393
3.274823000654578
1.0607779994606972
1.061006000265479
1.0658759996294975
1.0579240005463362
1.1204079985618591
1.0503969993442297
1.0721620004624128
1.0484939999878407
1.0655550006777048
1.0371920000761747
1.039733000099659
1.0987909995019436
1.0891110002994537
1.060148999094963
1.0897409990429878
1.0855100005865097
1.0811410006135702
1.075628999620676
1.0981019996106625
1.045575998723507
0.4742179997265339
1.0987320002168417
1.1077849995344877
1.0914169996976852
1.0487849991768599
1.0672949999570847
1.053948000073433
0.30849700048565865
1.053074998781085
1.085861999541521
1.0613170005381107
1.0959559995681047
1.0897220000624657
1.0814350005239248
1.047164000570774
1.0375110004097223
1.042424000799656
1.0665639992803335
1.0723889991641045
0.3312550000846386
0.9593780003488064
1.048836998641491
1.0495200008153915
1.0427289996296167
1.0888590011745691
1.0675820000469685
1.0382279995828867
1.0441800002008677
1.047834999859333
1.0483110006898642
1.0444779992103577
1.0537889990955591
0.3978019990026951
1.08062999881804
1.0414889995008707
1.0632240008562803
1.0438080001622438
1.0563299991190434
1.0528229996562004
1.0515999998897314
1.0847720000892878
1.096696000546217
1.5104089993983507
0.4389500003308058
1.0286400001496077
1.0595910008996725
1.039257001131773
1.058857999742031
0.7180209998041391
0.5646969992667437
1.2742919996380806
1.2725869994610548
1.2339689992368221
1.2796070016920567
1.263111000880599
1.2716489993035793
1.2515060007572174
1.1626710016280413
1.2528759986162186
1.278404999524355
1.2867040000855923
1.2934140004217625
1.153158999979496
1.3181660007685423
1.2958020009100437
1.261735999956727
1.2964030001312494
0.6679710000753403
1.2671710010617971
1.2808979991823435
1.2592090014368296
1.2556859999895096
1.3045620005577803
0.3429319988936186
0.8128080014139414
1.2800510004162788
1.2735109999775887
1.2729990016669035
1.3023479990661144
1.2750310003757477
1.2719710003584623
1.2949780002236366
1.283254999667406
1.2598720006644726
1.3309589996933937
1.2630810011178255
1.3011610005050898
1.2757299989461899
1.2801750004291534
1.3199159987270832
1.2771240007132292
1.2791259996592999
1.2686759997159243
1.281012998893857
1.3227960001677275
1.2891549989581108
0.7757530007511377
1.2469540014863014
1.332303998991847
1.3413839992135763
1.2728159986436367
1.276698000729084
1.317205999046564
1.2740899994969368
1.2799479998648167
1.2711230013519526
1.3199279997497797
1.2848469987511635
1.3230419997125864
1.3078749999403954
1.3111530002206564
1.292307998985052
1.2609349992126226
1.2776599992066622
1.3209450002759695
1.3076369985938072
10.543670000508428
0.3838569987565279
1.2088700011372566
0.3292100001126528
0.7513720002025366
1.2088090013712645
1.288119999691844
1.2273579984903336
1.2417239993810654
1.2237619999796152
1.247376000508666
1.2411620002239943
1.2637930009514093
1.190778998658061
1.1985879987478256
1.19785999879241
1.191211998462677
1.2405890002846718
2.3238980006426573
0.5650469996035099
1.2266279999166727
1.2166329994797707
1.2058729995042086
1.2157119996845722
6.177389999851584
0.4391639996320009
1.2083959989249706
1.205775000154972
1.2163479998707771
1.2137380000203848
1.2342259995639324
7.007959999144077
1.16469999961555
1.191143000498414
1.677284998819232
0.3850469999015331
1.1957520004361868
1.2159889992326498
1.187619000673294
1.185724999755621
1.1887410003691912
1.2069179993122816
1.1964459996670485
1.2033619992434978
1.181580999866128
1.1912760008126497
1.1835669986903667
1.2020579986274242
1.1909790001809597
1.1892729997634888
1.201656000688672
1.2216769997030497
4.121756998822093
1.2139830011874437
1.1683520004153252
1.2149839997291565
1.1801690012216568
1.1855850014835596
1.1723440010100603
1.1788490004837513
1.1858259998261929
1.2026390004903078
1.271730000153184
1.2013280000537634
1.1580879986286163
1.65200399979949
0.6470189988613129
1.1864680014550686
1.1819020006805658
1.1569849997758865
1.182150999084115
1.2123610004782677
1.1735529992729425
1.1818129997700453
1.1753759998828173
1.2119210008531809
1.250738000497222
1.1367060001939535
1.1703739985823631
1.1539630014449358
1.1587730012834072
1.161845000460744
1.1497920006513596
1.154126999899745
0.33739900030195713
1.1391250006854534
1.1334850005805492
1.1617719996720552
1.1359569989144802
1.156479999423027
1.160707000643015
1.1595139987766743
5.514872999861836
0.597053999081254
1.1739770006388426
1.1472460012882948
1.1978810001164675
1.1907440014183521
1.1440960001200438
1.1860850006341934
1.1872250009328127
1.2104880008846521
1.149260999634862
1.1578410007059574
1.1879319995641708
1.1598560009151697
1.1996299996972084
1.197825999930501
1.156810000538826
0.3532749991863966
0.9054789990186691
1.1598889995366335
1.1978200003504753
1.187891999259591
1.1234399992972612
1.1948440000414848
0.4069020003080368
1.142883000895381
1.139172000810504
1.1651390008628368
1.1872519999742508
1.1981940008699894
1.2134329993277788
1.1587020009756088
1.1608119998127222
1.1828700006008148
1.2234010007232428
1.1853320002555847
1.1724929995834827
1.2595400009304285
1.1399499997496605
1.1419040001928806
1.1437149997800589
1.178617000579834
1.1868100017309189
1.1706050001084805
1.158152000978589
1.1496409997344017
1.1448090001940727
1.2043469995260239
1.1985860001295805
1.159468999132514
1.1458269990980625
1.2125030010938644
1.2123000007122755
1.177954999729991
1.1749080009758472
1.1415860000997782
1.1445460002869368
1.1656790003180504
1.1130209993571043
1.1923259999603033
1.1300370004028082
1.1929930001497269
1.1442649997770786
1.1298810001462698
1.180817000567913
1.1998270004987717
1.1895879991352558
1.1487569995224476
1.2551579996943474
1.1616350002586842
1.1829429995268583
0.3471050001680851
1.2215490005910397
1.2198519986122847
1.1752330008894205
1.2289880011230707
1.1716489996761084
1.1917220000177622
1.178574999794364
1.1574520003050566
5.404190000146627
0.6037160009145737
1.1015050001442432
1.1498199999332428
1.1546840015798807
1.182439999654889
1.1214800011366606
1.1245450004935265
1.184094000607729
1.1525759994983673
2.0492160003632307
0.6185389999300241
1.1581170000135899
1.124370999634266
1.0941519998013973
1.1716940011829138
1.1534419991075993
1.1319239996373653
1.1195330005139112
1.1168630011379719
1.1477019991725683
1.1050390005111694
1.1277759987860918
1.1493159998208284
1.1460699997842312
1.1527929995208979
1.1550169996917248
1.1846660003066063
0.3438299987465143
1.1241309996694326
1.1095080003142357
1.162355000153184
1.1251309998333454
1.0139070004224777
1.1410700008273125
1.1474620010703802
1.1808299999684095
1.1124040000140667
1.1651820000261068
1.197290999814868
1.1221340000629425
1.155299998819828
1.1697499994188547
1.1903590001165867
1.1674789991229773
1.171085998415947
1.0939600002020597
1.1127989999949932
1.1698749996721745
1.127132000401616
1.1324279997497797
1.1734690014272928
1.1369540002197027
1.1398140005767345
1.1480780001729727
0.46520799957215786
1.1310409996658564
1.1659849993884563
1.1639320012181997
1.1623240001499653
1.1167670004069805
1.1868009995669127
1.121722999960184
1.1708620004355907
1.1192489992827177
1.1305410005152225
1.1707819998264313
1.1624259985983372
1.1321239992976189
1.1325870007276535
1.1246390007436275
1.1268399991095066
1.1310670003294945
1.158908000215888
1.1451999992132187
1.1484430003911257
1.1832520011812449
1.1192709989845753
1.1046300008893013
1.6367039997130632
1.0213590003550053
1.1373789999634027
0.3024669997394085
0.8047659993171692
1.119038999080658
1.1107400003820658
1.1198070012032986
1.1338549982756376
1.1253440007567406
1.1201789993792772
1.1101689990609884
1.1186619997024536
1.1106790006160736
1.1097259987145662
1.1161829996854067
1.1399860009551048
1.1621390003710985
1.1332600004971027
1.1272219996899366
1.128761999309063
1.116694999858737
1.161089999601245
1.1165810003876686
1.163315000012517
1.1768580004572868
1.143800999969244
1.0992149990051985
1.1061159987002611
1.1423810012638569
1.1218899991363287
1.1150230001658201
1.1171129997819662
1.1621059998869896
1.1521380003541708
1.1194080002605915
1.1402989998459816
1.152267999947071
1.1069409996271133
0.5486030001193285
1.116414001211524
1.1738840006291866
1.1115629989653826
1.118231000378728
2.353721000254154
1.1271199993789196
1.0905949994921684
1.1077149994671345
1.1148859988898039
1.156241999939084
1.0879209991544485
1.1214999984949827
1.1472629997879267
1.1016659997403622
1.1540109999477863
1.10449199937284
1.165675001218915
1.1130069997161627
1.1193640008568764
0.8645670004189014
1.0650969985872507
1.0774220004677773
1.0934979990124702
4.589802999049425
1.0929659996181726
1.1103150006383657
1.0968829989433289
1.107023000717163
1.1536530014127493
1.1097379997372627
1.1535260006785393
1.1615810003131628
