5.857410999946296
0.39991999976336956
0.4027990000322461
0.44687299989163876
0.5432829996570945
0.49592800065875053
0.3792789997532964
0.398845000192523
0.41541900020092726
0.40448199957609177
0.33096199948340654
0.4117499999701977
0.6025080000981688
1.2759689996019006
0.37801000010222197
0.4357369998469949
0.4468470001593232
0.3959929998964071
0.3912380002439022
0.47609400004148483
0.379356000572443
0.2956980001181364
0.35143200028687716
0.3856680002063513
0.3461159998551011
0.3605249999091029
0.3666679998859763
0.3667850000783801
0.3576929997652769
0.3880160003900528
0.29854700062423944
0.35072699934244156
0.36119600012898445
0.8545490000396967
0.30025199986994267
0.32346400059759617
0.40751999989151955
0.37445299979299307
0.9600940002128482
0.9154219999909401
0.2546330001205206
0.5394440004602075
0.3168900003656745
0.34044700022786856
0.46337000001221895
0.2996399998664856
0.41225000005215406
0.9148549996316433
0.818214999511838
0.25285600032657385
0.3110589999705553
0.42885900009423494
0.9243949996307492
0.33748199976980686
0.28195600025355816
0.3580990005284548
0.3044959995895624
0.3397740004584193
0.3912680000066757
0.40235199965536594
0.2999160001054406
0.3435900006443262
0.36280500050634146
0.3348499992862344
0.27717400062829256
0.39694599993526936
0.3228810001164675
0.3122269995510578
0.3653869992122054
0.2710610004141927
0.3202080000191927
0.4359560003504157
0.33535899966955185
0.31449500005692244
0.29162999987602234
0.30352200008928776
0.32679999992251396
0.3201350001618266
1.102858000434935
0.284922999329865
0.3495220001786947
0.42920299991965294
0.3969470001757145
0.4608380002900958
0.7977430000901222
0.280324000865221
0.3290149997919798
0.33740099985152483
0.4042260004207492
0.40960600040853024
0.2624770002439618
0.2981089996173978
0.3544429996982217
0.9017310002818704
0.2984730005264282
0.28685300052165985
0.33808800019323826
0.3006570003926754
0.3047849992290139
0.3107559997588396
0.3679480003193021
0.33347299974411726
0.3318199999630451
0.3569419998675585
0.30148200038820505
0.7967079998925328
0.29642899986356497
0.34551400039345026
0.29334000032395124
0.868095999583602
0.317200000397861
0.29347500018775463
0.47884299978613853
0.2950710002332926
0.2984050000086427
0.4952699998393655
0.38227600045502186
0.3592639993876219
0.26459299959242344
0.3490869998931885
0.7968359999358654
0.27281999960541725
0.30931599996984005
0.35908699966967106
0.3187600001692772
0.308164999820292
0.27065399941056967
0.2812660001218319
0.781908000819385
0.25883999932557344
0.2753849998116493
0.3226469997316599
0.2653059996664524
0.3176180003210902
0.37809200026094913
0.30398999992758036
0.2986789997667074
0.2767219999805093
0.8510600002482533
0.827263000421226
0.2840059995651245
0.3315369999036193
0.3200570000335574
0.33937499951571226
0.34488199930638075
0.3210959993302822
0.3164820000529289
0.3329920005053282
0.3178820004686713
0.749032000079751
0.25938399974256754
0.3986309999600053
0.3292929995805025
0.4384709997102618
0.31608499959111214
0.2978839995339513
0.3059069998562336
0.31656999979168177
0.3078870000317693
0.27568399999290705
0.3080179998651147
0.3088079998269677
0.9085249993950129
0.9115939997136593
0.6721599996089935
0.8928240006789565
0.6717720003798604
0.9008909994736314
0.9055859996005893
0.8981490004807711
0.9231660002842546
0.8046340001747012
0.8647190006449819
0.8514189999550581
0.7848300002515316
0.789805999957025
0.25737700052559376
0.2650259993970394
0.3037959998473525
0.3165149996057153
0.3177400007843971
0.2559780003502965
0.29607100039720535
0.45859199948608875
0.3339029997587204
0.30202599987387657
0.3103339998051524
0.3217620002105832
0.3291370002552867
0.6043039998039603
0.6456559998914599
0.2999729998409748
0.2510869996622205
0.3072450002655387
0.2849590005353093
0.327734999358654
0.33398300036787987
0.3384689996019006
0.3106280006468296
0.7906550001353025
0.291040999814868
0.2776699997484684
0.3259060001000762
0.2564940005540848
0.3956709997728467
0.30456299986690283
0.39355500042438507
0.3895279997959733
0.46876899991184473
0.368970999494195
0.27188799995929
0.34959100000560284
0.31300800014287233
0.29316299967467785
0.3033869992941618
0.3604669999331236
0.3130709994584322
0.7969220001250505
0.34055300056934357
0.7828999999910593
0.2526970002800226
0.2946899998933077
0.38358400017023087
0.2757570007815957
0.3705000001937151
0.3288960000500083
0.31850800011307
0.2878430001437664
0.3715880000963807
0.35925399977713823
0.3410980002954602
0.25770199950784445
0.2665230007842183
0.8019599998369813
0.2723120003938675
0.28585399966686964
0.7145969998091459
0.24203799944370985
0.7532420000061393
0.7726350007578731
1.373398999683559
0.26203699968755245
0.2792009999975562
0.24415899999439716
0.2793889995664358
0.35043099988251925
0.26645699981600046
0.2481159996241331
0.33126600086688995
0.242510000243783
0.29600099939852953
0.3287969995290041
0.30496499966830015
0.2709050001576543
0.3444449994713068
0.32185900025069714
0.33435000013560057
0.34268700052052736
0.2817430002614856
0.22584199998527765
0.3237299993634224
0.5529089998453856
0.2823720006272197
0.260835999622941
0.2603110000491142
0.3143029995262623
0.31955800019204617
0.2944310000166297
0.5229569999501109
0.24544000066816807
0.2833610000088811
0.3906960003077984
0.32772700022906065
0.31913800071924925
0.29307200014591217
0.31998899951577187
0.258610000833869
0.46455000061541796
0.23787300009280443
0.2817529998719692
0.33859900012612343
0.2575390003621578
0.3005720004439354
0.28466099966317415
0.2691569998860359
0.22397099994122982
0.26724399998784065
0.2974509997293353
0.2595600001513958
0.32497300021350384
0.2701460001990199
0.3087249994277954
0.3251409996300936
0.28171500004827976
0.26368500012904406
0.3102350002154708
0.2808739999309182
0.274019000120461
0.23761700000613928
0.3255359996110201
0.29337500035762787
0.35215499997138977
0.2933519994840026
0.4309330005198717
0.29437500052154064
0.3493240000680089
0.2966749994084239
0.27540700044482946
0.27868800051510334
0.33876300044357777
0.34615400061011314
0.27909799944609404
0.3122090008109808
0.30336599983274937
0.3169660000130534
0.4236920000985265
0.39707399997860193
0.351711000315845
0.2770139994099736
0.318142999894917
0.3111410001292825
0.6582909999415278
0.322227000258863
0.3474980005994439
0.34358600061386824
0.3759660003706813
0.26394800003618
0.2584950001910329
0.3001599991694093
0.3333569997921586
0.41015699971467257
5.799088999629021
0.3499019993469119
0.333165000192821
0.2695389995351434
0.2879729997366667
0.2768860002979636
0.35299200005829334
0.7524450002238154
0.7747479993849993
0.26173000037670135
1.4416320007294416
0.26480199955403805
0.408547000028193
0.26527899969369173
0.5423309998586774
0.45814800076186657
0.34336599987000227
0.7699549999088049
0.2685490008443594
0.2561550000682473
0.3503259997814894
0.3076210003346205
0.287945999763906
0.5039220005273819
0.2591950008645654
0.34130300022661686
0.40696499962359667
0.3027539998292923
0.3189650001004338
0.3066140003502369
0.30115299951285124
0.26709899958223104
0.2967970008030534
0.32272599916905165
0.3210460003465414
0.3513200003653765
0.3226680001243949
0.33677100017666817
0.35228999983519316
0.2772289998829365
0.28682100027799606
0.3144260002300143
0.3150699995458126
0.346284999512136
1.9210120001807809
0.2499660002067685
0.36407999973744154
0.2776829991489649
0.35007800068706274
0.22532999981194735
0.2626760005950928
0.36556899920105934
0.3322630003094673
0.2900410005822778
0.3436290007084608
0.26450000051409006
0.26962099969387054
0.2914519999176264
0.30326199997216463
0.2872280003502965
0.25841900054365396
0.31569799967110157
0.2617540005594492
0.3389679994434118
0.2767460001632571
0.29875800013542175
0.3475280003622174
0.34942799992859364
0.3357300003990531
0.3101210007444024
0.2961719995364547
0.46545800007879734
0.25518300011754036
0.272150999866426
0.3999319998547435
0.24501200020313263
0.30348999984562397
0.365209000185132
0.3418890004977584
0.3391720000654459
0.3765420001000166
0.26811099983751774
0.28743499983102083
0.2866719998419285
0.3259840002283454
0.29281899984925985
0.2712380001321435
0.3309499993920326
0.3267850000411272
0.3126609995961189
0.2470010006800294
0.2995850006118417
0.26560800056904554
0.285996999591589
0.3546050004661083
0.3128619994968176
0.28583599999547005
0.2755169998854399
0.2854059999808669
0.25770500022917986
0.2857300005853176
0.2835609996691346
0.41680800076574087
0.27077499963343143
0.29061799962073565
0.23952499963343143
0.26563499961048365
0.386034999974072
0.3694669995456934
0.35162200033664703
0.3122340003028512
0.34945600014179945
0.342055999673903
0.41850099992007017
0.2746410006657243
0.3325129998847842
0.3474649991840124
0.3742399998009205
0.38043199945241213
0.3174250004813075
0.32548000011593103
0.31533499993383884
0.49097099993377924
0.2981099998578429
0.30086600035429
0.2640479998663068
0.3362549999728799
0.2921569999307394
0.3939479999244213
0.38461599964648485
0.4616820001974702
0.35553700011223555
0.3132039997726679
0.2973159998655319
0.2655469998717308
0.2744850004091859
0.3680259995162487
0.33656999934464693
0.30877599958330393
0.2737499997019768
0.2642640005797148
0.29877900052815676
0.4876170000061393
0.2878290005028248
0.2780419997870922
0.41535000037401915
0.27517000027000904
0.3133559999987483
0.36731799971312284
0.2729990007355809
0.2679449999704957
0.30657999962568283
0.24880400020629168
0.2750189993530512
0.33988899923861027
0.27479599975049496
0.3118780003860593
0.2991669997572899
0.31655099987983704
0.3448930000886321
0.27220300026237965
0.3071579998359084
0.4641069993376732
0.6916079996153712
0.28749100025743246
0.37805100064724684
0.270410000346601
0.8110440000891685
0.39548399951308966
0.6160510005429387
0.2930770004168153
0.3765139998868108
0.29429499991238117
0.29519700072705746
0.27823800034821033
0.3002389995381236
0.5295879999175668
0.39184499997645617
0.331241000443697
0.29420699924230576
0.2860639998689294
0.24161799997091293
0.36197800002992153
0.2727020001038909
0.28455999959260225
0.29069599974900484
0.38417099975049496
0.7887749997898936
0.7348579997196794
0.5504100006073713
0.7631649998947978
0.6780019998550415
0.7371399998664856
0.7319329995661974
0.7218699995428324
0.7192940004169941
0.7210330003872514
0.7437020000070333
1.4019549991935492
0.8158430000767112
0.7951260004192591
0.809625000692904
0.8177379993721843
0.8119430001825094
0.2781819999217987
0.3327069999650121
0.29583200067281723
0.3438280001282692
0.28384000062942505
0.2829069998115301
0.3248979998752475
0.3138359999284148
0.22733999975025654
1.143613999709487
0.27989500015974045
0.31096400041133165
0.2784869996830821
0.25661399960517883
0.731199000030756
0.3171669999137521
0.365748000331223
0.34268200024962425
0.3508000001311302
0.3382500000298023
0.44869500026106834
0.30478600040078163
0.347847000695765
0.28143699932843447
0.3728710003197193
0.410755000077188
0.30747099965810776
0.37859900016337633
0.3067669998854399
0.39291200041770935
0.34310000017285347
0.3439499996602535
0.4549200003966689
0.2772740004584193
0.29723200015723705
0.3112540002912283
0.5022709993645549
0.31739600002765656
0.3741470007225871
0.3370519997552037
0.33607999980449677
0.2546279998496175
0.5988949993625283
0.37285600043833256
0.3083790000528097
0.32477799989283085
0.3297150004655123
0.30955199990421534
0.28665800020098686
0.31461199931800365
0.2454130006954074
0.29843000043183565
0.3085030000656843
0.3141820002347231
0.33116899989545345
0.760517000220716
0.9137909999117255
0.2762359995394945
0.2655110005289316
0.36336600035429
0.28889499977231026
0.3185450006276369
0.26745999976992607
0.8391999993473291
0.8118090005591512
0.3319010008126497
0.3633840000256896
0.35804999992251396
0.4659580001607537
0.3261949997395277
0.34938100073486567
0.35337099991738796
0.2838399996981025
0.3113389993086457
0.4054239997640252
0.36686799954622984
0.3318579997867346
0.3202680004760623
0.28920300025492907
0.372214000672102
0.39522499963641167
0.37260999996215105
0.3268029997125268
0.3503430001437664
0.3779689995571971
0.30653100088238716
0.28922099992632866
0.2979719992727041
0.34101999923586845
0.36439900007098913
0.30252200085669756
0.34935500007122755
0.5297380005940795
0.2580960001796484
0.7394430004060268
0.6685399999842048
0.2863509999588132
0.33967099990695715
0.26771899964660406
0.39591600000858307
0.27192100044339895
0.30310000013560057
0.37276600021868944
0.28196700010448694
0.31032400019466877
0.28538199979811907
0.3230830002576113
0.34541499987244606
0.31887400057166815
0.40435600001364946
0.3083229996263981
0.3026740001514554
0.349201999604702
0.32332099974155426
0.3152310000732541
0.2919440008699894
0.29141000006347895
0.32375399954617023
0.33330999966710806
0.26791200041770935
0.28235300071537495
0.40461300034075975
0.24672399926930666
0.25761300045996904
0.379611000418663
0.29147899989038706
0.34659899957478046
0.2934240000322461
2.9952140003442764
0.26594300009310246
0.3402390005066991
0.7196400007233024
0.4708129996433854
0.29007000010460615
0.37110899947583675
0.3215760001912713
0.27343999966979027
0.7113760001957417
0.3288500001654029
0.30336999986320734
0.3193629998713732
0.29469200037419796
0.3371919998899102
0.2756019998341799
0.3299949998036027
0.30183700006455183
0.33018200006335974
0.28796400036662817
0.2945659998804331
0.4216959998011589
0.2613169997930527
0.24879799969494343
0.268028000369668
0.30602999962866306
0.2969650002196431
0.4741250006482005
0.287453000433743
0.3048660000786185
0.28102999925613403
0.2804030003026128
0.3011960005387664
0.2449380001053214
0.25810200069099665
0.7228239998221397
0.7214659992605448
0.26827700063586235
0.2855900004506111
0.40266500040888786
0.28855099994689226
0.41178799979388714
0.24800200015306473
0.28549399971961975
0.27274699974805117
0.300157000310719
0.2830989994108677
0.2629309995099902
0.28460599947720766
0.3489870000630617
0.2998860003426671
0.3106710007414222
0.3154829991981387
0.3290430000051856
0.25589399971067905
0.34830600023269653
0.2689769994467497
0.26294799987226725
0.2905989997088909
0.26436400040984154
0.3115159999579191
0.2630320005118847
0.26187900081276894
0.2638900000602007
0.2797790002077818
0.2476039994508028
0.2706280006095767
0.3425569999963045
0.27314000017941
0.29931300040334463
0.3664629999548197
0.3006460005417466
0.2737990003079176
0.2989520002156496
0.5117369992658496
0.2959430003538728
0.26618900056928396
0.28972100000828505
0.2719149999320507
0.46849099919199944
0.27430499996989965
0.33698799926787615
0.26839999947696924
0.7139639994129539
0.2594240000471473
0.2298640003427863
0.25698199961334467
0.33947600051760674
0.3274420006200671
0.2861329996958375
0.3395050000399351
0.32958099991083145
0.2898650001734495
0.2518360000103712
0.3643290000036359
0.5051779998466372
0.3705480005592108
0.20538400020450354
0.26374000031501055
0.35229500010609627
0.3445790000259876
0.3104420006275177
0.31744399946182966
0.3506599999964237
0.41430600080639124
0.28951700031757355
0.24973700009286404
0.2483040001243353
0.33603000082075596
0.2951009999960661
0.2995899999514222
0.31204700004309416
0.3164429999887943
0.2836849996820092
0.31609500013291836
0.29923100024461746
0.7071420000866055
0.7009920002892613
0.27419899962842464
0.40790800005197525
0.2405129997059703
0.26568799931555986
0.36479900032281876
0.32995299994945526
0.3322580000385642
0.3470340007916093
0.43725300021469593
0.4192800000309944
0.244357000105083
0.30906299967318773
0.31599599961191416
0.31135400012135506
0.2889789994806051
0.33035000041127205
0.27683200035244226
0.7080300003290176
0.7418849999085069
0.27117300033569336
0.23218199983239174
0.3218509992584586
0.32104500010609627
0.6967810001224279
0.22818200010806322
0.3101690001785755
0.2795119993388653
0.28619400039315224
0.2834740001708269
0.26594899967312813
0.275865999981761
0.26071499940007925
0.31957599986344576
0.27443999983370304
0.6614859998226166
0.28285699989646673
0.27075500041246414
0.31480100005865097
0.3421780001372099
0.2622809996828437
0.2721490003168583
0.3232540003955364
0.2697639996185899
0.7365129999816418
0.22901399992406368
0.2776009999215603
0.6907620001584291
0.3157660001888871
0.27508299984037876
0.2472280003130436
2.735376000404358
0.32426000013947487
0.2579880002886057
0.29625399969518185
0.2899539992213249
0.6450749998912215
0.2363249994814396
0.25174300000071526
0.39471600018441677
0.24779599998146296
0.3070360003039241
0.22636900003999472
0.2784699993208051
0.3065839996561408
0.3268470000475645
0.30823800060898066
0.3063730001449585
0.4133020006120205
0.28910600021481514
0.30336599983274937
0.27357500046491623
0.23773799929767847
0.3010879997164011
0.25645799934864044
0.29701900016516447
0.36128600034862757
0.2500970000401139
0.2799279997125268
0.2481479998677969
0.2900129994377494
0.2984170001000166
0.3362330002710223
0.7061080001294613
0.6953670000657439
0.6923129996284842
0.6987779997289181
0.7055609999224544
0.288506000302732
0.271552000194788
0.694199999794364
0.6900650002062321
0.7735870005562901
0.3641229998320341
0.6985210003331304
0.6949559999629855
0.2303940001875162
0.32656600046902895
0.38290899991989136
0.23491400014609098
0.3468500003218651
0.3421959998086095
0.6921560000628233
0.23201199993491173
0.27230599988251925
0.3020699992775917
0.29589400067925453
0.4009459996595979
0.2460549995303154
0.33162099961191416
0.2679559998214245
0.27481700014322996
0.2915260000154376
0.28294199984520674
0.30232799984514713
0.285181000828743
0.29805599991232157
0.5627690004184842
0.708161000162363
0.683530000038445
0.286013999953866
0.2629220001399517
0.3121540006250143
0.3818339994177222
0.26695000007748604
1.5419690003618598
0.29218100011348724
0.3403750006109476
0.31397700030356646
0.30926699936389923
0.3618139997124672
0.3158760005608201
0.3615779997780919
0.2991459993645549
0.2448479998856783
0.33743800036609173
0.3768150005489588
0.30424899980425835
0.26369400043040514
0.27295999974012375
0.23883699998259544
0.2743859998881817
0.2820470007136464
0.4033769993111491
0.330417999997735
0.3133450001478195
0.29515699949115515
0.3746720002964139
0.6547710001468658
0.2370409993454814
0.2322819996625185
0.35744000039994717
0.34950799960643053
0.25182299967855215
0.2554230000823736
0.37545100040733814
0.22502699960023165
0.2914280006662011
0.31189300026744604
0.30714899953454733
0.25300500076264143
0.29347999952733517
0.3221720000728965
0.2775229997932911
0.27085600048303604
0.25022000074386597
0.27041800040751696
1.5986910006031394
0.22469499986618757
0.31459899991750717
0.26332900021225214
0.25238699931651354
0.3034969996660948
0.24910999927669764
0.3287840001285076
0.29245400056242943
0.2396919997408986
0.2705859998241067
0.3169679995626211
0.31610099971294403
0.2668819995597005
0.2458279998973012
0.2791659999638796
0.35315299965441227
0.29846400022506714
0.2501299995929003
0.26798999961465597
0.23598000034689903
0.3010200001299381
0.288268999196589
0.3063289998099208
0.2588830003514886
0.2554660001769662
0.26456599961966276
0.25510900001972914
0.6601129993796349
0.30458199977874756
0.2897729994729161
0.25154300034046173
0.28904399927705526
0.23488999996334314
0.5525549994781613
0.2397099994122982
0.3067610003054142
0.377959999255836
0.2464269995689392
0.30591300036758184
0.3721909997984767
0.23413999937474728
0.29180700052529573
0.26697300001978874
0.26773800048977137
0.3061420004814863
0.25039099995046854
0.2662680000066757
0.3272179998457432
0.3350339997559786
0.24919100012630224
0.665548000484705
0.6616720007732511
0.2779689999297261
0.22765700053423643
0.6607780000194907
0.6624139994382858
0.6679230006411672
0.711327999830246
0.6080100005492568
0.6569889998063445
0.7490550000220537
0.6607919996604323
0.25929700024425983
0.6615679999813437
0.6641820007935166
0.6640550000593066
0.6595339998602867
0.6596010001376271
0.6524520004168153
0.6049140002578497
0.21942900028079748
0.6533610001206398
0.6650890000164509
0.7868630001321435
0.2313620001077652
0.3411569995805621
0.2407789994031191
0.2589099993929267
0.2466449998319149
0.2443670006468892
0.25554300006479025
0.2796339998021722
0.2405940005555749
0.2736160000786185
0.23713900055736303
0.2685690000653267
0.3359780004248023
0.3214839994907379
0.36093900073319674
0.2215769998729229
0.2435130001977086
0.2704330002889037
1.8370059998705983
0.22085400018841028
0.3560979999601841
0.23533799964934587
0.4005889995023608
0.24273100029677153
0.3243309995159507
0.29731000028550625
0.33336499985307455
0.3061359999701381
0.3025479996576905
0.2996840002015233
0.3315159995108843
0.29158399999141693
0.23408199939876795
0.45562899950891733
0.3091550003737211
0.3492199992761016
0.2647339999675751
0.26275699958205223
0.311532000079751
0.3091519996523857
0.2576190000399947
0.2566019995138049
0.29191500041633844
0.26051800046116114
0.31498400028795004
0.3182650003582239
0.43938300013542175
0.237788999453187
0.4338050000369549
0.31734100077301264
0.2796729998663068
0.510789000429213
0.7151790000498295
0.2818490006029606
0.27540200017392635
0.3050580006092787
0.30661800038069487
0.26606199983507395
0.35437600035220385
0.25910700019448996
1.3651259997859597
0.2479759994894266
0.2534809997305274
0.27258799970149994
0.2599889999255538
0.298611999489367
0.3502170005813241
0.2954959999769926
0.26142000034451485
0.27399499993771315
0.28168199956417084
0.2994609996676445
0.2635780004784465
0.3515469999983907
0.24956699926406145
0.2900919998064637
0.6795030003413558
0.694752000272274
0.24529200047254562
0.3682350004091859
0.26206699945032597
0.25654999911785126
0.2692549992352724
0.2781489994376898
0.32366800028830767
0.32368799950927496
0.23337600007653236
0.27227899990975857
0.29689899925142527
2.9511249996721745
0.3526520002633333
0.33020500000566244
0.3277620002627373
0.29386099986732006
0.2594699999317527
0.29251800011843443
0.30020299926400185
0.27682900056242943
0.22659000009298325
0.2875450002029538
0.32088200002908707
0.34769099950790405
0.483581000007689
0.2447110004723072
0.2584079997614026
0.5270670000463724
0.2923059994354844
0.6654080003499985
0.2385099995881319
0.28586800023913383
0.2895499998703599
0.2503829998895526
0.22014200035482645
0.28155600000172853
0.31549800001084805
0.6764979995787144
0.20940899942070246
0.24784599989652634
0.2657900005578995
0.2465849993750453
0.2630409998819232
0.3025789996609092
0.27226899936795235
0.3096780003979802
0.2752629993483424
0.2944789994508028
0.3031240003183484
0.3099159998819232
0.28304099943488836
0.3255749996751547
0.2971490006893873
0.28891600016504526
0.26532999984920025
0.3152649998664856
0.25034699961543083
0.29163500014692545
0.3158440003171563
0.2815800001844764
0.3347710007801652
0.336153999902308
0.2522689998149872
0.2842629998922348
0.39176000002771616
0.22577099967747927
0.2522539999336004
0.26501400023698807
0.23399499990046024
0.392319000326097
0.2408139994367957
0.24339700024574995
0.2833099998533726
0.2646000003442168
0.23220600001513958
0.3274429999291897
0.293440000154078
0.32239599991589785
0.36637100018560886
0.30624600034207106
0.3163109999150038
0.38313800003379583
0.28252500016242266
0.715034999884665
0.31716000009328127
0.2797560002654791
0.4254780001938343
0.28588599991053343
0.40944300033152103
0.2666880004107952
0.40611100010573864
0.4171460000798106
0.22682000044733286
0.6883140001446009
0.27213899977505207
0.6824129996821284
0.254054999910295
0.4564729994162917
0.6997210001572967
0.28213000018149614
0.3266010005027056
0.29254200030118227
0.2877209996804595
0.3009959999471903
0.23658199980854988
0.2663179999217391
0.3239759998396039
0.3295360002666712
0.28462300077080727
0.35861200001090765
0.31272399984300137
0.5656669996678829
0.2377269994467497
0.6864169994369149
0.35769400000572205
0.30230299942195415
0.2509070001542568
0.27152200043201447
0.3157449997961521
0.2698640003800392
0.2561729997396469
0.2562260003760457
0.30006099957972765
0.2681489996612072
0.30732399970293045
0.27490000054240227
0.28485099971294403
0.2531030001118779
0.2580679999664426
0.32630900014191866
0.7127189999446273
0.3375730002298951
0.264639999717474
0.25264499988406897
0.2692989995703101
0.2511329995468259
0.28120299987494946
0.316045000217855
0.3217929992824793
0.3045420004054904
0.7156560001894832
0.30488499999046326
0.27541499957442284
0.32038599997758865
0.30760200042277575
0.31665199995040894
0.2704170001670718
0.27924499940127134
0.3141359994187951
0.2570150000974536
0.25227500032633543
0.5448279995471239
0.6087230006232858
0.2523259995505214
0.32923199981451035
0.2749760001897812
0.27072499971836805
0.3439460005611181
0.2970040002837777
0.2687100004404783
0.2902339994907379
0.2620080001652241
0.25380799919366837
0.23268000036478043
0.2766619995236397
0.3172960001975298
0.2716100001707673
0.2555869994685054
0.2522670002654195
0.2639840003103018
0.2955080000683665
0.2755730003118515
0.29083400033414364
0.30786100029945374
0.2913149995729327
0.3235570006072521
0.31616799999028444
0.2524619996547699
0.4123410005122423
0.31964499969035387
0.24241000041365623
0.2774550002068281
0.2748539997264743
0.2903070002794266
1.4487659996375442
0.2657829998061061
0.3172039994969964
0.2489330004900694
0.33343399967998266
0.3352359998971224
0.28289599996060133
0.3253620006144047
0.3423039996996522
0.29960899986326694
0.2938919998705387
0.30118099972605705
0.24515700060874224
0.3018920002505183
0.6507370006293058
0.6546440003439784
0.276099999435246
0.26585600059479475
0.3153909994289279
0.24838500004261732
0.3073039995506406
0.33170099928975105
0.2854710007086396
0.27172299940139055
0.36477799993008375
0.3228789996355772
0.28536299988627434
0.29339300002902746
0.30259399954229593
0.30661900062114
0.2682459997013211
0.425675000064075
0.3331140000373125
0.5319969998672605
0.32060200069099665
0.3401500005275011
0.1879590004682541
0.2596589997410774
0.3487440003082156
0.24552199989557266
0.2907289993017912
0.7362080002203584
0.3588410001248121
0.3413800001144409
0.2703590001910925
0.23885400034487247
0.2738969996571541
0.22695199958980083
0.25529699958860874
0.2705739997327328
0.30250700004398823
0.2680070009082556
0.30058000050485134
0.24809799995273352
0.2761490000411868
0.23331800010055304
0.3104280000552535
0.23829100001603365
0.26985999941825867
0.6518890000879765
0.6579729998484254
0.25401000026613474
0.5784869994968176
0.25381499994546175
0.6546069998294115
0.7244069995358586
0.2171639995649457
0.29592400044202805
0.2563009997829795
0.6794590000063181
0.6400919994339347
0.6330310003831983
0.6937979999929667
0.636659000068903
0.6495300000533462
0.6560209998860955
0.6477270005270839
0.6476080007851124
0.6786679998040199
0.5813670000061393
0.6492790002375841
0.6345979999750853
0.250195000320673
0.2890130002051592
0.3196799997240305
0.3288600007072091
0.29772699996829033
0.2929190006107092
0.2338060000911355
3.436959999613464
0.27700600028038025
0.3162079993635416
0.6883339993655682
0.2904099998995662
0.3406059993430972
0.5513310004025698
0.27362100034952164
0.2865920001640916
0.2530929995700717
0.27532200049608946
0.3084659995511174
0.26970400009304285
0.41714899986982346
0.2061750004068017
0.24600199982523918
0.2752980003133416
0.28142100013792515
0.24614799953997135
0.2342720003798604
0.2787189995869994
0.2580129997804761
0.2961769998073578
0.24471599981188774
0.23761800024658442
0.2530979998409748
0.3021160000935197
0.3384579997509718
0.23802900034934282
0.28903300035744905
0.28347900044173
0.24329499993473291
0.2349810004234314
0.24791799951344728
0.2510440004989505
0.2503899997100234
0.23982199933379889
0.40195300057530403
0.22311699949204922
0.2808119999244809
0.3245309991762042
0.29249799996614456
0.24381399992853403
0.439881999976933
0.5956729995086789
1.8988830000162125
0.21276000048965216
0.26944900024682283
0.27346500009298325
0.30616800021380186
0.2288540005683899
0.2807799996808171
0.41467500012367964
0.3205089997500181
0.2561889998614788
0.25078599993139505
0.24821399990469217
0.36698300018906593
0.22848100028932095
0.2216140003874898
0.25880700070410967
0.3028240008279681
0.30141699966043234
0.2808940000832081
0.31875399965792894
0.23577299993485212
0.22637099958956242
0.23949000053107738
0.28391799982637167
0.2896579997614026
0.27786399982869625
0.6116039995104074
0.23998000007122755
0.25874700024724007
0.2912250002846122
0.22916499990969896
0.28131099976599216
0.28950100019574165
0.2749740006402135
0.26307199988514185
0.27178500033915043
0.18780600000172853
0.2271739998832345
0.2509149992838502
0.22785400040447712
0.24196899961680174
0.2604890000075102
0.3303789999336004
0.2704579997807741
0.3019739994779229
0.34037300013005733
0.24249100033193827
0.2577539999037981
0.24705699924379587
0.27854999992996454
0.29231799952685833
0.27436899952590466
0.277063999325037
0.3201740002259612
0.27349300030618906
0.2516059996560216
0.2856010003015399
0.28767700027674437
0.2695200005546212
0.33560899924486876
0.2664910005405545
0.289987999945879
0.6061530001461506
0.23678600043058395
0.25901699997484684
0.3294759998098016
0.4904220001772046
0.3957430003210902
0.2591380001977086
0.27280700020492077
0.3664199998602271
0.27849499974399805
0.2727890005335212
0.5633490001782775
0.6170589998364449
0.2855369998142123
0.2652899995446205
0.293159999884665
0.26427000015974045
0.3265420002862811
0.3126419996842742
0.25995699968189
0.24684999976307154
0.2681449996307492
0.31881199963390827
0.3034149995073676
0.3807119997218251
0.3200570000335574
0.2441459996625781
0.31940099969506264
0.284145999699831
0.2825370002537966
0.5610380005091429
0.21301500033587217
0.26341099943965673
0.2673219991847873
0.3001290000975132
0.6248719999566674
0.2188510000705719
0.26389100030064583
0.28014300018548965
0.2750969994813204
0.29901299998164177
0.2851910004392266
0.2988809999078512
0.2492539994418621
0.3245409997180104
0.3059530006721616
0.24149500019848347
0.22915600053966045
0.26167600043118
0.27186799980700016
0.31306999921798706
0.23396500013768673
0.22816199995577335
0.23894499987363815
0.2551429998129606
0.24488800019025803
0.2647869996726513
0.28272899985313416
0.2679340001195669
0.3059900002554059
0.2923339996486902
0.22383099980652332
0.2791339997202158
0.2261370001360774
0.6393099995329976
0.23411699943244457
0.23658999986946583
0.34185099974274635
0.20371600054204464
0.24742700066417456
0.3849980002269149
0.24672400020062923
0.284510999917984
0.26104999985545874
0.28772899974137545
0.27953099925071
0.606203000061214
0.24006399977952242
0.2338519999757409
0.6245319992303848
0.2604670003056526
0.6255889991298318
0.24382600001990795
0.2251609992235899
0.288226000033319
0.34423100017011166
0.25814800057560205
0.2529100002720952
0.2548719998449087
0.6032060002908111
0.2492359997704625
0.25566399935632944
0.3277070000767708
0.30792699940502644
0.24270599987357855
0.2831920003518462
0.29155500046908855
0.23966800048947334
0.33171699941158295
0.27849800046533346
0.26428999938070774
0.2867409996688366
0.2744829999282956
0.2367730000987649
0.2958880001679063
0.2606149995699525
0.33697599917650223
0.22481000050902367
0.2334889993071556
0.3064689999446273
0.2459960002452135
0.21513199992477894
0.298654000274837
0.2898249998688698
0.2724449997767806
0.2560310000553727
0.2845799997448921
0.30564200039952993
0.25604499969631433
0.29800499975681305
0.31280400045216084
0.2558890003710985
0.29344800021499395
0.26473299972712994
0.3329170001670718
0.30487600062042475
0.3441220000386238
0.26264300011098385
0.2708020005375147
0.5326539995148778
0.22306299954652786
0.22153399977833033
0.4379940005019307
0.3122609993442893
0.2640050007030368
0.33278599940240383
0.38622500002384186
0.6032719993963838
0.24022699985653162
0.3231460005044937
0.25530000030994415
0.26023599971085787
0.2696519996970892
0.31144100055098534
0.26040299981832504
0.2726310007274151
0.31502100080251694
0.2640319997444749
0.30423799995332956
0.6429059999063611
0.24771699961274862
0.2557410001754761
0.264079000800848
0.2697099996730685
0.3125299997627735
0.23678399994969368
0.24173799995332956
0.2703569997102022
0.25660499930381775
0.4127139998599887
0.3827170003205538
0.2512600002810359
0.25754200015217066
0.26351500023156404
0.2719820002093911
0.32008499931544065
0.30995799973607063
0.2648470001295209
0.2573359999805689
0.31694400031119585
0.2676489995792508
0.25039099995046854
0.25380499940365553
0.2884649997577071
0.2629090007394552
0.25464999955147505
0.32748400047421455
0.2679399996995926
0.26485499925911427
0.3192270006984472
0.26546300016343594
0.2250789999961853
2.1068569999188185
0.2828279994428158
0.26534400042146444
0.31222999934107065
0.22632599994540215
0.22401000000536442
0.23180800024420023
0.27843600045889616
0.3279940001666546
0.32313999999314547
0.30769999977201223
0.30966700054705143
0.25420999992638826
0.21928600035607815
0.23137599974870682
0.2696089996024966
0.2405940005555749
2.5841749999672174
0.2220200002193451
0.3950699996203184
0.23472299985587597
0.25310999993234873
0.2172450004145503
0.24986100010573864
0.49808300007134676
0.28384899999946356
0.32449299935251474
0.25906999967992306
0.25017799995839596
0.631912000477314
0.2772000003606081
0.2577800005674362
0.2709929998964071
0.2822190001606941
0.2908370001241565
0.2348620006814599
0.2806949997320771
0.3371909996494651
0.2591630006209016
0.29097600001841784
0.32393399998545647
0.24359599966555834
0.2825600001960993
0.23976700007915497
0.31113799940794706
0.308419999666512
0.31229899916797876
0.2507409993559122
0.27887399960309267
0.2931459993124008
0.293422999791801
0.30070900078862906
0.21673700027167797
0.24219499994069338
0.30803800001740456
0.2088210005313158
0.285372999496758
0.32435999996960163
0.21165100019425154
0.2811080003157258
0.6214439999312162
0.21851400006562471
0.7128369994461536
0.6471540005877614
0.6423680000007153
0.6481990003958344
0.6502689998596907
0.6542619997635484
0.6531580006703734
0.42414100002497435
0.6584630003198981
0.4438859997317195
0.6473310003057122
0.6235090000554919
0.6493810005486012
0.6487680003046989
0.7054079994559288
0.2664330005645752
0.2873649997636676
0.24043599981814623
0.25613800063729286
0.2914089998230338
0.22278399951756
0.2766560008749366
0.318231999874115
0.3283749995753169
0.37774099968373775
0.30159799940884113
0.35344700049608946
0.29458400048315525
0.2796549992635846
0.2860589995980263
0.291100999340415
0.24651600047945976
0.3704289998859167
0.33341799955815077
0.27056500036269426
0.2527980003505945
0.27271699998527765
0.2783719999715686
0.29990899935364723
0.3389200000092387
0.26843000017106533
0.26433399971574545
0.649805000051856
0.23109300062060356
0.24421000014990568
0.2917569996789098
0.2380809998139739
0.3303869999945164
0.3235290003940463
0.29414500016719103
0.2895820001140237
0.31493099965155125
0.30545900017023087
0.2646320005878806
0.28256900049746037
0.30968800000846386
0.23678600043058395
0.24533000029623508
0.3265899997204542
0.25536900013685226
0.29162100050598383
0.3003540001809597
0.23000300023704767
0.25951800029724836
0.32428700011223555
0.23021799977868795
0.3058569999411702
0.3514069998636842
0.26548099983483553
0.27759299986064434
0.29138199985027313
0.6991980001330376
0.47094300016760826
0.2459519999101758
0.29943800065666437
0.26398300006985664
0.343210999853909
0.24350200034677982
0.2632760005071759
0.33262400049716234
0.24496199935674667
0.2569700004532933
0.4451959999278188
0.25999000016599894
0.24585499987006187
0.23192800022661686
0.29119900055229664
0.23532200045883656
0.2431230004876852
0.24040600005537271
0.27742999978363514
0.25526800006628036
0.26334800012409687
0.302326999604702
0.2518539996817708
0.2349190004169941
0.27205799985677004
0.6815459998324513
0.6472970005124807
0.5869029993191361
0.6427619997411966
0.6374809993430972
0.6612879997119308
0.47349700052291155
0.6596240000799298
0.6452740002423525
0.6881860001012683
0.5037179999053478
0.6479949997738004
0.4038780005648732
0.6562700001522899
0.24070500023663044
0.2625040002167225
0.21826300024986267
0.270906999707222
0.28467199951410294
0.2612580005079508
0.27501400001347065
0.29846700001508
0.25745199993252754
0.24696999974548817
0.23607500083744526
0.25560800079256296
0.21681699994951487
0.30855400022119284
0.32641200069338083
0.33813800010830164
0.297800999134779
0.3000210002064705
0.3141999999061227
0.49849799927324057
0.26926499977707863
0.6755389999598265
0.24966400023549795
0.2621420007199049
0.22628500033169985
0.2817510003224015
0.26522199995815754
0.21711299940943718
0.26629600021988153
0.20368300005793571
0.24329400062561035
0.36225400026887655
0.21813099924474955
0.22757099941372871
0.2645370000973344
0.3044940000399947
0.23024300020188093
0.23488599993288517
0.3084249999374151
0.2947019999846816
0.3146449998021126
0.3067220002412796
0.3004230000078678
0.34055900014936924
0.23945399932563305
0.23467699997127056
0.2852130001410842
0.38098799996078014
0.42105700075626373
0.3036449998617172
0.24053100030869246
0.2807339997962117
0.2919760001823306
0.2416809992864728
0.42622900009155273
0.2023259997367859
0.3102350002154708
0.3009869996458292
0.29978800006210804
0.26233999989926815
0.2986360006034374
0.31576199922710657
0.24918500054627657
0.3000610005110502
0.25578099954873323
0.2448389995843172
2.4255429999902844
0.2061080001294613
0.2889970000833273
0.29369799979031086
0.2784110000357032
0.29985399916768074
0.193274000659585
0.2223869999870658
0.25103999953716993
0.26193599961698055
0.24920700024813414
0.2537489999085665
0.25253500044345856
0.2886669998988509
0.27020900044590235
0.4176000002771616
0.2128250002861023
0.2711109993979335
0.32895900029689074
0.2634930005297065
0.2598520005121827
0.29830100014805794
0.27581500075757504
0.22034400049597025
0.3448470002040267
0.26978000067174435
1.2345809992402792
0.2094009993597865
0.2845940003171563
0.27283199969679117
0.21232700068503618
0.25541900005191565
0.2647279994562268
0.2189800003543496
0.2552129998803139
0.2654889998957515
0.24680699966847897
0.2374589992687106
0.22235700022429228
0.2552829999476671
0.2336730007082224
0.5494289994239807
0.3664060002192855
0.17883399967104197
0.37332599982619286
0.23191899992525578
0.27605400048196316
0.22835200000554323
0.24499200005084276
0.29107300005853176
0.28826900012791157
0.25516599975526333
0.24182499945163727
0.2170040002092719
0.23936699982732534
0.2870559999719262
0.2571270000189543
0.24191400036215782
0.23945599980652332
0.21200900059193373
0.2997720008715987
0.26228899974375963
0.5895579997450113
0.248131999745965
0.28400500025600195
0.22803100012242794
0.2706740004941821
0.25109599996358156
0.16774799954146147
0.224783000536263
0.23660700023174286
0.2816770002245903
0.289448999799788
0.25274599995464087
0.2591059999540448
0.3037410005927086
0.22896199952811003
0.21982499957084656
0.2815490001812577
0.28988200053572655
0.259506999514997
0.21454299986362457
0.3933580005541444
0.22085699997842312
0.2552190003916621
0.2897399999201298
0.23672199994325638
0.2335419999435544
0.2908650003373623
0.27109199948608875
0.23019699938595295
0.26513499952852726
0.23928000032901764
0.2235460001975298
0.48230199981480837
0.27463100012391806
0.2856099996715784
0.24931100010871887
0.5789629993960261
