0.7434530016034842
0.1352229993790388
0.14781899936497211
0.21104099974036217
0.2121690008789301
0.22027300111949444
0.24188599921762943
0.19775700010359287
0.19610299915075302
0.21716700121760368
0.18945799954235554
0.19342700019478798
0.2171499989926815
0.20146300084888935
0.2152479998767376
0.19800500012934208
0.19908499903976917
0.19923099875450134
0.1951919998973608
0.21053599938750267
0.19535300135612488
0.21891899965703487
0.24293499998748302
0.2553829997777939
0.2467190008610487
0.29239000007510185
0.23522299900650978
0.249099999666214
0.24294199980795383
0.25324900075793266
0.29995799995958805
0.2636750005185604
0.24622099846601486
0.25879899971187115
0.24830199964344501
0.2506230007857084
0.243155000731349
0.2581939995288849
0.24729900062084198
0.17954999953508377
0.12569399923086166
0.1442370004951954
0.14741399884223938
0.1279670000076294
0.1295420005917549
0.08569899946451187
0.09031100012362003
0.08743599988520145
0.08284500055015087
0.10384900122880936
0.11046800017356873
0.11294899880886078
0.0947670005261898
0.1503679994493723
0.15825000032782555
0.2612100001424551
0.25145999900996685
0.23996200039982796
0.24983599968254566
0.264376999810338
0.26377899944782257
0.24850100092589855
0.26270500011742115
0.1432379987090826
0.16954400017857552
0.2655929997563362
0.2637660000473261
0.24375099875032902
0.25792800076305866
0.2694420013576746
0.2660680003464222
0.2690429985523224
0.25453799962997437
0.25453699938952923
0.23974799923598766
0.2723030000925064
0.27229500003159046
0.2651960011571646
0.26242800056934357
0.2567400000989437
0.24642900004982948
0.2525890003889799
0.25723399966955185
0.2397680003196001
0.25103299878537655
0.2549550011754036
0.2625130005180836
0.2495690006762743
0.2683790009468794
0.26406899839639664
0.24793200008571148
0.2672419995069504
0.2526500001549721
0.27567300014197826
0.27923700027167797
0.10529199987649918
0.09395299851894379
0.09802400134503841
0.10766500048339367
0.14921199902892113
0.1594849992543459
0.23873399943113327
0.250882999971509
0.2449260000139475
0.26369599997997284
0.2762390002608299
0.2523710001260042
0.24061999842524529
1.1965739987790585
0.2585870008915663
0.241329999640584
0.24595800042152405
0.2661630008369684
0.2468170002102852
0.24443599954247475
0.24581499956548214
0.2641380000859499
0.2978670001029968
0.2652190010994673
0.27135400101542473
0.26539899967610836
0.2491459995508194
0.27461399883031845
0.26682399958372116
0.2678689993917942
0.2452659998089075
0.2549179997295141
0.24445199966430664
0.26489599980413914
0.10736400075256824
0.10892700031399727
0.0950119998306036
0.1031850017607212
0.14306199923157692
0.17058400064706802
0.24497299827635288
0.26142300106585026
0.25259000062942505
0.26843499951064587
0.26558399945497513
0.26020799949765205
0.2559970002621412
0.26561199873685837
0.30225699953734875
0.14591600000858307
0.12747399881482124
0.09575299918651581
0.09674300067126751
0.09739799983799458
0.09890799969434738
0.10222099907696247
0.1160729993134737
0.18233300000429153
0.2272879984229803
0.2585190013051033
0.26196100004017353
0.24563300050795078
0.26397700048983097
0.2616850007325411
0.26201900094747543
0.25533900037407875
0.30079999938607216
0.23468700051307678
0.23007600009441376
0.2261389996856451
0.2607729993760586
0.2326890006661415
0.22720399871468544
0.22482099942862988
0.2475450001657009
0.24542099982500076
0.2654480002820492
0.2436740007251501
0.26456400007009506
0.1563809998333454
0.09504299983382225
0.11649800091981888
0.14254100061953068
0.2602779995650053
0.26620000042021275
0.25008999928832054
0.24611900001764297
0.24435799941420555
0.2542640008032322
0.26228700019419193
0.2627780009061098
0.24729999899864197
0.24413999915122986
0.26030899956822395
0.26530100032687187
0.24674499966204166
0.10822400078177452
0.09029900096356869
0.11785699985921383
0.10925900004804134
0.12996499985456467
0.17063700035214424
0.1575899999588728
0.15971599891781807
0.18256299942731857
0.2160430010408163
0.19522299990057945
0.2108360007405281
0.1916630007326603
0.22560899890959263
0.24124599993228912
0.23043899983167648
0.22805900126695633
0.22572499886155128
0.241414999589324
0.2782319989055395
0.23008600063621998
0.22966699860990047
0.23337600007653236
0.23081500083208084
0.24996899999678135
0.26316599920392036
0.2389299999922514
0.274617999792099
0.10963299870491028
0.09357299841940403
0.10501500032842159
0.12005000002682209
0.16594500094652176
0.258797999471426
0.2618129998445511
0.2657039985060692
0.2494020015001297
0.2584060002118349
0.24232500046491623
0.09642999991774559
0.1003200002014637
0.12490499950945377
0.6726450007408857
0.2572259996086359
0.23824100010097027
0.24014700017869473
0.25232999958097935
0.235665000975132
0.23400899954140186
0.10768199898302555
0.11901000142097473
0.09239800088107586
0.09748700074851513
0.1279349997639656
0.12389300018548965
0.1271749995648861
0.13686900027096272
0.13546100072562695
0.13865300081670284
0.24158200062811375
0.2430189996957779
0.2416040003299713
0.26000799983739853
0.2547700013965368
0.25863900035619736
1.5687179993838072
0.24398699961602688
0.23796400055289268
0.2512640003114939
0.24405499920248985
0.2298980001360178
0.25150100141763687
0.22891700081527233
0.23426900058984756
0.22825099900364876
0.23788299970328808
0.2480699997395277
0.23703599907457829
0.2413989994674921
0.2260539997369051
0.23303999938070774
0.22662699967622757
0.28166099824011326
0.22812500037252903
0.22251700051128864
0.25724699907004833
0.11817199923098087
0.115361999720335
0.08830099925398827
0.0855650007724762
0.08415899984538555
0.08218599855899811
0.0889119990170002
0.09119599871337414
0.07312200032174587
0.09402699954807758
0.11569700017571449
0.14185900054872036
0.20875100046396255
0.20521999895572662
0.20548400096595287
0.2322979997843504
0.20631800033152103
0.2015439998358488
0.23024599999189377
0.2125559989362955
0.203405000269413
0.22913300059735775
0.24371800012886524
0.22278300113976002
0.2392859999090433
0.22607400082051754
0.2360800001770258
0.20216000080108643
0.20586399920284748
0.2442809995263815
0.22980299964547157
0.2669130004942417
0.22035599872469902
0.22014999948441982
0.2214439995586872
0.23313199914991856
0.23770499974489212
0.22052899934351444
0.2370199989527464
0.2333119995892048
0.21988900005817413
0.2253200002014637
0.22114500030875206
0.22075599990785122
0.22191799990832806
0.23499899916350842
0.20566200092434883
0.2023250013589859
0.22373499907553196
0.20200799964368343
0.20749900117516518
0.20401500165462494
0.2107519991695881
0.2319200001657009
0.20972600020468235
0.20523800142109394
0.20295900106430054
0.20257099904119968
0.20921899937093258
0.09556199982762337
0.10292099975049496
0.10112500004470348
0.08482899889349937
0.08673200011253357
0.09200800023972988
0.08964000083506107
0.06431100144982338
0.06406800076365471
0.17647199891507626
0.21033400110900402
0.2221700008958578
0.0840659998357296
0.0890210010111332
0.10001400113105774
0.13612199947237968
0.18575100041925907
0.21514500118792057
0.21793300099670887
0.218299001455307
0.21850299835205078
0.2152869999408722
0.2198689989745617
0.20236200094223022
0.201859001070261
0.224159000441432
0.2038749996572733
0.20534400083124638
0.20155099965631962
0.20603100024163723
0.20274700038135052
0.24293899908661842
0.20454199984669685
0.2043289989233017
0.20559299923479557
0.20361199975013733
0.21827900037169456
0.2233240008354187
0.2296309992671013
0.21783800050616264
0.22093399986624718
0.2512840013951063
0.22166300006210804
0.2325729988515377
0.21961699984967709
0.21254299953579903
0.2173549998551607
0.21976600028574467
0.21837300062179565
0.25457900017499924
0.2582270000129938
0.2157479990273714
0.2437169998884201
0.217977000400424
0.23043700121343136
0.21587200090289116
0.22077500075101852
0.24471900053322315
0.2349269986152649
0.22963299974799156
0.2242179997265339
0.2429370004683733
0.23039199970662594
0.22526600025594234
0.22311599925160408
0.22389299981296062
0.23888699896633625
0.22326000034809113
0.22317299991846085
0.21533799916505814
0.10290100052952766
0.12803900055587292
0.09313799999654293
0.108882000669837
0.14638700149953365
0.19446200132369995
0.24236099980771542
0.22403700090944767
0.23542500101029873
0.221068998798728
0.24239000119268894
0.12837699986994267
0.10118800029158592
0.0855069998651743
0.09573000110685825
0.103108000010252
0.14042199961841106
0.19209899939596653
3.282575000077486
0.1975369993597269
0.2075699996203184
0.229611000046134
0.21477300114929676
0.21293999999761581
0.23442200012505054
0.20238200016319752
0.21106600016355515
0.22317500039935112
0.2129790000617504
0.19863300025463104
0.2038160003721714
0.20066400058567524
0.2037540003657341
0.21683100052177906
0.21875200048089027
0.21433099918067455
0.21575499884784222
0.22117199935019016
0.21534099988639355
0.21516499854624271
0.21905199997127056
0.21293799951672554
0.21508700028061867
0.21135900169610977
0.21715399995446205
0.21308300085365772
0.2137839999049902
0.21860599890351295
0.23704400099813938
0.2190880011767149
0.21675600111484528
0.21031299978494644
0.23152999952435493
0.21482600085437298
0.0756479986011982
0.08103600144386292
0.08558299951255322
0.17296999879181385
0.20396500080823898
0.21382799930870533
0.21594100072979927
0.21082899905741215
0.08067800104618073
0.08934799954295158
0.10553399845957756
0.1300319992005825
0.17950399965047836
0.21527100168168545
0.20564900152385235
0.20885500125586987
0.22437600046396255
0.20779900066554546
0.20570900104939938
0.07107499986886978
0.09600299969315529
0.08294299989938736
0.10549099929630756
0.09094499982893467
0.12832799926400185
0.12507499940693378
0.16499700024724007
0.17809100076556206
0.17434999905526638
0.19872000068426132
0.17906800098717213
0.17709900066256523
0.17484400048851967
0.19333400018513203
0.1746520008891821
0.17709700018167496
0.17785600014030933
0.17751599848270416
0.18222600035369396
0.18602200038731098
0.16870700009167194
0.1978520005941391
0.18119299970567226
0.21609799936413765
0.176681999117136
0.17986899986863136
0.1781489998102188
0.1960580013692379
0.1582299992442131
0.17167400009930134
0.17180800065398216
0.17973200045526028
0.15265200100839138
0.18515700101852417
0.17148200049996376
0.18345999903976917
0.17585700005292892
0.17946000024676323
0.17724699899554253
0.17655199952423573
0.17318000085651875
0.17641599848866463
0.17650100030004978
0.1827659998089075
0.1837409995496273
0.17829799838364124
0.17732200026512146
0.19639299996197224
0.17760499939322472
0.19222699850797653
0.17571300081908703
0.1866030003875494
0.19383199885487556
0.1758040003478527
0.1809299997985363
0.1849249992519617
0.07350199855864048
0.06032299995422363
0.08417100086808205
0.08586000092327595
0.08345800079405308
0.11071999929845333
0.09173500165343285
0.10684800148010254
0.1063970010727644
0.11654800176620483
0.1289450004696846
0.12712099961936474
0.13352400064468384
0.12912599928677082
0.1621399987488985
0.13135400041937828
0.12619800120592117
0.12513699941337109
0.1243280004709959
0.12451800145208836
0.12305299937725067
0.07159500010311604
0.0803689993917942
0.07483300007879734
0.08422300033271313
0.08906199969351292
0.1076899990439415
0.13441399857401848
0.18732599914073944
0.19040999934077263
0.1849070005118847
0.18915800005197525
0.1856589987874031
0.18451800011098385
0.1903550010174513
0.20672599971294403
0.1867500003427267
0.19179200008511543
0.19007699936628342
0.18738999962806702
0.18942599929869175
0.1847280003130436
0.1936629991978407
0.21668799966573715
0.07908299937844276
0.11965700052678585
0.11814799904823303
0.20630500093102455
0.07082400098443031
0.07838300056755543
0.08325600065290928
0.09640799835324287
0.12354199960827827
0.07880499958992004
0.0916219986975193
0.10847699828445911
0.13436099886894226
0.19557700119912624
0.2054890003055334
0.19358700141310692
0.1927109993994236
0.20973600074648857
0.1935419999063015
0.19454700127243996
0.19546899944543839
0.1944389995187521
0.18833399936556816
0.1979499999433756
0.19273899868130684
0.2000569999217987
0.21916299872100353
0.19464999996125698
0.20356799848377705
0.20028899982571602
0.1994520016014576
0.20846199989318848
0.18040000088512897
0.09395699948072433
0.09836899861693382
0.09998399950563908
0.10449900105595589
0.11417900025844574
0.17891000024974346
0.18022200092673302
0.18046599999070168
0.17885399982333183
0.1800989992916584
0.18380300141870975
0.18454299867153168
0.1950219999998808
0.15418099984526634
0.17530199885368347
0.17255299910902977
0.17265599966049194
0.18314900062978268
0.1804409995675087
0.18505500070750713
0.1868210006505251
0.18161699920892715
0.22590500116348267
0.18208600021898746
0.21954699978232384
0.18555899895727634
0.18838699907064438
0.04872099868953228
0.08996599912643433
0.0890129990875721
0.07218599878251553
0.07781700044870377
0.09206799976527691
0.11258300021290779
0.16616000048816204
0.15124299935996532
0.19540200009942055
0.15527299977838993
0.1577729992568493
0.1547860000282526
0.16270500048995018
0.1554849985986948
0.15651800110936165
0.15436400100588799
0.15968099981546402
0.16552599892020226
0.15980799868702888
0.15829200111329556
0.15818999893963337
0.15453500114381313
0.18123700097203255
0.18702800013124943
0.18694300018250942
0.18347899988293648
0.18724999949336052
0.18390199914574623
0.18590399995446205
0.1826120000332594
0.18632099963724613
0.18960699997842312
0.18299200013279915
0.20385699905455112
0.1861880011856556
0.18388899974524975
0.197545001283288
0.2036889996379614
0.18328100070357323
0.19921300001442432
0.1843929998576641
0.18740799836814404
0.18877900019288063
0.1814389992505312
0.18608000129461288
0.1955270003527403
0.18954899907112122
0.18522699922323227
0.18962799943983555
0.18596499972045422
0.2291679996997118
0.18121900036931038
0.18559199944138527
0.18334699980914593
0.18548399955034256
0.18733200058341026
0.18683600053191185
0.19586100056767464
0.18228799849748611
0.21225900016725063
0.17579200118780136
0.17935599945485592
0.17742099985480309
0.202564999461174
0.20904800109565258
0.18865699879825115
0.1782660000026226
0.18619100004434586
0.17636200040578842
0.17765500023961067
0.0989960003644228
0.08337299898266792
0.07127700001001358
0.07820400036871433
0.11182500049471855
0.11237400025129318
0.1713079996407032
0.17942900024354458
0.18001099862158298
0.18158900178968906
0.18031200021505356
0.1759059987962246
0.19492600113153458
0.1800360009074211
0.18061100132763386
0.18111600168049335
0.17345199920237064
0.17896199971437454
0.18110099993646145
0.18082400038838387
0.18096799962222576
0.17913799919188023
0.17932699993252754
0.1807989999651909
0.17956499941647053
0.2032060008496046
0.17462600022554398
0.18616299889981747
0.18665099889039993
0.1777470000088215
0.21157999895513058
0.18546300008893013
0.18786600045859814
0.18753000162541866
0.1745650004595518
0.06893100030720234
0.08780200034379959
0.08690699934959412
0.08875199966132641
0.07264399901032448
0.07871999964118004
0.08737500011920929
0.10571100004017353
0.12892300076782703
0.1849370002746582
0.18237500078976154
0.1836489997804165
0.18452399969100952
0.2029190007597208
0.21347200125455856
0.18373600021004677
0.18385699950158596
0.17022799886763096
0.17622900009155273
0.1759830005466938
0.18881800025701523
0.15104899927973747
0.17531200125813484
0.20017599873244762
0.1709589995443821
0.1755669992417097
0.18272900022566319
0.19010900147259235
0.1837370004504919
0.18293300084769726
0.18440699949860573
0.18559700064361095
0.18675299920141697
0.18249299935996532
0.18419000133872032
0.1824489999562502
0.1858149990439415
0.1903039999306202
0.19619899988174438
0.1813890002667904
0.04908199980854988
0.07280399836599827
0.07111500017344952
0.0809909999370575
0.08870900049805641
0.1450950000435114
0.17828799970448017
0.1890719998627901
0.18764800019562244
0.18591699935495853
0.18599400110542774
0.20404099859297276
0.18416599929332733
0.17123199999332428
0.08658700063824654
0.08263500034809113
0.07721699960529804
0.07500899955630302
0.0766570009291172
0.07406099885702133
0.08034500107169151
0.09215999953448772
0.11294399946928024
0.17306900024414062
0.2065060008317232
0.18742000125348568
0.18924600072205067
0.20200599916279316
0.18862299993634224
0.18396499939262867
0.20674199983477592
0.178422000259161
0.1764919999986887
0.18028599955141544
0.17848199978470802
0.18133699893951416
0.17779399827122688
0.1993429996073246
0.16888099908828735
0.16593299992382526
0.17128599993884563
0.16964899934828281
0.16773200035095215
0.1660549994558096
0.16838000155985355
0.1699180006980896
0.1610109992325306
0.16695000045001507
0.09111400134861469
0.08448100090026855
0.07583799958229065
0.07649300061166286
0.08070899918675423
0.07841899991035461
0.07599300146102905
0.07671099901199341
0.07662799954414368
0.08475299924612045
0.09910899959504604
0.12794099934399128
0.18096300028264523
0.1695070005953312
0.1657670009881258
0.16979300044476986
0.1643799990415573
0.16839700005948544
0.1645480003207922
0.20278900116682053
0.16384000144898891
0.16322899982333183
0.16821799986064434
0.17475499957799911
0.1693819984793663
0.17506099864840508
0.17075899988412857
0.17063100077211857
0.17552500031888485
0.1688880007714033
0.21713600121438503
0.17464900016784668
0.17374799959361553
0.1882109995931387
0.17444000020623207
0.17488299869000912
0.1773780006915331
0.17520499974489212
0.17425099946558475
0.18580899946391582
0.18185099959373474
0.18444600142538548
0.18452100083231926
0.18125300109386444
0.18411199934780598
0.1847350001335144
0.18420499935746193
0.19249199889600277
0.18242499977350235
0.18940600007772446
0.19046599976718426
0.1808440014719963
0.18200300075113773
0.184111000970006
0.18343299999833107
0.18341999873518944
0.18532700091600418
0.18614700064063072
0.18044699914753437
0.1963109988719225
0.1804249994456768
0.1853609997779131
0.1856510005891323
0.15570100024342537
0.1704079993069172
0.17489999905228615
0.1707760002464056
0.17395400069653988
0.16234499961137772
0.18666099943220615
0.1002810001373291
0.07680799998342991
0.08551300130784512
0.10321399942040443
0.1397199984639883
0.18303800001740456
0.18266999907791615
0.20613900013267994
0.1520089991390705
0.07738400064408779
0.04520699940621853
0.0403049997985363
0.043911999091506004
0.04483499936759472
0.047499001026153564
0.0913539994508028
0.1123029999434948
0.1456760000437498
0.19070100039243698
0.18867900036275387
0.1795210000127554
0.18639199994504452
0.1724389996379614
0.1759679988026619
0.18804699927568436
0.15492000058293343
0.1687150001525879
0.15810099989175797
0.17740300111472607
0.1742289997637272
0.17561599984765053
0.1724700015038252
0.1847190000116825
0.18192599900066853
0.18164999969303608
0.18208600021898746
0.18124400079250336
0.1802580002695322
0.21323800086975098
0.17839499935507774
0.18226199969649315
0.17633100040256977
0.08731500059366226
0.08633599989116192
0.07208899967372417
0.07223699986934662
0.07483900152146816
0.0739199984818697
0.07909300178289413
0.0848810002207756
0.09916100092232227
0.1240489985793829
0.1449970006942749
0.15340599976480007
0.13268999941647053
0.15533400140702724
0.15706600062549114
0.15907400101423264
0.14881299994885921
0.15596799924969673
0.1524379998445511
0.15173999965190887
0.16092099994421005
0.17564999870955944
0.15869800001382828
0.1587029993534088
0.15809799917042255
0.15877800062298775
0.16141699999570847
0.15950800105929375
0.1628169994801283
0.15861699916422367
0.18252599984407425
0.18291799910366535
0.1669250000268221
0.1646290011703968
0.16077599860727787
0.16028999909758568
0.1590800005942583
0.1565209999680519
0.17441200092434883
0.159663001075387
0.1577439997345209
0.15569799952208996
0.1609060000628233
0.15892699919641018
0.1636459995061159
0.15387799963355064
0.156657001003623
0.15739500150084496
0.1596900001168251
0.16534900106489658
0.16258000023663044
0.1598300002515316
0.16751600056886673
0.1612580008804798
0.16178400069475174
0.1770169995725155
0.16583700105547905
0.15658400021493435
0.15650100074708462
0.16536900028586388
0.1606220006942749
0.16175599955022335
0.16093000024557114
0.16165299899876118
0.18522899970412254
0.1598230004310608
0.1653760001063347
0.16288099996745586
0.1660319995135069
0.15844899974763393
0.1795470006763935
0.16024300083518028
0.16120499931275845
0.17800099961459637
0.17941199988126755
0.16098899953067303
0.15551499836146832
0.16409399919211864
0.18003099970519543
0.15634300000965595
0.15588900074362755
0.1596249993890524
0.15717300027608871
0.15025299973785877
0.15965399891138077
0.16301099956035614
0.18306400068104267
0.18300299905240536
0.19136199913918972
0.1915070004761219
0.1900119986385107
0.1933629997074604
0.18574700132012367
0.18251200020313263
0.18920399993658066
0.19074200093746185
0.20438599959015846
0.07743600010871887
0.08935000002384186
0.07245300151407719
0.0805359985679388
0.09498599916696548
0.11288899928331375
0.15733399987220764
0.18730700016021729
0.20996800065040588
0.18871400132775307
0.1874500010162592
0.18178899958729744
0.04706699959933758
0.06423999927937984
0.07814200036227703
0.0908649992197752
0.1080280002206564
0.16435600072145462
1.4487709999084473
0.19185400009155273
0.17901800014078617
0.18036499992012978
0.17943499982357025
0.17920299991965294
0.1762249991297722
0.16230100020766258
0.17948099970817566
0.17878000065684319
0.22962400130927563
0.18762899935245514
0.17778600007295609
0.1871540006250143
0.170609001070261
0.18477600067853928
0.17683500051498413
0.18754399940371513
0.1753969993442297
0.18109700083732605
0.20586800016462803
0.1834960002452135
0.17543100006878376
0.182413998991251
0.17608699947595596
0.17823300138115883
0.18060299940407276
0.19290199875831604
0.1922600008547306
0.1972499992698431
0.17500299960374832
0.17927899956703186
0.18029200099408627
0.18190300092101097
0.18296599946916103
0.18427300080657005
0.18772099912166595
0.18498199991881847
0.180672999471426
0.20710000023245811
0.17864100076258183
0.17770900018513203
0.1812520008534193
0.17997900024056435
0.17906400002539158
0.17654499970376492
0.17862199991941452
0.18458599969744682
0.1960880011320114
0.21250300109386444
0.18434200063347816
0.1846660003066063
0.184901999309659
0.1858999989926815
0.20603500120341778
0.18365499936044216
0.1854420006275177
0.08802399970591068
0.07329700142145157
0.08071100153028965
0.09274499863386154
0.11604299955070019
0.2398339994251728
0.09145500138401985
0.07103299908339977
0.07912200130522251
0.0954580008983612
0.11379300057888031
0.1855539996176958
0.18182200007140636
0.19286799989640713
0.18531200103461742
0.1844199988991022
0.21644200012087822
0.18282699957489967
0.20656000077724457
0.18374100141227245
0.18510100059211254
0.18413300067186356
0.188892999663949
0.18415799923241138
0.1877319999039173
0.19097100012004375
0.18809499964118004
0.20316700078547
0.18465499952435493
0.18352899886667728
0.2152120005339384
0.1865609996020794
0.18702800013124943
0.18528099916875362
0.1788420006632805
0.18747800029814243
0.18741999939084053
0.18728999979794025
0.1859280001372099
0.18391700088977814
0.18392500095069408
0.18696700036525726
0.190718999132514
0.18366700038313866
0.18595900014042854
0.17486200109124184
0.1944740004837513
0.1846140008419752
0.18641900084912777
0.1869259998202324
0.2561940010637045
0.18183499947190285
0.177776001393795
0.17980899848043919
0.17491300031542778
0.17932499945163727
0.17874700017273426
0.1755060013383627
0.18066099844872952
0.1799320001155138
0.18535899929702282
0.17926100082695484
0.17758500017225742
0.1786400005221367
0.17489299923181534
0.1741700004786253
0.17652899958193302
0.17529699951410294
0.194004999473691
0.1860090009868145
0.20108399912714958
0.18237300030887127
0.19575499929487705
0.17730599828064442
0.1817570012062788
0.17503000050783157
0.1773659996688366
0.13277599960565567
0.1455649994313717
0.13533399999141693
0.1563110016286373
0.13706300035119057
0.13298200070858002
0.13540899939835072
0.15969999879598618
0.1408730000257492
0.2117829993367195
0.21765000000596046
0.18226899951696396
0.18173000030219555
0.18049199879169464
0.19043600000441074
0.18654699996113777
0.09077899903059006
0.053873999044299126
0.07372700050473213
0.07050300016999245
0.07416100054979324
0.0761489998549223
0.08859900012612343
0.08593299984931946
0.0966429989784956
0.1072670016437769
0.08877400122582912
0.10269299894571304
0.12258799932897091
0.10268700122833252
0.1015469990670681
0.07649499922990799
0.08007300086319447
0.10095700062811375
0.1015820000320673
0.11266000010073185
0.19229199923574924
0.1838220003992319
0.184969000518322
0.1906379982829094
0.18027300015091896
0.18612400069832802
0.18343199975788593
0.1872329991310835
0.1948889996856451
0.1834690012037754
0.18188299983739853
0.1843630000948906
0.21396199986338615
0.18293699994683266
0.17415300011634827
0.1714080013334751
0.17777499929070473
0.1760870013386011
0.17639600113034248
0.17405799962580204
0.17529699951410294
0.15621599927544594
0.18821500055491924
0.18128499947488308
0.18503700010478497
0.18802700005471706
0.1824329998344183
0.19367500022053719
0.18795699998736382
0.17986200004816055
0.19206300005316734
0.15501500107347965
0.13981499895453453
0.15988400019705296
0.1611379999667406
0.13412800058722496
0.14467500150203705
0.14150100015103817
0.1434800010174513
0.14657500013709068
0.1389680001884699
0.1367259994149208
0.13922500051558018
0.13756499998271465
0.13525099866092205
0.1597649995237589
0.1412259992212057
0.14379599876701832
0.17893300019204617
0.06569300033152103
0.07326100021600723
0.0758459996432066
0.08223200030624866
0.09968500025570393
0.13014400005340576
0.1796679999679327
0.19479799829423428
0.140947999432683
0.16598100028932095
0.16739099845290184
0.1731980014592409
0.1698209997266531
0.16738400049507618
0.17534399963915348
0.16847500018775463
0.09684900008141994
0.08676799945533276
0.0769640002399683
0.07215699926018715
0.07085300050675869
0.073531998321414
0.07388599961996078
0.07399200089275837
0.07081399857997894
0.07684800028800964
0.08674699999392033
0.09570900164544582
0.12372499890625477
0.17738400027155876
0.16541999951004982
0.08775000087916851
0.05071199871599674
0.08849800005555153
0.0846330001950264
0.0789439994841814
0.09093800000846386
0.09880400076508522
0.1519520003348589
0.12688499875366688
0.15199699997901917
0.12681199982762337
0.12650899961590767
0.12365099973976612
0.12274499982595444
0.12516199983656406
0.12338599935173988
0.12593600153923035
0.12673800066113472
0.12950599938631058
0.12247399985790253
0.12598500028252602
0.12546399980783463
0.12713700160384178
0.12958400137722492
0.12305299937725067
0.12763500027358532
0.12820100039243698
0.12519400008022785
0.11901800148189068
0.1331030000001192
0.10000899992883205
0.12037299945950508
0.12333100102841854
0.12259900011122227
0.12563900090754032
0.12345699965953827
0.12443199940025806
0.12499899975955486
0.12389499880373478
0.12364299967885017
0.12276399880647659
0.14248699881136417
0.12549700029194355
0.12149300053715706
0.12188000045716763
0.11766700074076653
0.12630300037562847
0.14209000021219254
0.1221690010279417
0.12821600027382374
0.12450100108981133
0.12414499931037426
0.12348799966275692
0.12625900097191334
0.1239360012114048
0.1229689996689558
0.12655900046229362
0.12513100169599056
0.12147700041532516
0.12667899951338768
0.12479900009930134
0.12482500076293945
0.12553399987518787
0.1277610007673502
0.14237000048160553
0.053593000397086143
0.07476100139319897
0.07219799980521202
0.08326699957251549
0.09708499908447266
0.15027300082147121
0.162236999720335
0.14949899911880493
0.17113899998366833
0.16289599984884262
0.14843699894845486
0.16040599904954433
0.14367500133812428
0.1402290016412735
0.16385100036859512
0.16824000142514706
0.14836900122463703
0.1673989985138178
0.17000900022685528
0.14033699966967106
0.1774470005184412
0.16120800003409386
0.1770590003579855
0.18151599913835526
0.1798969991505146
0.1775839999318123
0.17520899884402752
0.1759319994598627
0.18330500088632107
0.18299899995326996
0.2002360001206398
0.17355200089514256
0.1796870008111
0.1787289995700121
0.1803820002824068
0.1782039999961853
0.2161180004477501
0.19485300034284592
0.09927400015294552
0.08541799895465374
0.06797599978744984
0.07786300033330917
0.08945300057530403
0.10188600048422813
0.12646500021219254
0.15221199952065945
0.1798430010676384
0.157175000756979
0.17505200020968914
0.15262899920344353
0.17632599920034409
0.15370599925518036
0.15719100087881088
0.15982000157237053
0.08968599885702133
0.10076400078833103
0.0874319989234209
0.1393049992620945
0.0918199997395277
0.07501300051808357
0.08461900055408478
0.09302400052547455
0.10866199992597103
0.16920099966228008
0.15338999964296818
0.1724030002951622
0.15740800090134144
0.17647099867463112
0.18888499960303307
0.18665799871087074
0.1510589998215437
0.17623900063335896
0.173055000603199
0.17459800094366074
0.17211000062525272
0.17098600044846535
0.1758119985461235
0.18090900033712387
0.1745260003954172
0.19075900129973888
0.19944299943745136
0.17565200105309486
0.17364399880170822
0.21378099918365479
0.17215999960899353
0.17522000148892403
0.1726120002567768
0.1729899998754263
0.17358100041747093
0.17489000037312508
0.18503000028431416
0.1810349989682436
0.1879699993878603
0.18369199894368649
0.18512599915266037
0.21636500023305416
0.18254199996590614
0.1855070013552904
0.18939200043678284
0.18647299893200397
0.18469700030982494
0.2044489998370409
0.21535899862647057
0.18218600004911423
0.20511800050735474
0.1838080007582903
0.20746100135147572
0.17333799973130226
0.17319499887526035
0.19859000109136105
0.18763400055468082
0.18390599824488163
0.18571199849247932
0.18887400068342686
0.18417499959468842
0.1780449990183115
0.15086700022220612
0.17700899951159954
0.17489400133490562
0.17823399975895882
0.1706859990954399
0.1925510000437498
0.17554299905896187
0.1744449995458126
0.16986799985170364
0.13004199974238873
0.10005399957299232
0.0875840000808239
0.09080399945378304
0.08829399943351746
0.08888300135731697
0.08895700052380562
0.08864300139248371
0.08930700086057186
0.08524700067937374
0.1798379998654127
0.1838159989565611
0.18066300079226494
0.06859899871051311
0.0741600003093481
0.07614200003445148
0.11019800044596195
0.17654100060462952
0.18047100119292736
0.2099430002272129
0.1744500007480383
0.06809600070118904
0.042824000120162964
0.06769900023937225
0.07179399952292442
0.07037699967622757
0.07911200076341629
0.1027659997344017
0.10665099881589413
0.165930999442935
0.16312400065362453
0.1412509996443987
0.15883000008761883
0.16682900115847588
0.16930400021374226
0.12327500060200691
0.16715100035071373
0.16008399985730648
0.15098100155591965
0.16938799992203712
0.16631700098514557
0.14894399978220463
0.14831200055778027
0.14906799979507923
0.1664339993149042
0.15088499896228313
0.16851399838924408
0.1537260003387928
0.14638499915599823
0.16710400022566319
0.1668469998985529
0.14287899993360043
0.16572600044310093
0.1762439999729395
0.16974199935793877
0.1608509998768568
0.14381899870932102
0.1477620005607605
0.14232200011610985
0.1424969993531704
0.14526299946010113
0.18837699852883816
0.1811389997601509
0.1781810000538826
0.17561700008809566
0.17713800072669983
0.17795300111174583
0.06397400051355362
0.08546200022101402
0.07016799971461296
0.0716290008276701
0.08228100091218948
0.0982659999281168
0.1720610000193119
0.18087800033390522
0.17939499951899052
0.1779430005699396
0.18042099848389626
0.17227699980139732
0.21459300071001053
0.18122700043022633
0.18872400000691414
0.18790500052273273
0.1861209999769926
0.17917400039732456
0.18658200092613697
0.18399499915540218
0.18144100159406662
0.18741700053215027
0.1873409990221262
0.1905510015785694
0.18505699932575226
0.18310199864208698
0.1863780003041029
0.20815100148320198
0.18459600023925304
0.18443699926137924
0.19080800004303455
0.19020499847829342
0.18858900107443333
0.09073800034821033
0.08809099905192852
0.12192999944090843
0.18390600010752678
0.18573600053787231
0.18602799996733665
0.1873669996857643
0.17957800067961216
0.18284599855542183
0.18631199933588505
0.18440699949860573
0.18777200020849705
0.1862380001693964
0.186854999512434
0.18481400050222874
0.1821560002863407
0.19049700163304806
0.17995300143957138
0.18030299991369247
0.1862610001116991
0.18254599906504154
0.19555800035595894
0.1896129995584488
0.18632899969816208
0.1843110006302595
0.187932001426816
0.18455000035464764
0.21191099844872952
0.18599900044500828
0.19449999928474426
0.20017599873244762
0.17823299951851368
0.18390299938619137
0.19770300015807152
0.179534999653697
0.18031400069594383
0.1763800010085106
0.17783099971711636
0.1817419994622469
0.18123700097203255
0.17685599997639656
0.17651200108230114
0.20086600072681904
0.19023900106549263
0.18111399933695793
0.1670220009982586
0.16766799986362457
0.1701520010828972
0.14689400047063828
0.1749620009213686
0.17862499877810478
0.18215799890458584
0.18538899905979633
0.17580500058829784
0.2350390013307333
0.18369700014591217
0.18410900048911572
0.18093100003898144
0.18181199952960014
0.17857700027525425
0.18111399933695793
0.18477500043809414
0.18033399991691113
0.17899500019848347
0.06551500037312508
0.06814900040626526
0.09082099981606007
0.07220900058746338
0.07592999935150146
0.08030500076711178
0.0938860010355711
0.10244700126349926
0.136073999106884
0.13143100030720234
0.13591899909079075
0.13486200012266636
0.13227299973368645
0.15040899999439716
0.13090400025248528
0.13120099902153015
0.12940599955618382
0.12956000119447708
0.11492899991571903
0.1313220001757145
0.12814799882471561
0.1316050011664629
0.13516400009393692
0.12789100036025047
0.13477499969303608
0.1367270015180111
0.13053799979388714
0.13054499961435795
0.13215700164437294
0.1539869997650385
0.13217000104486942
0.15680599957704544
0.14999799989163876
0.15923700109124184
0.1800139993429184
0.15811900049448013
0.15883499942719936
0.1816670000553131
0.15999799966812134
0.18305099941790104
0.17798000015318394
0.16750100068747997
0.16080399975180626
0.15994499996304512
0.18182099983096123
0.18041899986565113
0.15847600065171719
0.15835499949753284
0.15608800016343594
0.1809689998626709
0.1597840003669262
0.1577920001000166
0.18143000081181526
0.15807600133121014
0.1615619994699955
0.1671000011265278
0.17939499951899052
0.16743099875748158
0.17155800014734268
0.15915199927985668
0.18868700042366982
0.20566199906170368
0.17464900016784668
0.17593799903988838
0.17691799998283386
0.17992099933326244
0.17355900071561337
0.1792330015450716
0.1742640007287264
0.17963699996471405
0.17604300007224083
0.18133600056171417
0.18093900009989738
0.17617799900472164
0.17596299946308136
0.17948799952864647
0.1777509991079569
0.1724229995161295
0.18866899982094765
0.183016000315547
0.1880389992147684
0.17793899960815907
0.06847500056028366
0.08884700015187263
0.20708500035107136
0.20998799987137318
0.1822259984910488
0.18092899955809116
0.20879000052809715
0.18480500020086765
0.1817380003631115
0.18603000044822693
0.18569499999284744
0.1842610016465187
0.1859310008585453
0.18178899958729744
0.1878970004618168
0.1894370000809431
0.21810799837112427
0.18581900000572205
0.18521899916231632
0.1890810001641512
0.198896000161767
0.19796600006520748
0.19387700036168098
0.19282300025224686
0.18986599892377853
0.19307199865579605
0.24640899896621704
0.2120599988847971
0.19344600103795528
0.24131699837744236
0.20275099948048592
0.18952699936926365
0.18912400119006634
0.19437599927186966
0.19463400170207024
0.19057000055909157
0.20781700126826763
0.19494600035250187
0.23441799916327
0.19188000075519085
0.1887819990515709
0.19460900127887726
0.19248099997639656
0.19667300023138523
0.18929599970579147
0.19314399920403957
0.19013900123536587
0.1941250003874302
0.19373100064694881
0.19064299948513508
0.19034899957478046
0.2073370013386011
0.19241699948906898
0.1898020002990961
0.19565000012516975
0.1963759995996952
0.1908390000462532
0.18930800072848797
0.13258800096809864
0.07466099970042706
0.08811500109732151
0.0898939985781908
0.08819200098514557
0.09339099936187267
0.08952399902045727
0.0910899993032217
0.09097399935126305
0.08939000032842159
0.09548900090157986
0.10849600099027157
0.14329699985682964
0.1455979999154806
0.1444429997354746
0.06645399890840054
0.10531800054013729
0.08530900068581104
0.07605599984526634
0.0847839992493391
0.09272799827158451
0.1198630016297102
0.1898579988628626
0.1833100002259016
0.17813299968838692
0.17234500125050545
0.1743599995970726
0.1771670002490282
0.06118000112473965
0.09010099992156029
0.0897000003606081
0.07273999974131584
0.07522400096058846
0.08645300008356571
0.10145999863743782
0.13543800078332424
0.16503800079226494
0.15443299897015095
0.1593089997768402
0.13685799948871136
0.15798999927937984
0.17651400156319141
0.15692299976944923
0.16220100037753582
0.1665119994431734
0.1606220006942749
0.15555600076913834
0.18211899884045124
0.2124790009111166
0.1601100005209446
0.15962300077080727
0.15736600011587143
0.15976299904286861
0.1641140002757311
0.18185900151729584
0.15888999961316586
0.1836520005017519
0.15612799860537052
0.18329199962317944
0.15984000079333782
0.16030500084161758
0.18231800012290478
0.158525999635458
0.18201600015163422
0.18203900009393692
0.18016299977898598
0.1796259991824627
0.17937600053846836
0.17729200050234795
0.19857800006866455
0.17764300107955933
0.17640499956905842
0.18278699927031994
0.18462600000202656
0.18275600112974644
0.1803910005837679
0.17622599937021732
0.18318199925124645
0.1863230001181364
0.18028900027275085
0.1918299999088049
0.1410980001091957
0.16763300076127052
0.1734599992632866
0.166635999456048
0.1703109983354807
0.16945399902760983
0.1701829992234707
0.1535270009189844
0.1651029996573925
0.17830300144851208
0.167646000161767
0.17337499931454659
0.16827300004661083
0.16960499994456768
0.16411500051617622
0.1750280000269413
0.17290600016713142
0.165005000308156
0.15231800079345703
0.08827800117433071
0.10422899946570396
0.08804499916732311
0.07151100039482117
0.07757299952208996
0.08626199886202812
0.09880499914288521
0.14677600003778934
0.2375600002706051
0.1733389999717474
0.17188699916005135
0.17088800109922886
0.17135100066661835
0.16966000013053417
0.17289699986577034
0.17238100059330463
0.1695210002362728
0.1694949995726347
0.17493199929594994
0.16978600062429905
0.16384599916636944
0.17274400033056736
0.18791699968278408
0.1719560008496046
0.19375200010836124
0.17049499973654747
0.16937899962067604
0.17630800046026707
0.17691300064325333
0.21241600066423416
0.173828000202775
0.17418300174176693
0.20387500151991844
0.17575999908149242
0.17954999953508377
0.1708380002528429
0.1783990003168583
0.17580699920654297
0.18237399868667126
0.1976180002093315
0.17639300040900707
0.17848599888384342
0.16159099899232388
0.1737899985164404
0.17507100105285645
0.173097999766469
0.18652099929749966
0.1842889990657568
0.18789000064134598
0.18312599882483482
0.29397100023925304
0.1783470008522272
0.17328899912536144
0.17474299855530262
0.18204900063574314
0.17707299999892712
0.17500000074505806
0.17555399984121323
0.1741619985550642
0.17501499876379967
0.17933399975299835
0.17124000005424023
0.17856299877166748
0.1766269989311695
0.17276600003242493
0.2043180000036955
0.17497899942100048
0.1774509996175766
0.21095499955117702
0.17964000068604946
0.1776560004800558
0.17277700081467628
0.177776999771595
0.17284800112247467
0.1791360005736351
0.17631500028073788
0.06871999986469746
0.07905399985611439
0.0833519995212555
0.09651900082826614
0.12449200078845024
0.1746950000524521
0.17740799859166145
0.17778800055384636
0.2321459986269474
0.19147399999201298
0.08632500097155571
0.08482700027525425
0.07137000001966953
0.07694599963724613
0.0850449986755848
0.12659800052642822
0.15861500054597855
0.17802900075912476
0.17358499951660633
