0.7596629997715354
0.09878099989145994
0.10077999997884035
0.10536000039428473
0.10532599966973066
0.10942699993029237
0.09920599963515997
0.10180900013074279
0.09664299990981817
0.09983199974521995
0.0958449998870492
0.09698700020089746
0.10454400023445487
0.11438299994915724
0.11207100003957748
0.1307689999230206
0.15542099997401237
0.15544499969109893
0.18108099978417158
0.16136100003495812
0.15483300015330315
0.15448400005698204
0.16977600008249283
0.16577700013294816
0.15985799999907613
0.15377700002864003
0.15339200012385845
0.16027600038796663
0.1536429999396205
0.1610229997895658
0.2520750002004206
0.0852780002169311
0.09303499991074204
0.10245800018310547
0.12144799996167421
0.17607799964025617
0.19741500029340386
0.26106899976730347
0.09535800013691187
0.11043999996036291
0.15538199990987778
0.21174099994823337
0.05999299976974726
0.05927899992093444
0.06923899985849857
0.08700800035148859
0.06948200007900596
0.13169099995866418
0.06457799999043345
0.08324800012633204
0.10771699994802475
0.0908840000629425
0.08971699979156256
0.10013200016692281
0.42708500009030104
0.13894400000572205
0.1470710001885891
0.2594159999862313
0.24936300003901124
0.2434439999051392
0.25282099982723594
0.29303000029176474
0.25150900008156896
0.23036300018429756
0.2212739996612072
0.23179000010713935
0.20473199989646673
0.2216350003145635
0.22674799989908934
0.2667080000974238
0.24180000042542815
0.253887000028044
0.25462700007483363
0.2419289997778833
0.2771419999189675
0.25783800007775426
0.24774699984118342
0.22670299978926778
0.22670599957928061
0.2906999997794628
0.25070799980312586
0.227035999763757
0.2286539999768138
0.22951199999079108
0.23777000000700355
0.22809299966320395
0.2436959999613464
0.21491000009700656
0.2203930001705885
0.23160000005736947
0.20858699968084693
0.25264899991452694
0.2802859996445477
0.24669300019741058
0.2247279998846352
0.08592600002884865
0.08769099973142147
0.08410800015553832
0.0850619999691844
0.08864700002595782
0.08852799981832504
0.0928940000012517
0.09690599981695414
0.10100799985229969
0.1179619999602437
0.12888400023803115
0.16885600006207824
0.17873999988660216
0.18812699988484383
0.17926600016653538
0.17948799999430776
0.17225100006908178
0.17348399991169572
0.18710199976339936
0.18358900025486946
0.20278399996459484
0.17867300007492304
0.17827200004830956
0.18150800000876188
0.17828999971970916
0.17296899994835258
0.08330599963665009
0.08651100005954504
0.08958000037819147
0.10044600022956729
0.11091799987480044
0.12010800000280142
0.13383100042119622
0.15452599991112947
0.1251400001347065
0.15523899998515844
0.17580500012263656
0.18040100019425154
0.22888500010594726
0.21043199999257922
0.21211500000208616
0.2175449999049306
0.21784699987620115
0.21185699990019202
0.22549499990418553
0.21569499978795648
0.22652499983087182
0.1882389998063445
0.13556900015100837
0.14139000000432134
0.14025699999183416
0.1383209996856749
0.1586779998615384
0.13755600014701486
0.15753100020810962
0.1637149997986853
0.1557269999757409
0.19581100018694997
0.19351599970832467
0.1894459999166429
0.19853200018405914
0.19870000006631017
0.1872980003245175
0.21965499967336655
0.22475400008261204
0.24059200007468462
0.21781800035387278
0.08542900020256639
0.0895070000551641
0.09300599992275238
0.10763500025495887
0.1317010000348091
0.1969040003605187
0.18335400009527802
0.18792099971324205
0.20748899970203638
0.18668400030583143
0.0554319997318089
0.08470299979671836
0.0810139998793602
0.10427800007164478
0.08090199995785952
0.08223900012671947
0.08810200029984117
0.09221900021657348
0.09855100000277162
0.11589800007641315
0.1882230001501739
0.174881000071764
0.1542349997907877
0.15676000015810132
0.1742730000987649
0.15221400000154972
0.15364200016483665
0.1527639999985695
0.15088799968361855
0.1610850002616644
0.15716399997472763
0.1589190000668168
0.154296999797225
0.15623900014907122
0.16582100000232458
0.16853300016373396
0.1737059997394681
0.17241499992087483
0.1739610000513494
0.16002200031653047
0.17441700026392937
0.1720929997973144
0.1824719998985529
0.189344999846071
0.18524500029161572
0.18689699983224273
0.19194399984553456
0.20104399975389242
0.18525200011208653
0.18864900013431907
0.1874220003373921
0.18786599999293685
0.1860539996996522
0.18649599980562925
0.19310100004076958
0.1881059999577701
0.20281899999827147
0.08372600004076958
0.08405499998480082
0.08731799991801381
0.10578799992799759
0.12435600021854043
0.15293899970129132
0.2298929998651147
0.22911799978464842
0.24156499980017543
0.24135700007900596
0.2498619998805225
0.22764400020241737
0.22865599999204278
0.23599899979308248
0.22388499975204468
0.22491299966350198
0.23101399978622794
0.08536999998614192
0.08534999983385205
0.08428800012916327
0.0838709999807179
0.0924419998191297
0.0762550001963973
0.0978120001964271
0.09538299962878227
0.12445600004866719
0.1583660002797842
0.23236999986693263
0.2302649999037385
0.24825499998405576
0.2261319998651743
0.23196000000461936
0.218125999905169
0.21464799996465445
0.21395199978724122
0.2124069998972118
0.2148580001667142
0.2155280001461506
0.21349800005555153
0.23305699974298477
0.2395979999564588
0.22545000026002526
0.2501030000858009
0.24523100024089217
0.2432120000012219
0.24790000030770898
0.24419600004330277
0.2409930001012981
0.22923599975183606
0.23018600000068545
0.23977100010961294
0.23127799993380904
0.24945499980822206
0.24890000000596046
0.24874599976465106
0.23900200007483363
0.24493500031530857
0.23695100005716085
0.22347999969497323
0.22541100019589067
0.2262450000271201
0.2675370001234114
0.25048100017011166
0.24272500025108457
0.24629000015556812
0.23777200002223253
0.20285099977627397
0.0796739999204874
0.2239909996278584
0.22134400019422174
0.22258100006729364
0.25576099986210465
0.23493399983271956
0.24151699990034103
0.22201200015842915
0.21844399999827147
0.23467599973082542
0.22662399988621473
0.2399880001321435
0.24144400004297495
0.22597100026905537
0.22236099978908896
0.2384159998036921
0.21940799988806248
0.22399200033396482
0.2256020000204444
0.22544900001958013
0.2232730002142489
0.25544899981468916
0.22211600001901388
0.22378800017759204
0.22119499975815415
0.23544600000604987
0.2233260003849864
0.23766899993643165
0.23828100040555
0.22421499993652105
0.2206339999102056
0.21883899997919798
0.23661200003698468
0.2312679998576641
0.22156300023198128
0.21979300025850534
0.22331800032407045
0.22324500000104308
0.2226509996689856
0.21525199990719557
0.21815400011837482
0.2594800000078976
0.24225200014188886
0.23588000005111098
0.2167810001410544
0.21999999973922968
0.21750100003555417
0.22197100007906556
0.21996700018644333
0.23904799995943904
0.0555630000308156
0.22754700016230345
0.09113300032913685
0.10183200007304549
0.12370999995619059
0.14859799994155765
0.2147409999743104
0.2368209999985993
0.2147389999590814
0.21977900015190244
0.08952599996700883
0.10766200022771955
0.13452200032770634
0.18846899969503284
0.21910200035199523
0.221305999904871
0.21607099985703826
0.23242300003767014
0.2237939997576177
0.2216050000861287
0.2422000002115965
0.21785899996757507
0.21339000016450882
0.21739899972453713
0.23445799993351102
0.22073800023645163
0.21600400004535913
0.23485999973490834
0.22043700003996491
0.24354900000616908
0.21964600030332804
0.23746699979528785
0.241372000426054
0.057244000025093555
0.05368399992585182
0.08595000021159649
0.10172100039198995
0.11534499982371926
0.17407400021329522
0.21497599966824055
0.21606099978089333
0.20731899980455637
0.2059820001013577
0.19939399976283312
0.19820899982005358
0.20211699977517128
0.20026599988341331
0.20319100003689528
0.2001579999923706
0.20576799986883998
0.20030099991708994
0.19816399971023202
0.20445000007748604
0.049513000063598156
0.0985619998537004
0.9076610002666712
0.1018370003439486
0.12279199995100498
0.17810200015082955
0.19827299984171987
0.19452500017359853
0.19166900031268597
0.19408100005239248
0.19371100002899766
0.19197499984875321
0.1954009998589754
0.18713899981230497
0.1912430003285408
0.19369599968194962
0.18524499982595444
0.1830600001849234
0.19222799967974424
0.18378600012511015
0.18878200044855475
0.18614600040018559
0.18685799976810813
0.2001740001142025
0.20604299986734986
0.18754300009459257
0.18388999998569489
0.19228200009092689
0.1846179999411106
0.18544699996709824
0.1932549998164177
0.21053300006315112
0.20978499995544553
0.22268499992787838
0.2058790000155568
0.1933079999871552
0.20303699979558587
0.19116300018504262
0.191471999976784
0.18804099969565868
0.18821700010448694
0.19029000028967857
0.19171399995684624
0.19440899975597858
0.18696699989959598
0.18788199964910746
0.19855499966070056
0.19418800016865134
0.19729499984532595
0.1962269996292889
0.19313500029966235
0.19541799975559115
0.19561100006103516
0.0719730001874268
0.09143499983474612
0.1068690000101924
0.13506100000813603
0.19924099976196885
0.1933470000512898
0.18795699998736382
0.19016700005158782
0.2056080000475049
0.19472299981862307
0.07484200038015842
0.04234000016003847
0.056178000289946795
0.04078399995341897
0.07312900014221668
0.0743109998293221
0.07433700002729893
0.07748800003901124
0.07929399982094765
0.08189400006085634
0.08557500038295984
0.1024290001951158
0.11478100018575788
0.11500300001353025
0.11945000011473894
0.11603200016543269
0.13272600015625358
0.18401500023901463
0.19379599997773767
0.19753299979493022
0.18851599982008338
0.19153899978846312
0.181940000038594
0.19826199999079108
0.2170469998382032
0.20016499981284142
0.21344299986958504
0.07453900016844273
0.10213800007477403
0.0703850002028048
0.08099899999797344
0.09092200035229325
0.10947899986058474
0.1562729999423027
0.2001669998280704
0.19847599975764751
0.1985450000502169
0.20851199980825186
0.19991800002753735
0.2045570001937449
0.19752299971878529
0.1961880000308156
0.19707000022754073
0.19871100038290024
0.1633820002898574
0.1637789998203516
0.09956100024282932
0.07358099985867739
0.07425899989902973
0.07544100005179644
0.0876389998011291
0.07826599990949035
0.08114599995315075
0.08603099966421723
0.10622399998828769
0.1530189998447895
0.19682299997657537
0.19759499980136752
0.2154089999385178
0.1941249999217689
0.21956799970939755
0.2022970002144575
0.19956899993121624
0.19519100012257695
0.20484100002795458
0.22249100031331182
0.19652400026097894
0.1947260000742972
0.19778800010681152
0.19671000028029084
0.1982990000396967
0.20008200034499168
0.23913500038906932
0.2014839998446405
0.2005339995957911
0.1990749998949468
0.2151949997060001
0.20178600028157234
0.20128299994394183
0.19806999992579222
0.20119700022041798
0.2461859998293221
0.2472689999267459
0.22241300018504262
0.051662000361829996
0.05363600002601743
0.0765209998935461
0.07709599984809756
0.08024200005456805
0.09118800004944205
0.10828800033777952
0.14540800033137202
0.164018000010401
0.15459500020369887
0.17684400035068393
0.21720000030472875
0.07931499974802136
0.08980999980121851
0.10327899968251586
0.13036399986594915
0.2022939999587834
0.1963049997575581
0.20097299991175532
0.18680999986827374
0.19373299973085523
0.05102499993517995
0.07544499961659312
0.07714599976316094
0.09703900013118982
0.11771199991926551
3.5831170002929866
0.17563300020992756
0.17046900000423193
0.16855799965560436
0.17021399969235063
0.18598599964752793
0.1660849996842444
0.16972200013697147
0.16847499972209334
0.16831299988552928
0.16640600003302097
0.14980600029230118
0.13561700005084276
0.18327900022268295
0.15007199998944998
0.14852199982851744
0.12187900021672249
0.0762090003117919
0.07654099958017468
0.07916600024327636
0.08330699987709522
0.10103400005027652
0.08864000020548701
0.08680299995467067
0.11104699969291687
0.10975499963387847
0.10193900018930435
0.07595100020989776
0.07350399997085333
0.07185499975457788
0.07579099992290139
0.08598299976438284
0.09254400013014674
0.13944899989292026
0.16330299992114305
0.1878579999320209
0.16656999988481402
0.16745599964633584
0.16480199992656708
0.16160300001502037
0.166743999812752
0.17342999996617436
0.16909800004214048
0.16736700013279915
0.1833720002323389
0.1870940001681447
0.17804499994963408
0.18727800017222762
0.1741080000065267
0.18325900007039309
0.18786399997770786
0.1759709999896586
0.17508699977770448
0.17306700022891164
0.19453699979931116
0.17189700016751885
0.1757740001194179
0.1738319997675717
0.17065300000831485
0.2105159997008741
0.17305600037798285
0.16602900018915534
0.1707210000604391
0.17659799987450242
0.06743299961090088
0.08080799970775843
0.1022219997830689
0.16898899991065264
0.2283700001426041
0.20396299986168742
0.20437399996444583
0.1773409997113049
0.18437599996104836
0.18587400019168854
0.2037649997510016
0.18581900000572205
0.18330899998545647
0.1998250000178814
0.19908099994063377
0.18027999997138977
0.18842400005087256
0.17976799979805946
0.18348499992862344
0.18357700016349554
0.18331499956548214
0.17724400013685226
0.23299700021743774
0.1796359997242689
0.201643000356853
0.1843099999241531
0.16881299996748567
0.1771069997921586
0.1747300000861287
0.18956500012427568
0.17400499992072582
0.17579300003126264
0.1807989999651909
0.17712499992921948
0.17815900035202503
0.17756899958476424
0.18094799993559718
0.23051699995994568
0.17239399999380112
0.17723600007593632
0.21935499971732497
0.1787270000204444
0.17683199979364872
0.18161199986934662
0.18845999985933304
0.17493099998682737
0.17343600001186132
0.1906550000421703
0.17967299977317452
0.1853200001642108
0.1879379996098578
0.1805699998512864
0.17572000017389655
0.17762700002640486
0.17585100000724196
0.17120799981057644
0.18429599981755018
0.17485500033944845
0.17544700019061565
0.17203499982133508
0.17771700024604797
0.17481799982488155
0.17797100031748414
0.1771479998715222
0.1723340000025928
0.17684899969026446
0.17514800000935793
0.07037399988621473
0.09868500009179115
0.08795100031420588
0.10954899992793798
0.15483899973332882
0.1806709999218583
0.22072699991986156
0.197480000089854
0.18282500002533197
0.17926600016653538
0.18218200001865625
0.1909809997305274
0.23611699976027012
0.18298000004142523
0.18644399987533689
0.1795030003413558
0.17784900031983852
0.181768000125885
0.18814300000667572
0.1764210001565516
0.17149799969047308
0.17131899995729327
0.17746100015938282
0.17108300002291799
0.20829299977049232
0.1735180001705885
0.16575299995020032
0.17582499980926514
0.18110799975693226
0.18359600007534027
0.234372999984771
0.18423399981111288
0.18710900004953146
0.18307500006631017
0.18198700016364455
0.1876860000193119
0.18059400003403425
0.18249200005084276
0.18700100015848875
0.18416699999943376
0.18213799968361855
0.1542190001346171
0.08893200010061264
0.08835600037127733
0.07822700031101704
0.08063200023025274
0.08105699997395277
0.07607499975711107
0.07856399985030293
0.08412300003692508
0.10406700009480119
0.13533199997618794
0.1766160000115633
0.18068500002846122
0.18319600028917193
0.18408200005069375
0.1837569996714592
0.1761480001732707
0.18468100018799305
0.18480199994519353
0.18471099995076656
0.22442299965769053
0.18474700022488832
0.18262300034984946
0.1831520004197955
0.18477800022810698
0.18355600023642182
0.18391399970278144
0.18310600006952882
0.17891900008544326
0.20874799974262714
0.1786189996637404
0.1833259998820722
0.08343599969521165
0.06804500008001924
0.06902900012210011
0.0917170001193881
0.073274000082165
0.1046819998882711
0.09059899998828769
0.11062400043010712
0.1706679998897016
0.18470899993553758
0.1836540000513196
0.17321800021454692
0.1874430002644658
0.171361000277102
0.18975199991837144
0.1744360001757741
0.20368000026792288
0.17747700028121471
0.1711199996061623
0.1725130002014339
0.14819499989971519
0.08635800005868077
0.08158600004389882
0.07556300004944205
0.07440199982374907
0.07376099983230233
0.073789999820292
0.07839599996805191
0.08396199997514486
0.10281099984422326
0.17511099996045232
0.18108000000938773
0.2120380001142621
0.048562000039964914
0.06961499992758036
0.07795700011774898
0.12048499984666705
0.17190800001844764
0.18263600021600723
0.20077699981629848
0.177948999684304
0.17718699993565679
0.17539800005033612
0.17613699985668063
0.17328999983146787
0.21153899980708957
0.17850799998268485
0.17938199965283275
0.1775889997370541
0.17963299993425608
0.17851899983361363
0.17111600004136562
0.18803100008517504
0.18243499984964728
0.174987000413239
0.17680299980565906
0.1831809999421239
0.18066800013184547
0.17304700007662177
0.1729790000244975
0.1733300001360476
0.17345200013369322
0.17768799979239702
0.17633200017735362
0.1745639997534454
0.17788899969309568
0.1792959999293089
0.17863799957558513
0.07648400031030178
0.07654600031673908
0.07541100028902292
0.07667199987918139
0.09030799986794591
0.09944899985566735
0.13472700025886297
0.17552000004798174
0.17768399976193905
0.21263600001111627
0.17950600013136864
0.18461900018155575
0.1754729999229312
0.1743950000964105
0.18855699989944696
0.18179399985820055
0.17948300018906593
0.17639199970290065
0.17896000016480684
0.17573899962008
0.18054300034418702
0.170091999694705
0.17844900023192167
0.1826949999667704
0.1900150002911687
0.17757900012657046
0.17777399998158216
0.1780159999616444
0.17556399991735816
0.2124210000038147
0.17614599969238043
0.17419400019571185
0.17218000022694468
0.17739799991250038
0.17618100019171834
0.17731299996376038
0.17860500002279878
0.17280999990180135
0.2152370000258088
0.1783690000884235
0.1745140003040433
0.1779840001836419
0.17422399995848536
0.1813590000383556
0.17371700005605817
0.1934340000152588
0.20305300038307905
0.19013600004836917
0.18576900009065866
0.16931300004944205
0.1698759999126196
0.09106000000610948
0.09078799979761243
0.09687700029462576
0.12173900008201599
0.173097999766469
0.17277999967336655
0.18134499993175268
0.18114699982106686
0.1733710002154112
0.17961200000718236
0.19256599992513657
0.17812899965792894
0.14406300010159612
0.16507000010460615
0.16846999991685152
0.16731599997729063
0.16348600015044212
0.16169199999421835
0.17355300020426512
0.16373499995097518
0.17446499969810247
0.16940200002864003
0.1662459997460246
0.16207000007852912
0.18167199986055493
0.1678639999590814
0.16926900018006563
0.15625400003045797
0.1712759998627007
0.1906530000269413
0.17495599994435906
0.2035150001756847
0.17400600016117096
0.17646999983116984
0.17618299974128604
0.1747179999947548
0.20646299980580807
0.1959240003488958
0.17539899982511997
0.17438199976459146
0.17396700009703636
0.17664700001478195
0.17503999965265393
0.17751599987968802
0.07843300001695752
0.07008500024676323
0.07707800017669797
0.1258630002848804
0.17547000013291836
0.17098399996757507
0.16691800020635128
0.16640099976211786
0.18484999984502792
0.18150499975308776
0.16530299978330731
0.1727879997342825
0.16956499963998795
0.16728699998930097
0.17124000005424023
0.17013300023972988
0.1695690001361072
0.17416199995204806
0.17096799984574318
0.1691420003771782
0.16979299997910857
0.1734789996407926
0.16878199996426702
0.17234600009396672
0.1690390002913773
0.1692200000397861
0.18975200038403273
0.166060000192374
0.16950399987399578
0.18182200007140636
0.17518300004303455
0.17503200005739927
0.17697799997404218
0.1781120002269745
0.1782800001092255
0.1728370003402233
0.16941299987956882
0.18792599998414516
0.17149700038135052
0.17173299985006452
0.16210700012743473
0.19820400001481175
0.1749129998497665
0.18307700008153915
0.17237199982628226
0.17592799989506602
0.17244300013408065
0.177626000251621
0.21048500016331673
0.18371400004252791
0.17768700001761317
0.17249300004914403
0.16953499987721443
0.16607500007376075
0.16417500004172325
0.16190299997106194
0.16498500015586615
0.16698000021278858
0.1722880001179874
0.16684899991378188
0.19421300012618303
0.16327700018882751
0.17198399966582656
0.16919799987226725
0.18371400004252791
0.17723499983549118
0.18164699990302324
0.17688099993392825
0.17686500027775764
0.17262200033292174
0.19642699975520372
0.1769330003298819
0.17716600000858307
0.18132199998944998
0.17900200001895428
0.17926199967041612
0.17992800008505583
0.17401299998164177
0.18816900020465255
0.17531999992206693
0.17461099987849593
0.17420100001618266
0.1695460001938045
0.17747800005599856
0.19445099961012602
0.18106199987232685
0.18074099998921156
0.1834180001169443
0.18161500012502074
0.18437699973583221
0.1839040000922978
0.1754729999229312
0.17833200003951788
0.17634000023826957
0.16642999975010753
0.17255700007081032
0.1694130003452301
0.16524899983778596
0.17001999961212277
0.17205099994316697
0.17651299992576241
0.18526299996301532
0.19946999987587333
0.17286999989300966
0.1797139998525381
0.19455000013113022
0.1719070002436638
0.07872099988162518
0.0932749998755753
0.09370899992063642
0.15814200043678284
0.18346299976110458
0.1771479998715222
0.18563999980688095
0.21200899966061115
0.18320999993011355
0.18006799975410104
0.1807740000076592
0.17849200032651424
0.1830690000206232
0.1785319996997714
0.2036619996652007
0.1803219998255372
0.1748720002360642
0.19840099988505244
0.19864200009033084
0.15407099993899465
0.09333600010722876
0.08680900000035763
0.09947199979797006
0.07500799978151917
0.07643100013956428
0.15204100031405687
0.1757209999486804
0.048214999958872795
0.0701460000127554
0.062224000226706266
0.058019999880343676
0.17908799974247813
0.04741699993610382
0.0690859998576343
0.0765670002438128
0.08894999977201223
0.09486600011587143
0.15226500015705824
0.1772329998202622
0.17553099989891052
0.19945499999448657
0.18413399998098612
0.17812700010836124
0.1755579998716712
0.1805330002680421
0.1704289996996522
0.17475399980321527
0.17432000022381544
0.1758200000040233
0.20317400014027953
0.1790670002810657
0.17638600012287498
0.17645699996501207
0.17679399996995926
0.1757530001923442
0.17190100019797683
0.17606700025498867
0.17718099988996983
0.1759250001050532
0.1736669996753335
0.1814139997586608
0.17571299988776445
0.17233199998736382
0.1775449998676777
0.1742499996908009
1.3118929998017848
0.17210600012913346
0.1685130000114441
0.1976059996522963
0.19793700007721782
0.17539200000464916
0.17612399999052286
0.1808749996125698
0.18411799985915422
0.17734900023788214
0.1983890002593398
0.18064599996432662
0.17929100012406707
0.18076600041240454
0.18041200004518032
0.19106999970972538
0.21572700003162026
0.17971600033342838
0.18355600023642182
0.1800969997420907
0.18578199995681643
0.18166500004008412
0.17975599970668554
0.18339999997988343
0.1869489997625351
0.23507199995219707
0.1796289999037981
0.18189799971878529
0.17494799988344312
0.18041699985042214
0.18605799973011017
0.20041099982336164
0.15753399999812245
0.06849500024691224
0.06864700000733137
0.07107699988409877
0.06911899987608194
0.08061499986797571
0.08989300020039082
0.10775600001215935
0.17182799987494946
0.18338400032371283
0.17682900000363588
0.18045000033453107
0.18012099992483854
0.18364199995994568
0.1844500000588596
0.1805380000732839
0.20838500000536442
0.18455199990421534
0.17895699990913272
0.19602999975904822
0.1851090001873672
0.17990799993276596
0.2175149996764958
0.18871199991554022
0.18516199989244342
0.18478699959814548
0.18113699974492192
0.1844799998216331
0.17893299972638488
0.20647000009194016
0.17896299995481968
0.18047300027683377
0.18210599990561604
0.2049949998036027
0.1815430000424385
0.20921000000089407
0.18045999994501472
0.18882799986749887
0.18390699988231063
0.1898769997060299
0.1837229998782277
0.181833999697119
0.18149300012737513
0.18410000018775463
0.18666400015354156
0.18465400021523237
0.18090299982577562
0.1816510003991425
0.1796289999037981
0.18282700004056096
0.1805380000732839
0.1838630000129342
0.18557800026610494
0.18316800007596612
0.1841680002398789
0.18453000020235777
0.23015599977225065
0.184774000197649
0.18221200024709105
0.1822699997574091
0.18191100005060434
0.1824719998985529
0.1981250001117587
0.17340000020340085
0.17953900014981627
0.052112999837845564
0.06912299990653992
0.07590200006961823
0.08847300009801984
0.10007799975574017
0.15645099990069866
0.17507700016722083
0.17799700004979968
0.17790400004014373
0.1835209997370839
0.17647300008684397
0.1919309999793768
0.1682240003719926
0.046562999952584505
0.07266499986872077
0.07584699988365173
0.08324999967589974
0.10572700016200542
0.18130899965763092
0.16602499969303608
0.18625300005078316
0.16740800021216273
0.18343700002878904
0.13457300001755357
0.15418600011616945
0.16178200021386147
0.15608800016343594
0.1583430003374815
0.1591759999282658
0.13402799982577562
0.08067100029438734
0.11443699989467859
0.17342799995094538
0.17470100009813905
0.16345399990677834
0.16846700012683868
0.16626800037920475
0.1688299998641014
0.1689079999923706
0.16655000019818544
0.16769099980592728
0.16631799982860684
0.16508299997076392
0.16477200016379356
0.1629810002632439
0.16688500018790364
0.1657479996792972
0.16997999977320433
0.17092100018635392
0.1672669998370111
0.16214199969545007
0.15694500040262938
0.15624599996954203
0.16039799991995096
0.1597380000166595
0.153160999994725
0.1656419998034835
0.16820200020447373
0.1626180000603199
0.16466300003230572
0.16886099986732006
0.16778199980035424
0.1721070003695786
0.19328199978917837
0.13853800017386675
0.1304800002835691
0.13300300016999245
0.15450499998405576
0.1745779998600483
0.17405200004577637
0.2220680001191795
0.1634990000165999
0.16494200006127357
0.17614199966192245
0.2288540001027286
0.17460200004279613
0.17640800029039383
0.1784129999577999
0.17132600024342537
0.17461100034415722
0.16969700017943978
0.1866370001807809
0.20579499984160066
0.1624709996394813
0.18871900020167232
0.1576340002939105
0.1621679998934269
0.1651099999435246
0.1925459997728467
0.17558400006964803
0.17710300022736192
0.1738299997523427
0.1728870002552867
0.16977199958637357
0.18913099961355329
0.17647700011730194
0.1733690002001822
0.07803099974989891
0.0861820001155138
0.07172999996691942
0.07750099990516901
0.10523600038141012
0.13646599976345897
0.1716409996151924
0.1748879998922348
0.16633700020611286
0.20378699991852045
0.16371099976822734
0.16060599964112043
0.1658350001089275
0.16112100007012486
0.16427299985662103
0.15894600003957748
0.19923399994149804
0.14301500003784895
0.1534640002064407
0.1606310000643134
0.16561099980026484
0.15746799996122718
0.16318899998441339
0.1557680000551045
0.1587470001541078
0.16220599971711636
0.16319999983534217
0.1639470001682639
0.16678400011733174
0.16606499999761581
0.1643530000001192
0.16723000025376678
0.16223599994555116
0.1662139999680221
0.16183500038459897
0.16296100011095405
0.16996699990704656
0.19264800008386374
0.2029389999806881
0.16323600010946393
0.1667969999834895
0.169042999856174
0.1693089995533228
0.15991199994459748
0.1700070002116263
0.18308999994769692
0.0612079999409616
0.06287099979817867
0.08294900041073561
0.06767999986186624
0.07417300017550588
0.07750600017607212
0.09318700013682246
0.11773999966681004
0.16140699991956353
0.15553300036117435
0.15748400008305907
0.15024599991738796
0.1636530002579093
0.19605300016701221
0.16851600026711822
0.1582299997098744
0.16157299978658557
0.16289199981838465
0.15542700001969934
0.16269099991768599
0.16453900001943111
0.16220800019800663
0.15783700020983815
0.15522799966856837
0.1573469997383654
0.16312699997797608
0.16202899999916553
0.16087900009006262
0.1596650001592934
0.17330099968239665
0.17001899983733892
0.17285099998116493
0.21196800004690886
0.17523999977856874
0.172155000269413
0.0874529997818172
0.06974499998614192
0.07521799998357892
0.08946299972012639
0.11062499973922968
0.16482600010931492
0.17023600032553077
0.18111800029873848
0.17201799992471933
0.17294099973514676
0.19456700002774596
0.1791469999589026
0.1721069999039173
0.18009300017729402
0.16254500020295382
0.1609040000475943
0.16474699974060059
0.16521399980410933
0.1453430000692606
0.11024999991059303
0.13714700005948544
0.10541699966415763
0.10927999997511506
0.10887400014325976
0.11004099994897842
0.11219100002199411
0.12660899991169572
0.12354700034484267
0.13856100011616945
0.15100800013169646
0.14876300003379583
0.14836200000718236
0.14695299975574017
0.15024100011214614
0.14475499978289008
0.15005300007760525
0.1530829998664558
0.14612399972975254
0.17893699975684285
0.15955400001257658
0.14480999996885657
0.14530299976468086
0.14850200014188886
0.14781799959018826
0.15051900036633015
0.14722400018945336
0.14641300030052662
0.1898110001347959
0.15061800042167306
0.15002699987962842
0.16727800015360117
0.1718200002796948
0.17118600010871887
0.17567399982362986
0.16890499973669648
0.175590000115335
0.1703829998150468
0.1721780002117157
0.16900700004771352
0.1711499998345971
0.16781000001356006
0.1694149998947978
0.16996699990704656
0.1695409999229014
0.1725200000219047
0.17554299999028444
0.17905500018969178
0.16670100018382072
0.06736000021919608
0.07387399999424815
0.08901300001889467
0.08349199965596199
0.07319500017911196
0.07347499998286366
0.0895389998331666
0.1078329998999834
0.15358899999409914
0.18733099987730384
0.16389899980276823
0.15626199962571263
0.16429199976846576
0.13695399975404143
0.16189799970015883
0.16651499969884753
0.16531999967992306
0.1633429997600615
0.16194799961522222
0.1649060002528131
0.1672759996727109
0.07086700014770031
0.07747199991717935
0.0842059999704361
0.16509499959647655
0.15966200036928058
0.16496399976313114
0.16928699985146523
0.1675290004350245
0.16457000002264977
0.1918120002374053
0.16278899973258376
0.16840799991041422
0.16185899963602424
0.15861899964511395
0.16994599997997284
0.17073399992659688
0.16847100015729666
0.1704570003785193
0.17525600036606193
0.1331459996290505
0.08340999996289611
0.0949180000461638
0.06683199992403388
0.07340100035071373
0.07883100025355816
0.09501400031149387
0.1251349998638034
0.1673289998434484
0.18459199974313378
0.16507000010460615
0.16392099997028708
0.1700209998525679
0.16119400039315224
0.160413000266999
0.1578750000335276
0.16407100018113852
0.06482999958097935
0.07239100011065602
0.08000299986451864
0.10415499983355403
0.1446340000256896
0.16870399983599782
0.15759300021454692
0.16211000038310885
0.1672630002722144
0.16460599983111024
0.15922300005331635
0.16342400014400482
0.16993100009858608
0.1613099998794496
0.15851700026541948
0.1643389998935163
0.16254399996250868
0.16344299959018826
0.18304400006309152
0.16181300021708012
0.15763199981302023
0.1607200000435114
0.16784599982202053
0.16415399964898825
0.168161999899894
0.17004200024530292
0.16495800018310547
0.1381009998731315
0.15458799991756678
0.15023399982601404
0.15146799990907311
0.15205799974501133
0.1496250000782311
0.1499760001897812
0.1538820001296699
0.15653800033032894
0.17296000011265278
0.15361199993640184
0.16041200002655387
0.1975350002758205
0.1572639998048544
0.1544349999167025
0.15575999999418855
0.1616520001552999
0.15393799962475896
0.15311900014057755
0.15788300009444356
0.15152000030502677
0.15618399996310472
0.15475199976935983
0.2002399996854365
0.15744400024414062
0.16024399967864156
0.1619570003822446
0.1615740000270307
0.20135400025174022
0.15973499976098537
0.22734800027683377
0.16469400003552437
0.15887899976223707
0.1645110002718866
0.15287800040096045
0.15990199986845255
0.15770200034603477
0.1700780000537634
0.15774999978020787
0.15840600011870265
0.11734500015154481
0.09324799990281463
0.08156900014728308
0.05856500007212162
0.08048000000417233
0.09479600004851818
0.12152400007471442
0.09562200028449297
0.11205000011250377
0.16295399982482195
0.06840600026771426
0.07663600007072091
0.08973999973386526
0.11916300002485514
0.16745200008153915
0.16140600014477968
0.07999600004404783
0.085701999720186
0.10433400003239512
0.161357999779284
0.1658719996921718
0.15636599995195866
0.19612199999392033
0.19793799985200167
0.19021400017663836
0.16312799975275993
0.07975100027397275
0.10246500000357628
0.06563200009986758
0.07479499978944659
0.08610699977725744
0.11785699985921383
0.15226499969139695
0.04215000011026859
0.06620399979874492
0.09222800005227327
0.07640899997204542
0.09208700014278293
0.1360840001143515
0.18675599992275238
0.1619710000231862
0.15676699997857213
0.16089399997144938
0.160200999584049
0.1400259998627007
0.15905899973586202
0.1637949999421835
0.1532140001654625
0.15916600031778216
0.1609129998832941
0.1597929997369647
0.15924800001084805
0.16449700016528368
0.16183200012892485
0.1595819997601211
0.1616679998114705
0.16553999995812774
0.16845400026068091
0.1600979999639094
0.15498400013893843
0.15786199970170856
0.17211499996483326
0.16723100002855062
0.16981999995186925
0.15958099998533726
0.1701539997011423
0.1664359997957945
0.2143120002001524
0.16436300007626414
0.17007899982854724
0.16699500009417534
0.1709640002809465
0.1678979997523129
0.1659180000424385
0.16621300019323826
0.1665330003015697
0.17589899990707636
0.17589499987661839
0.1672510001808405
0.16985499998554587
0.17085500014945865
0.08474799990653992
0.08200700022280216
0.09967999998480082
0.06524100014939904
0.06651700008660555
0.06602100003510714
0.0706759998574853
0.06986099993810058
0.07517199963331223
0.09161100024357438
0.11788000026717782
0.1306130001321435
0.13543699961155653
0.13626099983230233
0.14338900009170175
0.13675099983811378
0.13772799959406257
0.10195100028067827
0.0727210002951324
0.07102000014856458
0.06957100005820394
0.07014500023797154
0.06905999965965748
0.07746100006625056
0.08482699980959296
0.14488800009712577
0.2016360000707209
0.17069899989292026
0.16863400023430586
0.16590799996629357
0.204797999933362
0.16969400038942695
0.16929499991238117
0.16860900027677417
0.16614199988543987
0.1669319998472929
0.20348400017246604
0.17019699979573488
0.1750260000117123
0.1731900000013411
0.17560600023716688
0.21383500006049871
0.1751769999973476
0.16938799992203712
0.1722579998895526
0.16930999979376793
0.16436300007626414
0.19082699995487928
0.17237900011241436
0.1794360000640154
0.16932700015604496
0.1684119999408722
0.16955400025472045
0.16521700005978346
0.06909399991855025
0.0693839997984469
0.08388999989256263
0.10037200013175607
0.15821600006893277
0.16069000028073788
0.16391099989414215
0.16202399972826242
0.19208399998024106
0.06568500027060509
0.06330399960279465
0.06242500012740493
0.06411200016736984
0.06583300000056624
0.06629499979317188
0.06521099992096424
0.07023799978196621
0.07795299962162971
0.08776899985969067
0.13026300026103854
0.13481400022283196
0.11470500007271767
0.11088400008156896
0.11464700009673834
0.11289899982511997
0.10872199991717935
0.11584899993613362
0.11253200005739927
0.11289600003510714
0.11430599959567189
0.11533599998801947
0.11191199999302626
0.11729699978604913
0.12918899999931455
0.15325600001960993
0.20122599974274635
0.15257700020447373
0.15870200004428625
0.15190299972891808
0.15262100007385015
0.15524600027129054
0.17534299986436963
0.16239499999210238
0.1641689999960363
0.15890599973499775
0.1614940003491938
0.16500600008293986
0.1652909996919334
0.16375700011849403
0.16772999987006187
0.17099999962374568
0.1726120002567768
0.20837000012397766
0.1672049998305738
0.1705389996059239
0.1678249998949468
0.16827500006183982
0.1707000001333654
0.16984199965372682
0.1681369999423623
0.16747700003907084
0.170202000066638
0.21026499988511205
0.19815800013020635
0.16617600014433265
0.16740599973127246
0.17547699995338917
0.17040699999779463
0.1671339999884367
0.16442100005224347
0.21390399988740683
0.17034599976614118
0.17303199972957373
0.1641369997523725
0.1673730001784861
0.1651240000501275
0.16882200026884675
0.1721069999039173
0.16790799982845783
0.1682309997268021
0.16807799972593784
0.16511800000444055
0.1737539996393025
0.1672649998217821
0.17034499999135733
0.1770150000229478
0.17728899978101254
0.16261200001463294
0.16441800026223063
0.16711700009182096
0.16733900038525462
0.206472999881953
0.17022900003939867
0.16827300004661083
0.16967400023713708
0.16867699986323714
0.19653799990192056
0.1952980002388358
0.1699500000104308
0.173804999794811
0.1696470002643764
0.17005899967625737
0.06308399979025126
0.08352499967440963
0.06359100015833974
0.06988100009039044
0.07832599990069866
0.09369300026446581
0.12292400002479553
0.137901000212878
0.12327599991112947
0.12270900001749396
0.14668400026857853
0.12471499992534518
0.14653100026771426
0.14274700032547116
0.12484699999913573
0.09729800000786781
0.12222700007259846
0.14516999991610646
0.12209900002926588
0.12128899991512299
0.1247749999165535
0.11637800000607967
0.11765499971807003
0.1231070002540946
0.16793100023642182
0.16592099983245134
0.06628400040790439
0.09872899996116757
0.06256700027734041
0.06449000025168061
0.09001600043848157
0.07587399985641241
0.11278900038450956
0.12309500016272068
0.14892500033602118
0.1393879996612668
0.16515700006857514
0.16422799974679947
0.1615440002642572
0.16360099986195564
0.16336200013756752
0.1587030002847314
0.16601300006732345
0.16397000011056662
0.16201600013300776
0.1699520000256598
0.1606419999152422
0.1792319999076426
0.15944999968633056
0.16141399974003434
0.16388799995183945
0.17041200026869774
0.19111099978908896
0.16637500002980232
0.1661539999768138
0.1634529996663332
0.16624099994078279
0.16973700001835823
0.17309000017121434
0.1677560000680387
0.1681620003655553
0.17537800036370754
0.1639049998484552
0.17680700030177832
0.1699979999102652
0.1702410001307726
0.1679509999230504
0.1753879999741912
0.1664780001156032
0.16878099972382188
0.19417899986729026
0.1912040002644062
0.17037499975413084
0.1738209999166429
0.17263099970296025
0.16773799993097782
0.16536400001496077
0.16906700003892183
0.16789000015705824
0.17385500017553568
0.17073099967092276
0.16878699976950884
0.1689470000565052
0.16872699977830052
0.1734309997409582
0.07203100016340613
0.06136400019749999
0.08099899999797344
0.08164800005033612
0.08141400013118982
0.0822209999896586
0.0837220000103116
0.08335800003260374
0.06611100025475025
0.0843849997036159
0.10491100000217557
0.1454529999755323
0.17609200021252036
0.16699700010940433
0.19145799987018108
0.15382299991324544
0.16635899990797043
0.1646900000050664
0.16012499993667006
0.16095699975267053
0.1582190003246069
0.15828300034627318
0.16216800035908818
0.18664600001648068
0.17035900009796023
0.16494299983605742
0.21900300029665232
0.17110999999567866
0.17016799980774522
0.17603700002655387
0.17131699994206429
0.16688799997791648
0.16592299984768033
0.17880299966782331
0.16885900031775236
0.1995729999616742
0.17397799994796515
0.1703969999216497
0.1627899999730289
0.17569399997591972
0.20548500027507544
0.17390300007537007
0.18566299974918365
0.16655299998819828
0.17220400040969253
0.1738510001450777
0.16664900025352836
0.17338600009679794
0.16790100000798702
0.1769260000437498
0.1687380000948906
0.20905200019478798
0.17146999994292855
0.16961300000548363
0.169408000074327
0.17433399986475706
0.1965159997344017
0.1906300000846386
0.17363699991255999
0.17330999998375773
0.21318700024858117
0.17399400006979704
0.17029900010675192
0.16540200030431151
0.17159100016579032
0.08918000012636185
0.08150200033560395
0.1623080000281334
0.14359699981287122
0.1632860000245273
0.16299400012940168
0.16453799977898598
0.16167200030758977
0.16165999975055456
0.16361899999901652
0.1868869997560978
0.15710699977353215
0.16406900016590953
0.16891800006851554
0.16098699998110533
0.1643530000001192
0.1650160001590848
0.16329800011590123
0.16632799990475178
0.16471500042825937
0.1610920000821352
0.16431299969553947
0.170800999738276
0.16020999988541007
0.16308799991384149
0.1625950001180172
0.19442499987781048
0.08409100025892258
0.0803600000217557
0.08268200000748038
0.0807109996676445
0.08230100013315678
0.06399200018495321
0.06599199958145618
0.0780239999294281
0.07705500023439527
0.09299800032749772
0.1191460001282394
0.11775399977341294
0.12056099995970726
0.12114300020039082
0.11721300007775426
0.0918589998036623
0.11473300028592348
0.11700599966570735
