0.8704289998859167
0.23950500041246414
0.2531369999051094
0.28438400104641914
0.275772999972105
0.22219599969685078
0.2568469997495413
0.24749800004065037
0.14543299935758114
0.21984300017356873
0.25231799855828285
0.22565500065684319
0.07745200023055077
0.23425300046801567
0.2077329996973276
0.21134299971163273
0.24580099992454052
0.21822299994528294
0.2243579998612404
0.2346320003271103
0.24501599930226803
0.2124119997024536
0.21581199951469898
0.23451199941337109
0.2245560009032488
0.2311950009316206
0.21547099947929382
0.23339500091969967
0.21646600030362606
0.21031000092625618
0.23758099973201752
0.2183159999549389
0.21394900046288967
0.24617299996316433
0.21297300048172474
0.21469799987971783
0.22224299982190132
0.23591900058090687
0.227207001298666
0.2164589986205101
0.2149059996008873
0.21397499926388264
0.2762199994176626
0.22277500107884407
0.21346700005233288
0.22380400076508522
0.24033300019800663
0.23507899977266788
0.2541899997740984
0.22094599902629852
0.24304299987852573
0.21227099932730198
0.21663299947977066
0.24602600000798702
0.2069499995559454
0.23159100115299225
0.2797980010509491
0.23392399959266186
0.21605399996042252
0.2590280007570982
0.24744699895381927
0.23004999943077564
0.21624499931931496
0.2167509999126196
0.22935300134122372
0.23357800021767616
0.21740899980068207
0.21298100054264069
0.24736700020730495
0.23918299935758114
0.2359309997409582
0.2345110010355711
0.24020200036466122
0.22728199884295464
0.2605169992893934
0.23082299903035164
0.2288719993084669
0.2327370010316372
0.2567389998584986
0.23396199941635132
0.225959999486804
0.23345699906349182
0.21609199978411198
0.21567700058221817
0.2654740009456873
0.21756700053811073
0.23127800039947033
0.21836300007998943
0.22543099895119667
0.24368699826300144
0.21725100092589855
0.21693499945104122
0.21432999894022942
0.22473799996078014
0.23068100027740002
0.21767299994826317
0.22581099905073643
0.2569050006568432
0.21959099918603897
0.20058600045740604
0.21921700052917004
0.23000100068747997
0.2306909989565611
0.2131779994815588
0.2222680002450943
0.23130200058221817
0.27901099994778633
0.23566200025379658
0.22589500062167645
0.2800239995121956
0.2344049997627735
0.21535899862647057
0.2730860002338886
0.21846000105142593
0.21468199975788593
0.25666300021111965
0.2289190012961626
0.2715530004352331
0.22177300043404102
0.25008999928832054
0.23612800054252148
0.23613099940121174
0.25665600039064884
1.1610580012202263
0.2596590016037226
0.2135810013860464
0.21688299998641014
0.25175200030207634
0.23090600036084652
0.21391399949789047
0.2545440010726452
0.22864599898457527
0.25445500016212463
0.2738910000771284
0.2196130007505417
0.22034999914467335
0.2353079989552498
0.2767609991133213
0.2342579998075962
0.21620799973607063
0.21161900088191032
0.27673299983143806
0.21157599985599518
0.23670100048184395
0.21627099998295307
0.25688800029456615
0.3189979996532202
0.2145729996263981
0.21397999860346317
0.2522260006517172
0.21974300034344196
0.21403300017118454
0.2529649995267391
0.23321100138127804
0.22165299952030182
0.2569869998842478
0.23297400027513504
0.21867999993264675
0.23286099918186665
0.216109998524189
0.23086300119757652
0.21044600009918213
0.21520599909126759
0.07333300076425076
0.27351799979805946
0.2138429991900921
0.21405700035393238
0.2390930000692606
0.2120800018310547
0.22636200115084648
0.2166889999061823
0.23105799965560436
0.21484900079667568
0.21565300039947033
0.2749560009688139
0.2105529997497797
0.2552129998803139
0.27629899978637695
0.22658800147473812
0.2173180002719164
0.2315020002424717
0.21151800081133842
0.23449300043284893
0.24921000003814697
0.21863999962806702
0.2155459988862276
0.2568360008299351
0.21527300029993057
0.23214999958872795
0.216066000983119
0.2556480001658201
0.23403599858283997
0.21206799894571304
0.21705199964344501
0.23356200009584427
0.21451199986040592
0.22007599845528603
0.287321001291275
0.22832400165498257
0.21349900029599667
0.2131580002605915
0.28227399848401546
0.23065299913287163
0.20491600036621094
0.21953799948096275
0.2218170017004013
0.26246399991214275
0.2189789991825819
0.21571500040590763
0.2286509983241558
0.2541380003094673
0.2247460000216961
0.21348300017416477
0.21460300125181675
0.25323599949479103
0.20792599953711033
0.21585199981927872
0.23571200110018253
0.21913000009953976
0.20799999870359898
0.21999100036919117
0.2302709985524416
0.2156360000371933
0.21343600004911423
0.21350299939513206
0.21950799971818924
0.2079249992966652
0.21792799979448318
0.28600599989295006
0.212160998955369
0.21395800076425076
0.2128449995070696
0.25272499956190586
0.2111539989709854
0.23917200043797493
0.2083280012011528
0.23420600034296513
0.23245299980044365
0.21092999912798405
0.27227700129151344
0.20334099978208542
0.21215100027620792
0.27049800008535385
0.3093800004571676
0.21516799926757812
0.20634599961340427
0.21035599894821644
0.2319220006465912
0.20863499864935875
0.2203270010650158
0.24963999912142754
0.24952599965035915
0.21312999911606312
0.2086229994893074
0.20709999836981297
0.25667699985206127
0.23870199918746948
0.21926600113511086
0.22744400054216385
0.2305690012872219
0.23559500090777874
0.21303199976682663
0.27786000072956085
0.2298200000077486
0.21910899877548218
0.21694700047373772
0.3022980000823736
0.23021399974822998
0.21289199963212013
0.238476000726223
0.2289000004529953
0.2613140009343624
0.2228740006685257
0.2230999991297722
0.2530450001358986
0.2075360007584095
0.2710710000246763
0.22935700044035912
0.23195699974894524
0.2360410001128912
0.27978499978780746
0.23387499898672104
0.22801800072193146
0.23196000047028065
0.2730819992721081
0.23163099959492683
0.23216200061142445
0.22136399894952774
0.2759399991482496
0.2388519998639822
0.22927399910986423
0.22750099934637547
0.2864340003579855
0.21860599890351295
0.23596500046551228
0.22832399979233742
0.25469200126826763
0.2311920002102852
0.28345399908721447
0.23205599933862686
0.2552789989858866
0.22685199975967407
0.22685500048100948
0.2647229991853237
0.2580239996314049
0.2309779990464449
0.227590998634696
0.23971299827098846
0.2549520004540682
0.23378599993884563
0.23471899889409542
0.24570100009441376
0.2560069989413023
0.2363670002669096
0.22919199988245964
0.22308599948883057
0.25400100089609623
0.21921100094914436
0.24600899964571
0.21975900046527386
0.24511799961328506
0.24175599962472916
0.23319799825549126
0.21838399954140186
0.3125229999423027
0.2450760006904602
0.22723699919879436
0.23095999844372272
0.2620180007070303
0.22638600133359432
0.22842999920248985
0.22429299913346767
0.26711300015449524
0.23002399876713753
0.22614300064742565
0.22120999917387962
0.26299900002777576
0.2316459994763136
0.2463770005851984
0.24520999938249588
0.27147600054740906
0.24255000054836273
0.22315100021660328
0.1391839999705553
0.2137029990553856
0.23322599940001965
0.2325120009481907
0.25798200070858
0.20938399992883205
0.21234199963510036
0.21176199987530708
0.2658869996666908
0.20988299883902073
0.21102000027894974
0.22108499892055988
0.23347700014710426
0.21497800014913082
0.21399099938571453
0.24815599992871284
0.14372600056231022
0.22361700050532818
0.21219499967992306
0.2623690012842417
0.2121909987181425
0.2179080005735159
0.21267399936914444
0.23527800105512142
0.2159979995340109
0.21417300030589104
0.2652989998459816
0.23130999878048897
0.233067000284791
0.21496399864554405
0.2123360000550747
0.23985899984836578
0.21244199946522713
0.28945500031113625
0.2155700009316206
0.23218999989330769
0.21390500105917454
0.23734099976718426
0.2122500017285347
0.2544129993766546
0.2902650013566017
0.21146700158715248
0.21398100070655346
0.2553150001913309
0.2249519992619753
0.2131420001387596
0.218104999512434
0.252598000690341
0.21383699961006641
0.21639700047671795
0.2281189989298582
0.24858899973332882
0.21109499968588352
0.23445700109004974
0.23427999950945377
0.25006300024688244
0.21627500094473362
0.25752099975943565
0.21534599922597408
0.26109900139272213
0.22068299911916256
0.23919600062072277
0.2173219993710518
0.26011500135064125
0.22616699896752834
0.23902500048279762
0.1270349994301796
0.25332000106573105
0.20835600048303604
0.23280500061810017
0.22980100102722645
0.25102599896490574
0.21036499924957752
0.24637099914252758
0.2773950006812811
0.23163199983537197
0.21802000142633915
0.2138880006968975
0.22279800102114677
0.21897300146520138
0.2106899991631508
0.2400710005313158
0.09119799919426441
0.25202300027012825
0.23754500038921833
0.21158099919557571
0.2510850001126528
0.21576299890875816
0.2169799990952015
0.20841499976813793
0.23153800144791603
0.24026400037109852
0.23177899979054928
0.2175960000604391
0.2373879998922348
0.2349919993430376
0.21643400005996227
0.2211030013859272
0.23477600142359734
0.23478900082409382
0.25515199825167656
0.2741879988461733
0.22843500040471554
0.2483530007302761
0.21053599938750267
0.267238000407815
0.23247100040316582
0.23603999987244606
0.21766000054776669
0.2557549998164177
0.21608499996364117
0.21847299858927727
0.21571899950504303
0.25898199900984764
0.2134069986641407
0.22124799899756908
0.24013900011777878
0.2587199993431568
0.24234399944543839
0.2185900006443262
0.23469099961221218
0.30468699894845486
0.22982200048863888
0.21671299822628498
0.22820799984037876
0.2137570008635521
0.25753699988126755
0.2362730000168085
0.21419900096952915
0.2089220006018877
0.25385599955916405
0.23526999913156033
0.22279800102114677
0.2379320003092289
0.29062399826943874
0.2527329996228218
0.22425599955022335
0.21184900030493736
0.2169479988515377
0.24982899986207485
0.21362800151109695
0.23751099966466427
0.23468299955129623
0.23263100162148476
0.23872500099241734
0.23270099982619286
0.07408900000154972
0.2120669987052679
0.20513400062918663
0.24598699994385242
0.2517900001257658
0.23293100111186504
0.20936400070786476
0.21371099911630154
0.23044199869036674
0.2104169987142086
0.2644839994609356
0.25153499841690063
0.21319400146603584
0.2094999998807907
0.26899899914860725
0.28338100016117096
0.24778700061142445
0.2121839988976717
0.20812899991869926
0.2397029995918274
0.2124669998884201
0.24043500050902367
0.21952899917960167
0.2336679995059967
0.23480499908328056
0.20889700017869473
0.23397899977862835
0.2530150003731251
0.2501790001988411
0.22091899998486042
0.22335299849510193
0.25252499990165234
0.21278399974107742
0.23262999951839447
0.2285190001130104
0.2484440002590418
0.2343290001153946
0.2174689993262291
0.20611099898815155
0.2545220013707876
0.21491199918091297
0.23439199849963188
0.23180700093507767
0.3904529996216297
0.2950909994542599
0.26387299969792366
0.26754000037908554
0.2736130002886057
0.13550999946892262
0.2646520007401705
0.26613699831068516
0.39297400042414665
0.2634049989283085
0.26379199884831905
0.33897799998521805
0.28216899931430817
0.260063998401165
0.2638639993965626
0.38570699840784073
0.2616600003093481
0.26565500162541866
0.38841399922966957
0.26723199896514416
0.2630300000309944
0.33928299881517887
0.2789960000663996
0.2617830000817776
0.2628429997712374
0.39116899855434895
0.26508599892258644
0.2629979997873306
0.3857470005750656
0.27760899998247623
0.2619849983602762
0.38669800013303757
0.266057999804616
0.26299900002777576
0.4167589992284775
0.2847610004246235
0.3006319999694824
0.40213700011372566
0.27509899996221066
0.2637780010700226
0.38784199953079224
0.2635459993034601
0.2615789994597435
0.38948599994182587
0.2616249993443489
0.25769099965691566
0.38345800153911114
0.2609170004725456
0.2604569997638464
0.385538000613451
0.3025480005890131
0.2639710009098053
0.3844300005584955
0.2897180002182722
0.26535299979150295
0.4089850001037121
0.31188900023698807
0.27697999961674213
0.34620700031518936
0.2791999988257885
0.2637920007109642
0.28273299895226955
0.37181599996984005
0.25968899950385094
0.2626249995082617
0.40513000078499317
0.29607100039720535
0.2623089998960495
0.38005900010466576
0.2829759996384382
0.26033100113272667
0.38684799894690514
0.25995299965143204
0.2637409996241331
0.38366599939763546
0.29129800014197826
0.2616600003093481
0.38939400017261505
0.2634980008006096
0.392875999212265
0.2610400002449751
0.2626419998705387
0.3846509996801615
0.2806430011987686
0.2607019990682602
0.3850560002028942
0.2634640000760555
0.26917400024831295
0.38918800093233585
0.2598430011421442
0.29566900059580803
0.38738299906253815
0.2588160000741482
0.25770699977874756
0.38482899963855743
0.2626220006495714
0.2596240006387234
0.4217110015451908
0.2690970003604889
0.25961000099778175
0.390344999730587
0.26239500008523464
0.28383100032806396
0.4013000000268221
0.263196000829339
0.25990899838507175
0.40532900020480156
0.2576279994100332
0.27236299961805344
0.38462699949741364
0.265472000464797
0.2624559998512268
0.387296000495553
0.28156700171530247
0.34439999982714653
0.3854839988052845
0.25999299995601177
0.2732489984482527
0.38504800014197826
0.28080799989402294
0.2615840006619692
0.41499399952590466
0.2834089994430542
0.26178199984133244
0.3860490005463362
0.2673429995775223
0.26385699957609177
0.38899900019168854
0.26206599920988083
0.30839099921286106
0.4214990008622408
0.2643260005861521
0.2634850014001131
0.4068930000066757
0.26399300061166286
0.2610929999500513
0.38181300088763237
0.26495799981057644
0.2623089998960495
0.4030349999666214
0.2613249998539686
0.28460399992763996
0.40093399956822395
0.2808229997754097
0.25821899995207787
0.38470499962568283
0.2649240009486675
0.2631529998034239
0.4163730014115572
0.25974000059068203
0.26608699932694435
0.40911700017750263
0.26066600158810616
0.2616700008511543
0.39852300100028515
0.2638720013201237
0.27907299995422363
0.3865450005978346
0.2657859995961189
0.2720570005476475
0.3865269999951124
0.30428799986839294
0.26137899979949
0.39902999997138977
0.2800409998744726
0.2798760011792183
0.4076519999653101
0.27795599959790707
0.2634079996496439
0.39840200170874596
0.25828099995851517
0.26235500164330006
0.40217200107872486
0.2807219997048378
0.2613239996135235
0.4006639998406172
0.27970900014042854
0.26640900038182735
0.40632900036871433
0.26160099916160107
0.27949799969792366
0.39457100071012974
0.26227400079369545
0.2606569994240999
0.4088169988244772
0.2602800000458956
0.2615250013768673
0.42766400054097176
0.2855240013450384
0.28139499947428703
0.38778699934482574
0.2960680015385151
0.2620349992066622
0.4051709994673729
0.2325729988515377
0.2560559995472431
0.44028900004923344
0.2592699993401766
0.2664260007441044
0.4131690002977848
0.2663749996572733
0.2619899995625019
0.40409599989652634
0.2669970002025366
0.26539199985563755
0.4105519987642765
0.2681970000267029
0.26647800020873547
0.4056460000574589
0.2642459999769926
0.26641999930143356
0.3108349982649088
0.2844389993697405
0.2722859997302294
0.4388110004365444
0.2618399988859892
0.289385000243783
0.4046030007302761
0.2696909997612238
0.26546799950301647
0.38816799968481064
0.26100300066173077
0.26088100112974644
0.4177340008318424
0.2640920002013445
0.27363700047135353
0.39410299994051456
0.2654429990798235
0.25960399955511093
0.4059170000255108
0.26803800091147423
0.2796499989926815
0.44468499906361103
0.26303100027143955
0.26660099998116493
0.38809600099921227
0.2839299999177456
0.2845520004630089
0.4099950008094311
0.26647899858653545
0.32291300036013126
0.38617599941790104
0.2670059986412525
0.26403299905359745
0.39267800003290176
0.2880750000476837
0.2666090000420809
0.3983620014041662
0.26498099975287914
0.2662540003657341
0.4101479984819889
0.26592699997127056
0.2615949995815754
0.40885300002992153
0.3097419999539852
0.28730399906635284
0.39581399969756603
0.29634799994528294
0.27689100056886673
0.4055000003427267
0.2589950002729893
0.26541400142014027
0.405604001134634
0.2639589998871088
0.26349300146102905
0.39183900132775307
0.268240999430418
0.26721700094640255
0.3932019993662834
0.3111209999769926
0.2796519994735718
0.39143400080502033
0.2609359994530678
0.26672899909317493
0.3917750008404255
0.26381400041282177
0.26260099932551384
0.4392740000039339
0.2636450007557869
0.26610900089144707
0.4117170013487339
0.2639729995280504
0.26660400070250034
0.3957739993929863
0.27985900081694126
0.25978200137615204
0.3627549987286329
0.25961799919605255
0.2571339998394251
0.3953390009701252
0.2633720003068447
0.2585160005837679
0.4200440011918545
0.26262900047004223
0.2671839985996485
0.4026079997420311
0.28860700130462646
0.26433200016617775
0.39171200059354305
0.2665600012987852
0.25831500068306923
0.4021840002387762
0.26652699895203114
0.2683189995586872
0.4338189996778965
0.27532600052654743
0.2649760004132986
0.395864998921752
0.27213899977505207
0.25989099964499474
0.4019259996712208
0.28126100078225136
0.26391899958252907
0.38711100071668625
0.265047000721097
0.2609390001744032
0.40017099864780903
0.26201600022614
0.2793489992618561
0.3851530011743307
0.2638719994574785
0.26462200097739697
0.3959330003708601
0.2613500002771616
0.2600069995969534
0.40338500030338764
0.26031400077044964
0.2606719993054867
0.38951400108635426
0.26153899915516376
0.2633330002427101
0.40672099962830544
0.25973800010979176
0.2718009985983372
0.408330999314785
0.26567599922418594
0.260343000292778
0.4276229999959469
0.273717999458313
0.27730900049209595
0.4120179992169142
0.26553100161254406
0.2622010000050068
0.4105270002037287
0.265004999935627
0.2591190002858639
0.3910299986600876
0.263332000002265
0.267017999663949
0.45749100111424923
0.26331499963998795
0.2601570002734661
0.4242449998855591
0.31223100051283836
0.26041699945926666
0.39332300052046776
0.3229670003056526
0.2985110003501177
0.38815199956297874
0.2706070002168417
0.26982800103724003
0.3915519993752241
0.2604990005493164
0.26052300073206425
0.4067190010100603
0.25791999883949757
0.28177700005471706
4.5970189999789
0.2509230002760887
0.2480439990758896
0.39543999917805195
0.25802600011229515
0.2582610007375479
0.402326000854373
0.28637600131332874
0.2614839989691973
0.39229300059378147
0.26396000012755394
0.2618429996073246
0.4105159994214773
0.2595030013471842
0.26465299911797047
0.39279700070619583
0.2806860003620386
0.2678490001708269
0.422757999971509
0.26583599857985973
0.26089700125157833
0.38552699983119965
0.2643060013651848
0.2596040014177561
0.3890690002590418
0.2671770006418228
0.2981319986283779
0.34598900005221367
0.28353700041770935
0.262321999296546
0.39225099980831146
0.28629699908196926
0.3343690000474453
0.38287699967622757
0.2628959994763136
0.2622460015118122
0.4319959990680218
0.2639910001307726
0.26283599995076656
0.40350999869406223
0.265947999432683
0.27847300097346306
0.39990900084376335
0.2640179991722107
0.26226599887013435
0.43451499938964844
0.2601340003311634
0.26224800013005733
0.41884000040590763
0.27373099885880947
0.2696800008416176
0.4276420008391142
0.25939400121569633
0.2662630006670952
0.4070420004427433
0.2957019992172718
0.2738899998366833
0.38547000102698803
0.26285200007259846
0.32715800032019615
0.39539700001478195
0.27299800142645836
0.27679199911653996
0.3978669997304678
0.2596680000424385
0.2609950006008148
0.4055059999227524
0.2650869991630316
0.26147300004959106
0.38697800040245056
0.30010100081562996
0.30186399817466736
0.3888489995151758
0.25719400122761726
0.30507799983024597
0.39556300081312656
0.2670830003917217
0.3415989987552166
0.4053440000861883
0.26090100035071373
0.283933999016881
0.40054500102996826
0.2736820001155138
0.26361100003123283
0.40830500051379204
0.30077500082552433
0.30422599986195564
0.40905999951064587
0.2666549999266863
0.32247000001370907
0.4085029996931553
0.26089399866759777
0.2637469992041588
0.4021080005913973
0.2652620002627373
0.2662519998848438
0.4041039999574423
0.26405199989676476
0.27289799973368645
0.39124299958348274
0.2645580004900694
0.26118999905884266
0.40814999863505363
0.28194900043308735
0.26173700019717216
0.39651500061154366
0.28222700022161007
0.26311800070106983
0.4409860000014305
0.26011599972844124
0.2836249992251396
0.38833700120449066
0.25713999941945076
0.23536100052297115
0.4403520002961159
0.2602490000426769
0.2670440003275871
0.38703699968755245
0.2829369995743036
0.260300999507308
0.384035998955369
0.2590129990130663
0.2636459991335869
0.39910100027918816
0.2629489991813898
0.29508999921381474
0.40574000030755997
0.27271800115704536
0.25867499969899654
0.3916090000420809
0.28790600039064884
0.3951839990913868
0.2784880008548498
0.2624040003865957
0.4029729999601841
0.26302599906921387
0.27259899862110615
0.4193370006978512
0.27185700088739395
0.25712500140070915
0.42530000023543835
0.2594530005007982
0.27991899847984314
0.38742300122976303
0.2769099995493889
0.2610400002449751
0.43247600086033344
0.2600060012191534
0.2618370000272989
0.39061399921774864
0.27815600112080574
0.27855599857866764
0.40048399940133095
0.2631899993866682
0.2605479992926121
0.38763099908828735
0.29200199991464615
0.25995999947190285
0.3864740002900362
0.26485699974000454
0.25813000090420246
0.38911799900233746
0.25966900028288364
0.2631400004029274
0.39448400028049946
0.28068199940025806
0.2920049987733364
0.4071349985897541
0.2589859999716282
0.2712340001016855
0.30014200136065483
0.3832060005515814
0.2780419997870922
0.26302000135183334
0.4082190003246069
0.3019329998642206
0.25518999993801117
0.39423699863255024
0.25994000025093555
0.2623679991811514
0.39107399992644787
0.25488200038671494
0.2749950010329485
0.3941820003092289
0.26298199966549873
0.2884889990091324
0.38851699978113174
0.2907219994813204
0.27916199900209904
0.3832430001348257
0.283865999430418
0.26057100109755993
0.38360599987208843
0.255366999655962
0.26072200015187263
0.38581499829888344
0.26305799931287766
0.28412599861621857
0.3914240002632141
0.2579119987785816
0.26872099936008453
0.4047790002077818
0.2624469995498657
0.2711330000311136
0.40918600000441074
0.2583569996058941
0.3050599992275238
0.4051860012114048
0.24904399923980236
0.2603329997509718
0.41121000051498413
0.26427300088107586
0.259442999958992
0.38846700079739094
0.25603900104761124
0.30110500007867813
0.4044300001114607
0.2579039987176657
0.27349700033664703
0.4086050000041723
0.30388300120830536
0.2588740009814501
0.38494700007140636
0.2590229995548725
0.26023699901998043
0.40189599990844727
0.26313599944114685
0.2752760015428066
0.4043020009994507
0.26226400025188923
0.29538699984550476
0.40541400015354156
0.2850480005145073
0.2841429989784956
0.2584739997982979
0.3956920001655817
0.25603099912405014
0.259620001539588
0.43857499957084656
0.259570999071002
0.2837829999625683
0.44246199913322926
0.2757009994238615
0.26477500051259995
0.41539799980819225
0.2611020002514124
0.2784690000116825
0.40059199929237366
0.2778350003063679
0.2615710012614727
0.40629199892282486
0.26134200021624565
0.27356299944221973
0.4085450004786253
0.2825220003724098
0.26683999970555305
0.4040570016950369
0.26413300074636936
0.2616729997098446
0.4344449993222952
0.2804380003362894
0.2572840005159378
0.4108029995113611
0.25857099890708923
0.26102500036358833
0.39901999942958355
0.2625210005789995
0.260045999661088
0.38911999948322773
0.2611789982765913
0.26541700027883053
0.4041219986975193
0.2628019992262125
0.25939299911260605
0.40069299936294556
0.2648220006376505
0.26886199973523617
0.4069609995931387
0.259655000641942
0.2560759987682104
0.41142099909484386
0.25945600122213364
0.26121899858117104
0.3890930004417896
0.25412500090897083
0.25872499868273735
0.3865850009024143
0.2685000002384186
0.2582530006766319
0.4064259994775057
0.2599390000104904
0.2625890001654625
0.40351800061762333
0.2567239999771118
0.2621910013258457
0.39121299982070923
0.2598969992250204
0.25663300044834614
0.41074799932539463
0.26114699989557266
0.26433500088751316
0.43073299899697304
0.2618780005723238
0.2611189987510443
0.3876089993864298
0.26322900131344795
0.28587899915874004
0.4009790010750294
0.26390400156378746
0.27067499980330467
0.39253100007772446
0.2607150003314018
0.26215000078082085
0.4094120003283024
0.255494000390172
0.2650709990411997
0.438527001067996
0.26623599976301193
0.26135299913585186
0.39826600067317486
0.2574189994484186
0.2823090013116598
0.3858500011265278
0.2604499999433756
0.2598180007189512
0.3936360012739897
0.26002700068056583
0.26184199936687946
0.3863049987703562
0.2650830000638962
0.2604050002992153
0.407048000022769
0.259273000061512
0.2626770008355379
0.40228900127112865
0.2615220006555319
0.2613009996712208
0.4059919994324446
0.2610630001872778
0.25891299918293953
0.3867229986935854
0.2793780006468296
0.28037100099027157
0.38925700075924397
0.25673200003802776
0.25828699953854084
0.3834189996123314
0.259655000641942
0.2657549995929003
0.38976999931037426
0.3407460004091263
0.2816509995609522
0.43750100024044514
0.2937080003321171
0.3085610009729862
0.3883779998868704
0.26922000013291836
0.28168199956417084
0.3988770004361868
0.29948199912905693
0.2721509989351034
0.4156309999525547
0.2583990003913641
0.2623229995369911
0.39114700071513653
0.2829550001770258
0.25990100018680096
0.4100959990173578
0.2634020000696182
0.2588589992374182
0.40405000001192093
4.270556999370456
0.25414299964904785
0.4020300004631281
0.280799999833107
0.2608340010046959
0.46439800038933754
0.25983900018036366
0.2642090003937483
0.4074019994586706
0.2660380005836487
0.28355499915778637
0.3756189998239279
0.26663600094616413
0.29321100004017353
0.3835289999842644
0.2771349996328354
0.25630499981343746
0.3711040001362562
0.2534729987382889
0.256929000839591
0.37277499958872795
0.2519309986382723
0.2526799999177456
0.38287599943578243
0.2556279990822077
0.2709030006080866
0.42234900034964085
0.2697560004889965
0.24985000118613243
0.3711259998381138
0.24930700100958347
0.24970800057053566
0.3964649997651577
0.24983800016343594
0.24419499933719635
0.39584199897944927
0.2484189998358488
0.2651879992336035
0.3974559996277094
0.2513590008020401
0.24867599830031395
0.36913800053298473
0.2593680005520582
0.27732300013303757
0.3774779997766018
0.262966001406312
0.2509819995611906
0.2601360008120537
0.9020920004695654
0.2511999998241663
0.2499540001153946
0.39392799884080887
0.24892999976873398
0.2505089994519949
0.3842460010200739
0.2900869995355606
0.25466000102460384
0.30702600069344044
0.2991599999368191
0.24408499896526337
0.3865200001746416
0.24805499985814095
0.24862900003790855
0.37256000004708767
0.250772999599576
0.25071899965405464
0.3856750000268221
0.2706889994442463
0.2501450013369322
0.3869080003350973
0.24854199960827827
0.24401099979877472
0.37580799870193005
0.2626129984855652
0.2716479990631342
0.38423899933695793
0.2636520005762577
0.24880199879407883
0.37991599924862385
0.2506180014461279
0.24481800012290478
0.3853060007095337
0.24386199936270714
0.26315899938344955
0.3716879989951849
0.2692409995943308
0.24622699990868568
0.38028099946677685
0.24654899910092354
0.2518780007958412
0.368452999740839
0.24566500075161457
0.2707479987293482
0.37194699980318546
0.24927600100636482
0.27181899920105934
0.38613699935376644
0.25158300064504147
0.26852599903941154
0.39797599986195564
0.24378900043666363
0.27317100018262863
0.378753999248147
0.24539300054311752
0.24624899961054325
0.38249700143933296
0.24738399870693684
0.2472350001335144
0.3732759989798069
0.2785999998450279
0.27375999838113785
0.43296300061047077
0.24910200014710426
0.2472120001912117
0.24578899890184402
0.3615690004080534
0.2713109999895096
0.25370199978351593
0.37938700057566166
0.2562500014901161
0.25164400041103363
0.377208000048995
0.25461299903690815
0.27376599982380867
0.390777999535203
0.2717930004000664
0.24610000103712082
0.38975599966943264
0.2478219997137785
0.2495990004390478
0.4128840006887913
0.27146000042557716
0.31817599944770336
0.4085750002413988
0.2581380009651184
0.2612789999693632
0.4156439993530512
0.26019899919629097
0.2616830002516508
0.42041900008916855
0.28502899967134
0.2638579998165369
0.4716849997639656
2.3578159995377064
0.2939149998128414
0.42836999893188477
0.26100900024175644
0.2542329989373684
0.39228300005197525
0.269726000726223
0.27250399999320507
0.407753000035882
0.26052000001072884
0.32368800044059753
0.4496320001780987
0.26334800012409687
0.27070900052785873
0.38610100001096725
0.2741419989615679
0.3103710003197193
0.39472100138664246
0.2619439996778965
0.2609239984303713
0.38970600068569183
0.2617020010948181
0.252148000523448
0.4314010012894869
0.24811399914324284
0.2348440010100603
0.3906449992209673
0.29122200049459934
0.2413759995251894
0.38824599981307983
0.2649009991437197
0.26381300017237663
0.3962539993226528
0.2496860008686781
0.2595799993723631
0.396789001300931
0.26708799973130226
0.27784099988639355
0.3951199986040592
0.25959499925374985
0.2682980000972748
0.38508700020611286
0.26188099943101406
0.25984100066125393
0.3872219994664192
0.2630920000374317
0.252895001322031
0.4013680014759302
0.2781959995627403
0.2617299985140562
0.40085900016129017
0.2788239996880293
0.25871099904179573
0.3901780005544424
0.2567720003426075
0.24480300024151802
0.37817799858748913
0.25004100054502487
0.2535119988024235
0.3987269997596741
0.2471110001206398
0.253413999453187
0.40487599931657314
0.25712000019848347
0.2541570011526346
0.40942700020968914
0.2577170003205538
0.2579680010676384
0.37658900022506714
0.24105099961161613
0.24103400111198425
0.36642999947071075
0.26117299869656563
0.24449899978935719
0.3772269990295172
0.2377690002322197
0.3023210000246763
0.3590750005096197
0.23571900092065334
0.23666799999773502
0.3683620002120733
0.24579699896275997
0.23926599882543087
0.3804859984666109
0.2632039990276098
0.2520059999078512
0.3654539994895458
0.24229899980127811
0.25282800011336803
0.35710199922323227
0.23403600044548512
0.22611600160598755
0.2602779995650053
0.3693659994751215
0.2391550000756979
0.2581869997084141
0.3826980013400316
0.24117800034582615
0.24040400050580502
0.3790830001235008
0.256649998947978
0.23983100056648254
0.43826100043952465
0.24384699948132038
0.23548599891364574
0.3705120012164116
0.24510199949145317
0.23829500004649162
0.4060730002820492
0.2445940002799034
0.25563200004398823
0.3641020003706217
0.24457000009715557
0.2529830001294613
0.3620440009981394
0.23716700077056885
0.2459040004760027
0.3834220003336668
0.242510000243783
0.24088099971413612
0.38193099945783615
0.2635839991271496
0.24250699952244759
0.39118099957704544
0.25064700096845627
0.25042800046503544
0.40150099992752075
0.24683300033211708
0.2804049998521805
0.386744000017643
0.2465139999985695
1.9812110010534525
0.3872609995305538
0.2739690002053976
0.264317000284791
0.3944690003991127
0.24586299993097782
0.24544399976730347
0.3848829995840788
0.2449099998921156
0.24223200045526028
0.38771199993789196
0.25262999907135963
0.2433839999139309
0.3866460006684065
0.2450959999114275
0.24600400030612946
0.3778269998729229
0.27392799966037273
0.24463499896228313
0.37766500003635883
0.24700099974870682
0.2461750004440546
0.38415600173175335
0.24516800045967102
0.2621759995818138
0.4287160001695156
0.25229600071907043
0.2800629995763302
0.25067099928855896
0.41265599988400936
0.24465500004589558
0.24478700011968613
0.393826000392437
0.26224599964916706
0.2472619991749525
0.38857199996709824
0.269421000033617
0.25526100024580956
0.373199999332428
0.2410429995507002
0.2425980009138584
0.409043999388814
0.25416599959135056
0.29061600007116795
0.40059700049459934
0.24935900047421455
0.296144001185894
0.3919949997216463
0.251757999882102
0.24529499933123589
0.3788019996136427
0.24283099919557571
0.26990799978375435
0.3938150014728308
0.2448199987411499
0.36947199888527393
0.23159999959170818
0.2546980008482933
0.36938799917697906
0.23609299957752228
0.2299569994211197
0.4274010006338358
0.23616000078618526
0.22923600114881992
0.364954000338912
0.23254399932920933
0.23386899940669537
0.37389300018548965
0.23582999967038631
0.2505799997597933
0.36781400069594383
0.2658469993621111
0.2357570007443428
0.35274899937212467
0.23727899976074696
0.23607200011610985
0.3602399993687868
0.2642139997333288
0.28483299911022186
0.22824300080537796
0.3941209986805916
0.2324519995599985
0.23622499965131283
0.37755800038576126
0.25442499853670597
0.23468000069260597
0.42600400000810623
0.2479490004479885
0.2381929997354746
0.37158400006592274
0.23811300098896027
0.23604699969291687
0.3700620010495186
0.22791799902915955
0.23655400052666664
0.3990770000964403
0.23710600100457668
0.24207499995827675
0.35559199936687946
0.23633999936282635
0.27223600074648857
0.37217000126838684
0.2363670002669096
0.2346000000834465
0.37720299884676933
0.23680599965155125
0.2533659990876913
0.3708459995687008
0.2360210008919239
0.2336329985409975
0.4102090001106262
0.28562899865210056
0.23428599908947945
0.35480199940502644
0.23037999868392944
0.2379970010370016
0.3720299992710352
0.2612980008125305
0.24326400086283684
0.4341160003095865
0.23877899907529354
0.24197899922728539
0.3867669999599457
0.2439159993082285
0.2494910005480051
0.385538998991251
0.2468630000948906
0.2677819989621639
0.42707799933850765
0.25015100091695786
0.24962500110268593
0.399337001144886
0.24802600033581257
0.2556050010025501
0.3869529999792576
0.25798399932682514
0.24188699945807457
0.3998949993401766
0.24584400095045567
0.2727359998971224
0.3764019999653101
0.251503000035882
0.23063099943101406
0.42314499989151955
0.24433699995279312
0.24412299878895283
0.3902630005031824
0.24785500019788742
0.24301799945533276
0.39107600040733814
0.2542480006814003
0.23875899985432625
0.42600500024855137
0.25281599909067154
0.23834499903023243
0.36612899973988533
0.2556749992072582
0.23410500027239323
0.37931800074875355
0.2516399994492531
0.23170199990272522
0.39700400084257126
0.26740300096571445
0.25004499964416027
0.3882870003581047
0.2546299993991852
0.26994000002741814
0.38628000020980835
0.28807600028812885
0.24864699877798557
0.4024780001491308
0.26798100024461746
0.25004399940371513
0.397512000054121
0.24428199976682663
0.24165399931371212
0.3770739994943142
0.2440820001065731
0.24717099964618683
0.3826630003750324
0.2513539995998144
0.23951500095427036
0.3900439999997616
0.24788899905979633
0.2561099994927645
0.38560199923813343
0.243282999843359
0.25383299961686134
0.3787390012294054
0.26894500106573105
0.25189399905502796
0.38310999982059
0.23736600019037724
0.2525880001485348
0.37103000096976757
0.2497399989515543
0.2539649996906519
0.3990950006991625
0.24991099908947945
0.2583799995481968
0.39888300001621246
0.2359330002218485
0.2710960004478693
0.36582300066947937
0.24477900005877018
0.25341599993407726
0.24677900038659573
0.37510599941015244
0.2458490002900362
0.26342899911105633
0.4083960000425577
0.25391400046646595
0.25400800071656704
0.3900159988552332
0.24755800142884254
0.24766400083899498
0.3741720002144575
0.2665899991989136
0.2831020001322031
0.37130799889564514
0.265064999461174
0.24532399885356426
0.38022799976170063
0.24802500009536743
0.2536700014024973
0.4399630017578602
0.2691370006650686
0.244828000664711
0.38705899938941
0.2650170009583235
0.2426040004938841
0.37604499980807304
0.2425030004233122
0.2705250009894371
0.38766600005328655
0.2575449999421835
0.23910699971020222
0.38541300036013126
0.2883850000798702
0.2653739992529154
0.41112300008535385
0.2424909994006157
0.2407079990953207
0.3698499985039234
0.24494400061666965
0.24354599975049496
0.36917100101709366
0.24728200025856495
0.24366500042378902
0.40377800166606903
0.26351600140333176
0.26336400024592876
0.37889299914240837
0.24339300021529198
0.24314099922776222
0.3732529990375042
0.26030199974775314
0.2669420000165701
0.3835589997470379
0.2976600006222725
0.26747599989175797
0.2460280004888773
0.3820789996534586
0.24672800116240978
0.24412599951028824
0.3765919990837574
0.256632000207901
0.24546600133180618
0.3788339998573065
0.2689040005207062
0.24475200101733208
0.3901889994740486
0.3071280010044575
0.2618450000882149
0.3856889996677637
0.23580799996852875
0.24991099908947945
0.36775200068950653
0.2471149992197752
0.24207299947738647
0.39554600045084953
0.2655799984931946
0.25915700010955334
0.37826700136065483
0.24056600034236908
0.24699800089001656
0.37571100145578384
0.275220999494195
0.23896700143814087
0.3804410006850958
0.24351800046861172
0.2608129996806383
0.3688939996063709
0.27569600008428097
0.24573500081896782
0.3731359988451004
0.2459999993443489
0.2650669999420643
0.38338499888777733
0.2680420000106096
0.27604199945926666
0.3862889986485243
0.27072699926793575
0.26190000027418137
0.3745600003749132
0.2674430012702942
0.25228000059723854
0.372121999040246
0.2645169999450445
0.26042900048196316
0.38008999824523926
0.24868900142610073
0.28631299920380116
0.37426300160586834
0.2612120006233454
0.25263999961316586
0.45088399946689606
0.26522899977862835
0.243282999843359
0.3720650002360344
0.23300999961793423
0.24855699948966503
0.3562180008739233
0.2520640008151531
0.23366800136864185
0.36165500059723854
0.22796600125730038
0.24572200141847134
0.24166900105774403
0.2530789989978075
0.23573699966073036
0.35546999983489513
0.2360709998756647
0.2356339991092682
0.39467999897897243
0.25284199975430965
0.24834400042891502
0.3759729992598295
0.2438219990581274
0.27572899870574474
0.383330000564456
0.24527000077068806
0.2590870000422001
0.3642890006303787
0.29267900064587593
0.23456799983978271
0.3757530003786087
0.23584499955177307
0.23343399912118912
0.37308300100266933
0.23244000039994717
2.6732529997825623
0.36050499975681305
0.254848999902606
0.22786100022494793
0.3614590000361204
0.24966399930417538
0.2327990010380745
0.36920100077986717
0.2225589994341135
0.2316610012203455
0.3694470003247261
0.2273709997534752
0.22492099925875664
0.36446900106966496
0.2280139997601509
0.2647220008075237
0.361948000267148
0.2279749996960163
0.24778399989008904
0.3700959999114275
0.27463500015437603
0.22839399985969067
0.3508960008621216
0.23439399898052216
0.23223800025880337
0.3665540013462305
0.24295599944889545
0.22725099883973598
0.36937700025737286
0.2297280002385378
0.2357540000230074
0.36807800084352493
0.2228030003607273
0.24509700015187263
0.3550960011780262
0.2310399990528822
0.22845899872481823
0.3674350008368492
0.23611699976027012
0.24427000060677528
0.2475450001657009
0.36474400013685226
0.2349260002374649
0.23864899948239326
0.3665380012243986
0.2311279997229576
0.23154700174927711
0.3513739984482527
0.22840499877929688
0.23265800066292286
0.35607900097966194
0.23048399947583675
0.229611000046134
0.370295999571681
0.23147300072014332
0.23027100041508675
0.3693550005555153
0.23861399851739407
0.24620200134813786
0.35673299990594387
0.2394150011241436
0.2503439988940954
0.3755519986152649
0.22357499971985817
0.2301920000463724
0.3486209996044636
0.24175299890339375
0.2265820000320673
0.3734849989414215
0.23077300004661083
0.23140300065279007
0.3589019998908043
0.23130599968135357
0.23219400085508823
0.39332900010049343
0.245108000934124
0.2401689998805523
0.3530669994652271
0.2390739992260933
0.2319520004093647
0.36437200009822845
0.22615999914705753
0.2413840014487505
0.36908499896526337
0.23416499979794025
0.24897800013422966
0.34933199919760227
0.24809600040316582
0.2263519987463951
0.3636760003864765
0.24335899949073792
0.22823300026357174
0.2420210000127554
0.24723099917173386
0.23030100017786026
0.22959700040519238
0.3595790006220341
0.2275920007377863
0.2250009998679161
0.34975199960172176
0.2282830011099577
0.2801050003618002
0.3597030006349087
0.23875899985432625
0.24817399866878986
