0.8830760000273585
0.5573800001293421
0.2597369998693466
0.2542469995096326
0.2914660004898906
0.22495600022375584
0.23868799954652786
0.28930599987506866
0.2383859995752573
0.22410999983549118
0.2554609999060631
0.21396500058472157
0.23897199984639883
0.24719200003892183
0.22357000038027763
0.22647699993103743
0.20661000069230795
0.24470899999141693
0.21274299919605255
0.20727800019085407
0.2524830000475049
0.22804899979382753
0.2269930001348257
0.24261399917304516
0.20946500077843666
0.20359400007873774
0.24277500063180923
0.203787999227643
0.223751999437809
0.23935400042682886
0.2298269998282194
0.22799499984830618
0.24428300000727177
0.21184599958360195
0.21838000044226646
0.26422000024467707
0.2732289992272854
0.21619499940425158
0.2753039998933673
0.22814599983394146
0.2653890000656247
0.25330499932169914
0.23270100075751543
0.22682500071823597
0.26696399971842766
0.22075899969786406
0.22211600001901388
0.2716169999912381
0.21662599965929985
0.23050100076943636
0.24929499998688698
0.256780999712646
0.22473399993032217
0.2657360006123781
0.22601199988275766
0.25137299951165915
0.28155400045216084
0.21746599953621626
0.24534600041806698
0.2434849999845028
0.2131829997524619
0.19488999992609024
0.24278600048273802
0.20728200022131205
0.2029900001361966
0.2542380001395941
0.20956599991768599
0.2241789996623993
0.24112300015985966
0.20635399967432022
0.209370999597013
0.29942499939352274
0.22913299966603518
0.20489799976348877
0.23727300018072128
0.22565299924463034
0.20276399981230497
0.2387969996780157
0.2287569995969534
0.22391400020569563
0.2143970001488924
0.2497659996151924
0.23569300025701523
0.21535999979823828
0.24772899970412254
0.2110810000449419
0.21087600011378527
0.23591200076043606
0.22514000069350004
0.20235799998044968
0.23964100051671267
0.19981699995696545
0.20400700066238642
0.24670599959790707
0.2514109993353486
0.22119900025427341
0.23940199986100197
0.20358099974691868
0.19930500071495771
0.23961300030350685
0.1990559995174408
0.20491399988532066
0.2393230004236102
0.20455299969762564
0.21099500078707933
0.23599999956786633
0.20482900086790323
0.2234519999474287
0.24286300037056208
0.19852000009268522
0.2090640002861619
0.23401700053364038
0.20635700039565563
0.19813999999314547
0.23923700023442507
0.2131970003247261
0.2023930000141263
0.23497500084340572
0.20506800059229136
0.20168199948966503
0.2387330001220107
0.22206200007349253
0.21845899987965822
0.23430800065398216
0.20377099979668856
0.22404799982905388
0.2457640003412962
0.20494200009852648
0.20799600053578615
0.2349049998447299
0.19684100057929754
0.2079019993543625
0.25343200005590916
0.20336499996483326
0.20184100046753883
0.23893000092357397
0.21768200024962425
0.20376500021666288
0.26429300010204315
0.22400799952447414
0.20093300007283688
0.23642600048333406
0.2143439995124936
0.21932000014930964
0.23912500031292439
0.2040590001270175
0.2030560001730919
0.2517950003966689
0.2084299996495247
0.21152100060135126
0.23840599972754717
0.21642899978905916
0.21187900006771088
0.2341449996456504
0.21514900028705597
0.20059700030833483
0.2405210006982088
0.213705999776721
0.2244679993018508
0.2986549995839596
0.21303000021725893
0.2216229997575283
0.24645099975168705
0.20312399975955486
0.22130999993532896
0.24154799990355968
0.20533099956810474
0.19997499976307154
0.2402590001001954
0.20525600016117096
0.22447500005364418
0.23547800071537495
0.23698499985039234
0.2059270003810525
0.26502500008791685
0.2241469994187355
0.20908400043845177
0.25672500021755695
0.2048510005697608
0.20107700023800135
0.2526599997654557
0.2167630000039935
0.2023130003362894
0.24787400010973215
0.2073590001091361
0.2136069992557168
0.23851099982857704
0.20134400017559528
0.2052659997716546
0.23476800043135881
0.20916299987584352
0.2038850001990795
0.25819799955934286
0.239784000441432
0.20444300025701523
0.24091899953782558
0.20734800025820732
0.20566700026392937
0.23790100030601025
0.2019199999049306
0.20012399926781654
0.23905500024557114
0.21202500071376562
0.20559700019657612
0.23600400052964687
0.20468199998140335
0.20224300026893616
0.23864199966192245
0.20434900000691414
0.19915100000798702
0.238001000136137
0.20372899994254112
0.20292899943888187
0.23641999997198582
0.22676400002092123
0.21127299964427948
0.2637940002605319
0.20541799999773502
0.20475499983876944
0.2659160001203418
0.19937799964100122
0.19998400006443262
0.25585999991744757
0.2057059993967414
0.20323600061237812
0.2558789998292923
0.21227300073951483
0.20198599994182587
0.2539750002324581
0.22170499991625547
0.18771599978208542
0.24039799999445677
0.1994190001860261
0.20555900037288666
0.26123400032520294
0.20815000031143427
0.22949600033462048
0.23672499973326921
0.24702499993145466
0.21338799968361855
0.24295600038021803
0.2129030004143715
0.20666899997740984
0.2425540005788207
0.21801399998366833
0.21467299945652485
0.23888699989765882
0.21233699936419725
0.2038960000500083
0.2363939993083477
0.22480599954724312
0.21667799912393093
0.23903199937194586
0.20086300000548363
0.2038000002503395
0.24967500008642673
0.20244400016963482
0.20667599979788065
0.24741699919104576
0.20280199963599443
0.22478999942541122
0.2472159992903471
0.2043070001527667
0.2068630000576377
0.3041260000318289
0.21223600022494793
0.22309200000017881
0.2367819994688034
0.2039120001718402
0.20668300054967403
0.24048100039362907
0.2065829997882247
0.23564800061285496
0.23617499973624945
0.224456999450922
0.26516199950128794
0.2389919999986887
0.2221440002322197
0.24745799973607063
0.2543850000947714
0.20476699993014336
0.2097180001437664
0.25143800023943186
0.2579430006444454
0.20467699971050024
0.24012500047683716
0.21155800018459558
0.19862900022417307
0.26631500013172626
0.21365199983119965
0.20681400038301945
0.25529100000858307
0.20158400014042854
0.20590500067919493
0.2347489995881915
0.2060350002720952
0.2185219991952181
0.2635810002684593
0.20075100008398294
0.23133599944412708
0.2507800003513694
0.19930699933320284
0.21285600028932095
0.2446919996291399
0.22474000044167042
0.2056700000539422
0.23938400018960238
0.24088199995458126
0.21857599914073944
0.26613999996334314
0.20716599933803082
0.2069779997691512
0.25483900029212236
0.21564000006765127
0.20380899962037802
0.2406810000538826
0.21093999966979027
0.22226500045508146
0.25870499946177006
0.1925529995933175
0.24442700017243624
0.2688290001824498
0.21023100055754185
0.2003459995612502
0.2634180001914501
0.19880800042301416
0.19795900024473667
0.23862399999052286
0.20267899986356497
0.20214900001883507
0.23963699955493212
0.22442299965769053
0.20288300048559904
0.24034899938851595
0.2029959997162223
0.2440430000424385
0.2402290003374219
0.20165999978780746
0.27252400014549494
0.24006900005042553
0.20438299980014563
0.2042220002040267
0.2626390000805259
0.20299099944531918
0.2065470004454255
0.2384620001539588
0.20418400038033724
0.20356899965554476
0.23739099968224764
0.2049470003694296
0.20669899974018335
0.3048629993572831
0.20290900021791458
0.2589520001783967
0.23853500001132488
0.22854899987578392
0.22819599974900484
0.25547199975699186
0.20694300066679716
0.20511299930512905
0.24646199960261583
0.20261400006711483
0.22372799925506115
0.23929900024086237
0.21361800003796816
0.21114900056272745
0.2571740001440048
0.2215590002015233
0.21242399979382753
0.24288999941200018
0.20688899978995323
0.2084100004285574
0.24392400030046701
0.2289550006389618
0.2310890005901456
0.24180899932980537
0.2509800000116229
0.21369499992579222
0.2446479992941022
0.2093050004914403
0.20812399964779615
0.2365389997139573
0.2092679999768734
0.20862799976021051
0.252530999481678
0.2259529996663332
0.2165559995919466
0.2485410002991557
0.2069020001217723
0.23036000039428473
0.2613629996776581
0.23454299941658974
0.21241100039333105
0.2397329993546009
0.20290900021791458
0.21199999935925007
0.24143800046294928
0.2147180000320077
0.22895900066941977
0.24397499952465296
0.228044000454247
0.2343040006235242
0.2634640000760555
0.20963199995458126
0.21854500006884336
0.2605739999562502
0.22796900011599064
0.21008700039237738
0.24893200024962425
0.21099200006574392
0.20840999949723482
0.24336599931120872
0.2154620001092553
0.2146380003541708
0.24150399956852198
0.227144000120461
0.20713199954479933
0.2969799991697073
0.21158399991691113
0.20401600003242493
0.277322999201715
0.22882199939340353
0.20554899983108044
0.24885999970138073
0.21873699966818094
0.2246449999511242
0.24491200037300587
0.2083729999139905
0.24480100069195032
0.21387100033462048
0.220422999933362
0.2078909995034337
0.22023599967360497
0.26191799994558096
0.24695899989455938
0.24698100052773952
0.25169199984520674
0.21136699989438057
0.20869199931621552
0.24228900019079447
0.21374200005084276
0.2214529998600483
0.24910400062799454
0.2140230005607009
0.2245229994878173
0.2625270001590252
0.2119319997727871
0.21600000001490116
0.24247699975967407
0.20891300030052662
0.22104400023818016
0.24887599982321262
0.22650299966335297
0.230727999471128
0.25128600001335144
0.22912599984556437
0.2411399995908141
0.26867999974638224
0.21585399936884642
0.23637499939650297
0.2693219995126128
0.23631499987095594
0.23028200026601553
0.26070999912917614
0.22153500001877546
0.21984599996358156
0.2717410000041127
0.22989400010555983
0.23595399968326092
0.2688239999115467
0.21492400020360947
0.22648499999195337
0.25478600058704615
0.23428499978035688
0.24300500005483627
0.25436299946159124
0.22976099979132414
0.27506699971854687
0.26997700054198503
0.21621700003743172
0.24182600062340498
0.2606480000540614
0.25906100030988455
1.4579079998657107
0.25717699993401766
0.22006499953567982
0.22716199979186058
0.25903999991714954
0.08364299964159727
0.22835700027644634
0.2516430001705885
0.2288150005042553
0.24350500013679266
0.25508400052785873
0.2278990000486374
0.2218709997832775
0.26940099988132715
0.27444199938327074
0.2504789996892214
0.2574150003492832
0.23375300038605928
0.24037900008261204
0.2579009998589754
0.23181799985468388
0.23035599943250418
0.2755070002749562
0.2294389996677637
0.23891500011086464
0.2581109991297126
0.22785199992358685
0.2230960000306368
0.26957399956882
0.2391749992966652
0.22191100008785725
0.33643600065261126
0.23700099997222424
0.24569400027394295
0.2700220001861453
0.24269900005310774
0.21790899988263845
0.2653890000656247
0.23735100030899048
0.25897200033068657
0.25526100024580956
0.22978799976408482
0.21904700063169003
0.2666519992053509
0.22389999963343143
0.22775900084525347
0.28112899977713823
0.22773899976164103
0.22301399987190962
0.27058999985456467
0.2207829998806119
0.22268600016832352
0.2560419999063015
0.2290630005300045
0.2480859998613596
0.26881599985063076
0.23096000030636787
0.22842900082468987
0.2657190002501011
0.291720999404788
0.21928299963474274
0.2857539998367429
0.242340000346303
0.22293899953365326
0.07204100023955107
0.24557700008153915
0.2400500001385808
0.2288009999319911
0.3230079999193549
0.228473000228405
0.22801600024104118
0.2675480004400015
0.2307750005275011
0.24169399961829185
0.44126300048083067
0.2918720003217459
0.29766400065273046
0.4162409994751215
0.28316899947822094
0.3237720001488924
0.41731899976730347
0.29172699991613626
0.28749300073832273
0.41886299941688776
0.2939699999988079
0.3032640004530549
0.4096760004758835
0.3058789996430278
0.3124879999086261
0.4204040002077818
0.2745909998193383
0.2720280000939965
0.398951000533998
0.2741660000756383
0.2723860004916787
0.40313899982720613
0.2935769995674491
0.27166099939495325
0.3973690001294017
0.2844369998201728
0.28156800009310246
0.4037990001961589
0.27182199992239475
0.2755359997972846
0.41936799976974726
0.30138299986720085
0.28979300055652857
0.41674899961799383
0.27125800028443336
0.302709000185132
0.3990399995818734
0.29437700007110834
0.2872759997844696
0.40056699980050325
0.2778239995241165
0.29476100020110607
0.4189860001206398
0.2769769998267293
0.27897699922323227
0.40297699999064207
0.277882999740541
0.2992639997974038
0.3969700001180172
0.27171199955046177
0.29375999979674816
0.4211470000445843
0.26042099948972464
0.2743110004812479
0.4064840003848076
0.27337600011378527
0.270991999655962
0.3997910004109144
0.27584700006991625
0.27383899968117476
0.39738199952989817
0.28055999986827374
0.2760339993983507
0.4013529997318983
0.28741000033915043
0.27517199981957674
0.41899099946022034
0.3009549994021654
0.27431000024080276
0.4085789993405342
0.27360199950635433
0.27984199952334166
0.40807799994945526
0.2715600002557039
0.27409199997782707
0.39585499931126833
0.274621999822557
0.29075400065630674
0.4354350008070469
0.2984189996495843
0.2850800007581711
0.4453839994966984
0.33392499946057796
0.2942639999091625
0.5620400002226233
0.273484000004828
0.2729559997096658
0.4007829995825887
0.29327099956572056
0.26944600045681
0.42300699930638075
0.2713090004399419
0.28352999966591597
0.40206100046634674
0.27471800055354834
0.2668889993801713
0.4022059999406338
0.27175800036638975
0.3049620008096099
0.41883299965411425
0.2747080000117421
0.1190200001001358
0.39970399998128414
0.2735310010612011
0.27540200017392635
0.40989100001752377
0.29288800060749054
0.2760469987988472
0.3970229998230934
0.2718630004674196
0.27241500094532967
0.40139300003647804
0.2749049998819828
0.2781980000436306
0.3949080016463995
0.2821530010551214
0.2753640003502369
0.3967419993132353
0.27330500073730946
0.2795359995216131
0.39929299987852573
0.276138000190258
0.2730200011283159
0.4035959988832474
0.27020799927413464
0.2726119998842478
0.4021840002387762
0.27490799874067307
0.2667260002344847
0.39928700029850006
0.2924030013382435
0.2731480002403259
0.4046560004353523
0.2709970008581877
0.2750749997794628
0.42234900034964085
0.27439599856734276
0.2719149999320507
0.41725699976086617
0.2832009997218847
0.30192899890244007
0.40339599922299385
0.28106899932026863
0.2740529999136925
0.40422399900853634
0.2719560004770756
0.27606000006198883
0.3982410002499819
0.2759119998663664
0.27153499983251095
0.4351620003581047
0.28976100124418736
0.272579999640584
0.4018280003219843
0.30650599859654903
0.30855200067162514
0.42499000020325184
0.3064830005168915
0.2725639995187521
0.41484600119292736
0.2732749991118908
0.3526119999587536
0.39604900032281876
0.2727789990603924
0.2663839999586344
0.34875799901783466
0.28611999936401844
0.27250099927186966
0.27098000049591064
0.4005259983241558
0.2884229999035597
0.2715799994766712
0.3973030000925064
0.27061899937689304
0.26596900075674057
0.4133210014551878
0.2709420006722212
0.26996099948883057
0.40042899921536446
0.2809349987655878
0.2687480002641678
0.40249800123274326
0.26911599934101105
0.27355699986219406
0.41069599986076355
0.26940200105309486
0.2752799987792969
0.39179900102317333
0.26914400048553944
0.2619240004569292
0.40175599977374077
0.2660290002822876
0.27002100087702274
0.42303100042045116
0.2880410011857748
0.26858700066804886
0.39591699838638306
0.26826899871230125
0.30776499956846237
0.39976000040769577
0.28044600039720535
0.2649929989129305
0.3995949998497963
0.26352900080382824
0.2723869998008013
0.42922000028192997
0.26898299902677536
0.27015299908816814
0.3983539994806051
0.27411099895834923
0.263884998857975
0.39970199950039387
0.2889060005545616
0.27111800014972687
0.39881999976933
0.3088130000978708
0.28808300010859966
0.3964910004287958
0.27273100055754185
0.26623200066387653
0.39542900025844574
0.27126399986445904
0.2888400014489889
0.398632999509573
0.2646049987524748
0.33216399885714054
0.43359499983489513
0.27805599942803383
0.26728300005197525
0.394981000572443
0.272342000156641
0.2718000002205372
0.40172600001096725
0.2903690002858639
0.2699720002710819
0.4014730006456375
0.26988800056278706
0.28485799953341484
0.3966080006211996
0.2798029985278845
0.2663650009781122
0.4115520007908344
0.29182299971580505
0.304152999073267
0.3939249999821186
0.26596600003540516
0.30946699902415276
0.413782998919487
0.27882200106978416
0.2794950008392334
0.44762299954891205
0.27701500058174133
0.2794119995087385
0.45701699890196323
0.29766600020229816
3.108535999432206
0.44475500099360943
0.267425000667572
0.2722509987652302
0.39933899976313114
0.26325299963355064
0.30741100013256073
0.3995110001415014
0.27850000001490116
0.2808369994163513
0.41650399938225746
0.26704299822449684
0.2710219994187355
0.4075249992311001
0.2777630016207695
0.2684070002287626
0.4530040007084608
0.29669399932026863
0.26239699870347977
0.5312970001250505
0.26279200054705143
0.2568059992045164
0.38903299905359745
0.27697799913585186
0.27408500015735626
0.40480799973011017
0.2579369992017746
0.263866001740098
0.39200999960303307
0.2605739999562502
0.25425400026142597
0.38673399947583675
0.25844999961555004
0.2778239995241165
0.38615099899470806
0.25749000161886215
0.2785509992390871
0.3905759993940592
0.2758539989590645
0.2800409998744726
0.3857860006392002
0.28194900043308735
0.25633199885487556
0.3879749998450279
0.2643309999257326
0.26233499869704247
0.3838689997792244
0.2597420010715723
0.2765659987926483
0.4564029984176159
0.28096199966967106
0.2620679996907711
0.3998710010200739
0.2588720005005598
0.3529199995100498
0.2719899993389845
0.25712599977850914
0.2541570011526346
0.3871420007199049
0.2710280008614063
0.25584100000560284
0.4104079995304346
0.2604499999433756
0.3402810003608465
0.3012179993093014
0.26909999921917915
0.26051799952983856
0.4392029996961355
0.2584710009396076
0.317094000056386
0.29543899931013584
0.25658899918198586
0.27555800043046474
0.299923000857234
0.25355600006878376
0.2644940000027418
0.40341199934482574
0.25600599870085716
0.25831300020217896
0.2965079993009567
0.2959569990634918
0.25419200025498867
0.3000579997897148
0.2551789991557598
0.2619439996778965
0.3115379996597767
0.2897870000451803
0.2611879985779524
0.3783740010112524
0.2652319986373186
0.29881499893963337
0.2919120006263256
0.3136289995163679
0.25978000089526176
0.25900099985301495
0.299770999699831
0.2560559995472431
0.259358998388052
0.3176489993929863
0.2531439997255802
0.2637400012463331
0.29590299911797047
0.2575710006058216
0.2608429994434118
0.31375399976968765
0.2611069995909929
0.2577660009264946
0.2998159993439913
0.2581159994006157
0.260733999311924
0.29932399839162827
0.2569389995187521
0.3005950003862381
0.298395000398159
0.25740000046789646
0.2559110000729561
0.29575200006365776
0.2610630001872778
0.25785499997437
0.31633800081908703
0.2597950007766485
0.2600910011678934
0.31533400155603886
0.26835899986326694
0.2577419988811016
0.29587999917566776
0.2603629995137453
0.26063899882137775
0.2979969996958971
0.25958400033414364
0.25596100091934204
0.29722899943590164
0.2619189992547035
0.2591230012476444
0.29216800071299076
0.256589999422431
0.26270199939608574
0.3506460003554821
0.25897799991071224
0.25977099873125553
0.3005170002579689
0.2555429991334677
0.2608500011265278
0.30056700110435486
0.2582499999552965
0.2608429994434118
0.2942830007523298
0.2767010014504194
0.25644899904727936
0.2996500004082918
0.25753699988126755
0.26885899901390076
0.2993989996612072
0.2620679996907711
0.2898680008947849
0.34561700001358986
0.2576360013335943
0.25816099904477596
0.29693100042641163
0.2618359997868538
0.25964399985969067
0.2975140009075403
0.3063270002603531
0.25903099961578846
0.29506999999284744
0.27883599884808064
0.2561590000987053
0.30417600087821484
0.25478299893438816
0.2550149988383055
0.3049519993364811
0.25727800093591213
0.25591600127518177
0.2974030002951622
0.26048400066792965
0.26088299974799156
0.29604100063443184
0.25895100086927414
0.2787650004029274
0.3021770007908344
0.2591850012540817
0.2565259989351034
0.2980070002377033
0.2558890003710985
0.25860399939119816
0.3000029996037483
0.2573810014873743
0.27894500084221363
0.3029950000345707
0.25797300040721893
0.26952899992465973
0.29978800006210804
0.25499799847602844
0.26002199947834015
0.3186329994350672
0.26111399941146374
0.2579590007662773
0.30236699990928173
0.30192700028419495
0.2605299986898899
0.36040099896490574
0.2597510013729334
0.25569500029087067
0.2975859995931387
0.2553560007363558
0.2611960005015135
0.31587699986994267
0.2620949987322092
0.27634100057184696
0.2977649997919798
0.25954299978911877
0.2556750010699034
0.29307000152766705
0.2531989999115467
0.2744880001991987
0.31719099916517735
0.2590709999203682
0.2586829997599125
0.2959550004452467
0.2552780006080866
0.25760599970817566
0.29299299977719784
0.25977399945259094
0.26106199994683266
0.3147450014948845
0.2897129990160465
0.2581249997019768
0.30017999932169914
0.2597499992698431
0.25859399884939194
0.3040260002017021
0.2648169994354248
0.2563359998166561
0.3050420004874468
0.25953200086951256
0.2595470007508993
0.3009679988026619
0.28192299976944923
0.27849699929356575
0.29911400005221367
0.29557500034570694
0.27022100053727627
0.2965040002018213
0.29774099960923195
0.2651690002530813
0.30103700049221516
0.26090499944984913
0.26204399950802326
0.30833199992775917
0.25971100106835365
0.31308799982070923
0.3014850001782179
0.27393800020217896
0.29122500121593475
0.31679899990558624
0.25715900026261806
0.2567820008844137
0.24378999881446362
0.2998580001294613
0.2612159997224808
0.31171200051903725
0.25863900035619736
0.27286999858915806
0.29748300090432167
0.2615309990942478
0.27520399913191795
0.3037769999355078
0.26053999923169613
0.26145699992775917
0.3190010003745556
0.2598999999463558
0.2772239986807108
0.2996460013091564
0.26218999922275543
0.26225100085139275
0.2943849992007017
0.28759600035846233
0.2615710012614727
0.2959339991211891
0.2563700005412102
0.2628729995340109
0.2985699996352196
0.2582430001348257
0.25985100120306015
0.33235899917781353
0.25519599951803684
0.2782829999923706
0.29728000052273273
0.32672400027513504
0.2536549996584654
0.3039519991725683
0.26858000084757805
0.25907699950039387
0.3105769995599985
0.27188000082969666
0.2699190005660057
0.3266909997910261
0.27582200057804585
0.32783900015056133
0.32853100076317787
0.29101100005209446
0.27077999897301197
0.33096500113606453
0.3289010003209114
0.3437710013240576
0.3234060015529394
0.26903799921274185
0.27207200042903423
0.32965500093996525
0.2679460011422634
0.2652759999036789
0.32295900024473667
0.27944499999284744
0.264444999396801
0.30847799964249134
0.2898369990289211
0.2715559992939234
0.3576820008456707
0.26948099955916405
0.2680210005491972
0.3449379988014698
0.27811799943447113
0.2741449996829033
0.32507199980318546
0.2795930001884699
0.27049199864268303
0.30642000027000904
0.2590589988976717
0.2600520011037588
0.3191300015896559
0.2546769995242357
0.27170700021088123
0.29493900015950203
0.2607400007545948
0.2607579994946718
0.2970400005578995
0.2574770003557205
0.26526799984276295
0.31340499967336655
0.2855249997228384
0.32490599900484085
0.3310339991003275
0.28167599998414516
0.2877900004386902
0.3116339985281229
0.2806889992207289
0.2698579989373684
0.3256720006465912
0.27415299974381924
0.28080700151622295
0.3217219989746809
0.3109080009162426
0.2829589992761612
0.3095599990338087
0.30179499834775925
0.27662300132215023
0.32098500058054924
0.271739000454545
0.2729050014168024
0.30886900052428246
0.264742000028491
0.2679559998214245
0.3428859990090132
0.2833219990134239
0.2727539986371994
0.3516460005193949
0.272749999538064
0.29227899946272373
0.3302500005811453
0.27206300012767315
0.26938300020992756
0.3158729989081621
0.30270600132644176
0.2911780010908842
0.32010599970817566
0.2734280005097389
0.27642200142145157
0.31411500088870525
0.27078100107610226
0.27141600102186203
0.31561299972236156
0.27338399924337864
0.2771290000528097
0.31128500029444695
0.26902100071310997
0.28644900023937225
0.4042089991271496
0.26242199912667274
0.26503700017929077
0.3419540002942085
0.2760230004787445
0.27652399986982346
0.31352100148797035
0.27534000016748905
0.25687200017273426
0.24676400050520897
0.2587659992277622
0.2609139997512102
0.29687600024044514
0.26141699962317944
0.2619540002197027
0.2942980006337166
0.26682399958372116
0.2675050012767315
0.30048600025475025
0.2920590005815029
0.28352499939501286
0.2955579999834299
0.2805359996855259
0.260300999507308
0.3205289989709854
0.25855499878525734
0.2597720008343458
0.30010800063610077
0.2776750009506941
0.3151740003377199
0.3002899996936321
0.30026799999177456
0.2857990004122257
0.29981199838221073
0.27488699927926064
0.2654409985989332
0.3149720001965761
0.2630979996174574
0.26190799847245216
0.31125300005078316
0.2781260013580322
0.2831819988787174
0.2978479992598295
0.31429800018668175
0.2628600001335144
0.3134230002760887
0.26317800022661686
0.27120699919760227
0.3480089996010065
0.2640869989991188
0.25963000021874905
0.30307599902153015
0.26451100036501884
0.28310099989175797
0.3061609994620085
0.2872669994831085
0.2751729991286993
0.3006600011140108
0.2617640011012554
0.2589390017092228
0.3001429997384548
0.2571100015193224
0.2637409996241331
0.2966360002756119
0.2798539996147156
0.25942499935626984
0.2961090002208948
0.2627750001847744
0.3006870001554489
0.30252999998629093
0.2739209998399019
4.154918000102043
0.30193999968469143
0.27174600027501583
0.2758709993213415
0.2679890003055334
0.24554800055921078
0.24378100037574768
0.2760489992797375
0.2654519993811846
0.2446569986641407
0.2799329999834299
0.23834899999201298
0.24493500031530857
0.28047699853777885
0.2453799992799759
0.2804189994931221
0.2786500006914139
0.24307500012218952
0.2458889987319708
0.28143300116062164
0.2454689983278513
0.25712900049984455
0.27996799908578396
0.24379000067710876
0.24247300066053867
0.29250499978661537
0.24446799978613853
0.24649499915540218
0.2722900006920099
0.24442199990153313
0.24553699977695942
0.27660199999809265
0.24738099984824657
0.26690500043332577
0.34823100082576275
0.25963700003921986
0.24462000094354153
0.2804319988936186
0.27746500074863434
0.24631400033831596
0.2436389997601509
0.27538600005209446
0.2434330005198717
0.24380499869585037
0.273675000295043
0.2664850000292063
0.2909629996865988
0.2694620005786419
0.24390499852597713
0.26046800054609776
0.2697390001267195
0.24738300032913685
0.23954899981617928
0.2901220005005598
0.24801599979400635
0.26617000065743923
0.3677689991891384
0.24154499918222427
0.24340999871492386
0.29109800048172474
0.2594780009239912
0.24837700091302395
0.273284999653697
0.26106899976730347
0.24411199986934662
0.8360090013593435
0.24477799981832504
0.2581759989261627
0.28096400015056133
0.24572799913585186
0.2663070000708103
0.27632199972867966
0.2755730003118515
0.25934099964797497
0.29571699909865856
0.2442220002412796
0.26715999841690063
0.29575500078499317
0.24214600026607513
0.2478609997779131
0.29025400057435036
0.24541199952363968
0.24483300000429153
0.2738340012729168
0.2458910010755062
0.23980499990284443
0.29594000056385994
0.2433449998497963
0.2446229998022318
0.27864999882876873
0.24879499897360802
0.3086520005017519
0.29435099847614765
0.25544700026512146
0.24664399959146976
0.27764100022614
0.24548800103366375
0.24334299936890602
0.2624200005084276
0.25954100117087364
0.2808650005608797
0.291983999311924
0.2558919992297888
0.2464850004762411
0.28882099874317646
0.2687059994786978
0.2657669987529516
0.2945630010217428
0.240879001095891
0.2388949990272522
0.2944079991430044
0.24491900019347668
0.24084299989044666
0.29659999907016754
0.24366800114512444
0.24526100046932697
0.2925630006939173
0.23951200023293495
0.2459690012037754
0.32633600011467934
0.23867199942469597
0.2644180003553629
0.27667699940502644
0.24368500150740147
0.24019000120460987
0.29065500013530254
0.2735970001667738
0.24186599999666214
0.27640500105917454
0.24878299981355667
0.2665769997984171
0.28790299966931343
0.24135899916291237
0.24596500024199486
0.29721699841320515
0.2367440015077591
0.23942900076508522
0.30292299948632717
0.24524200148880482
0.24316699989140034
0.29273500107228756
0.2629400007426739
0.24398300051689148
0.28457099944353104
0.24369999952614307
0.24596500024199486
0.28261400014162064
0.26338999904692173
0.2622630000114441
0.2728790007531643
0.2501910012215376
0.24436699971556664
0.2855370007455349
0.24515099823474884
0.2606920003890991
0.3103660009801388
0.27534300088882446
0.24789400026202202
0.2949160002171993
0.24292299896478653
0.26900099962949753
0.33152100071310997
0.2596189994364977
0.2441679984331131
0.2943229991942644
0.26226100139319897
0.24562600068747997
0.2844050005078316
0.24529099836945534
0.25976499915122986
0.2886589989066124
0.24594899825751781
0.24130399897694588
0.2914109993726015
0.2434880007058382
0.2543580010533333
0.2757149990648031
0.2427510004490614
0.2577839996665716
0.2751819994300604
0.2383169997483492
0.24730399996042252
0.27431200072169304
0.24567499943077564
0.2473239991813898
0.2977489996701479
0.25900700129568577
0.24296599999070168
0.2825709991157055
0.2455199994146824
0.2493639998137951
0.2789179999381304
0.26328499987721443
0.2469319999217987
0.2959120012819767
0.24540399946272373
0.24941200017929077
0.28928999975323677
0.275220001116395
0.24794499948620796
0.2936499994248152
0.2475730013102293
0.26942400075495243
0.272834999486804
0.24438299983739853
0.24321699887514114
0.27623699977993965
0.24669500067830086
0.2471430003643036
0.2982899993658066
0.24528399854898453
0.24341200105845928
0.28126700036227703
0.2486560009419918
0.24530900083482265
0.2931990008801222
0.2448519989848137
0.2609720006585121
0.32746100053191185
0.2447239998728037
0.24172400124371052
0.28796100057661533
0.2444820012897253
0.24302500113844872
0.2941030003130436
0.24444999918341637
0.1053640004247427
0.2874180004000664
0.23831400088965893
0.24497399851679802
0.27941100113093853
0.23989900015294552
0.24178900010883808
0.2743419986218214
0.24334700033068657
0.24814999848604202
0.25637600012123585
0.25420399941504
0.25755699910223484
0.3435240015387535
0.26695699989795685
0.2451969999819994
0.2774550002068281
0.242960998788476
0.24693600088357925
0.29278000071644783
0.26660099998116493
0.2426890004426241
0.2936899997293949
0.25989099964499474
0.24657399952411652
0.27958699874579906
0.2458030004054308
0.25520299933850765
0.2805160004645586
0.24496500007808208
0.24648800119757652
0.2724559996277094
0.2424320001155138
0.24548100121319294
0.27200100012123585
0.27972299978137016
0.24793199822306633
0.2902750000357628
0.2622290011495352
0.24561299942433834
0.32945199869573116
0.2632900010794401
0.2643110007047653
0.2918500006198883
0.24127200059592724
0.23236499913036823
0.27809999883174896
0.22396600060164928
0.2673580013215542
0.2588499989360571
0.2395590003579855
0.24209699966013432
0.29242399893701077
0.2460549995303154
0.23435699939727783
0.28046900033950806
0.2566420007497072
0.25648099929094315
0.27885100059211254
0.24452400021255016
0.24081999994814396
0.2864519990980625
0.24439899995923042
0.24818900041282177
0.2758309990167618
0.24386999942362309
0.24076499976217747
0.29057199880480766
0.24183700047433376
0.24539400078356266
0.29465899989008904
0.24772199988365173
0.24512800015509129
0.2783449999988079
0.24631999991834164
0.266677999868989
0.2785539999604225
0.24203800037503242
0.2814169991761446
0.2879729997366667
0.262576999142766
0.24479399994015694
0.248819001019001
0.25665299966931343
0.24240300059318542
0.2765319999307394
0.24356400035321712
0.26093299873173237
0.29065500013530254
0.24699299968779087
0.2395480014383793
0.28660899959504604
0.30419700033962727
0.24445399828255177
0.2924669999629259
0.2560099996626377
0.24495100043714046
0.3234139997512102
0.24042499996721745
0.24496399983763695
0.29347600042819977
0.24159099906682968
0.2806490007787943
0.27688200026750565
0.24169199913740158
0.2483149990439415
0.28958299942314625
0.2454840000718832
0.24593500047922134
0.3065919987857342
0.2448600009083748
0.24461499974131584
0.2812479995191097
0.2402570005506277
0.24400800094008446
0.27666099928319454
0.24685800075531006
0.24506999924778938
0.39191799983382225
0.2720609996467829
0.25990100018680096
0.3872630000114441
0.25956299901008606
0.27563699893653393
0.38507499918341637
0.25316799990832806
0.25009699910879135
0.40355500020086765
0.30615099892020226
0.26091199927031994
0.38553300127387047
0.2571799997240305
0.25789100117981434
0.3858129996806383
0.2631569989025593
0.2590889986604452
0.3848139997571707
0.2602299991995096
0.2547120004892349
0.3896500002592802
0.2587990015745163
0.759570000693202
0.2747319992631674
0.2794339992105961
0.3280279990285635
0.2743349988013506
0.2551069986075163
0.26287199929356575
0.383840998634696
0.27928899973630905
0.2955579999834299
0.3857070002704859
0.25953200086951256
0.2574590016156435
0.3890660014003515
0.2557709999382496
0.2633860018104315
0.3934529982507229
0.25874700024724007
0.2582109998911619
0.38465300016105175
0.2832710016518831
0.29782599955797195
0.3843779992312193
0.2625990007072687
0.25697300024330616
0.387729000300169
0.2577379997819662
0.25784300081431866
0.3806079998612404
0.2406450007110834
0.2604149989783764
0.3844780009239912
0.2737540006637573
0.25807799957692623
0.38543800078332424
0.2762679997831583
0.2695700004696846
0.3938490003347397
0.2561360001564026
0.2542940005660057
0.3826790004968643
0.2585370000451803
0.2788209989666939
0.38429499976336956
0.26800999976694584
0.25988899916410446
0.38909099996089935
0.25850100070238113
0.34155000001192093
0.3870199993252754
0.26058599911630154
0.2581289988011122
0.3858199995011091
0.2580200005322695
0.2774310000240803
0.3850549999624491
0.25785499997437
0.27191099897027016
0.38731000013649464
0.256351999938488
0.25803999975323677
0.38634900003671646
0.256071999669075
0.2814730014652014
0.3882929999381304
0.2648209985345602
0.2596700005233288
0.4025919996201992
0.2549520004540682
0.25685899890959263
0.43370299972593784
0.2883460000157356
0.25972799956798553
0.3827869985252619
0.2545480001717806
0.2689410001039505
0.3844590000808239
0.2614440005272627
0.2582980003207922
0.3815950006246567
0.25399200059473515
0.2809739988297224
0.38139900006353855
0.2585940007120371
0.3001749999821186
0.4336239993572235
0.2585129998624325
0.2576010003685951
0.3881470002233982
0.25976300053298473
0.25760200060904026
0.3944010008126497
0.26049300096929073
0.2586989998817444
0.38728100061416626
0.2574739996343851
0.2574610002338886
0.38659999892115593
0.26840800046920776
0.262278001755476
0.3855670001357794
0.24094300158321857
0.2887290008366108
0.4235969986766577
0.2567630000412464
0.2757329996675253
0.3862399999052286
0.2587399985641241
0.2570009995251894
0.4004669990390539
0.27615199983119965
0.2530220001935959
0.4250999987125397
0.2573639992624521
0.254831001162529
0.4077430013567209
0.2540070004761219
0.2592500001192093
0.4247510004788637
0.26955899968743324
0.2607460003346205
0.40370500087738037
0.25755999982357025
0.2626080010086298
0.4065990000963211
0.28057700023055077
0.2779629994183779
0.38095900043845177
0.25500999949872494
0.2576499991118908
0.3875140007585287
0.27151500061154366
0.26156000047922134
0.38195700012147427
0.24997500143945217
0.2571539990603924
0.41416800022125244
0.25309399887919426
0.2559230010956526
0.38551600091159344
0.25506800040602684
0.11175699904561043
0.40405899845063686
0.2743340004235506
0.27531000040471554
0.38293700106441975
0.29553600028157234
0.23577299900352955
0.3915899991989136
0.27902400121092796
0.2548599988222122
0.26114699989557266
0.4084370005875826
0.2733789999037981
0.2627850007265806
0.38198599964380264
0.26072200015187263
0.2796670012176037
0.3901649992913008
0.26561699993908405
0.271594999358058
0.4019039999693632
0.2740139998495579
0.31559699960052967
0.40135399997234344
0.26436400040984154
0.2637430001050234
0.40682199969887733
0.2605849988758564
0.2627629991620779
0.38862499967217445
0.26282999850809574
0.2877930011600256
0.391330000013113
0.26527499966323376
0.29473499953746796
0.2771410010755062
0.2579590007662773
0.30572399869561195
0.3831290006637573
0.2547440007328987
0.2638649996370077
0.3861920014023781
0.2777350004762411
0.2645529992878437
0.40207300148904324
0.26932499930262566
0.26715500093996525
0.3918219991028309
0.2610040009021759
0.2648889999836683
0.38980899937450886
0.27526700124144554
0.26286299899220467
0.403956001624465
0.29953400045633316
0.32438400015234947
0.3965309988707304
0.27936000004410744
0.2644040007144213
0.3901460003107786
0.26235399954020977
0.25992400012910366
0.3906280007213354
0.28054000064730644
0.28844800032675266
0.3920200001448393
0.28144099935889244
0.26816000044345856
0.3971889987587929
0.26899800077080727
0.3106199987232685
0.38895600102841854
0.25947999954223633
0.3388190008699894
0.4113849997520447
0.2814309988170862
0.2865350004285574
0.3932030014693737
0.2729419991374016
0.29310499876737595
3.8843959998339415
0.24450100027024746
0.24901399947702885
0.3871880006045103
0.24334600009024143
0.24725399911403656
0.36927699856460094
0.24497400037944317
0.25320500135421753
0.3838429991155863
0.2426839992403984
0.26332199946045876
0.42598200030624866
0.24416800029575825
0.24353399872779846
0.39675600081682205
0.24392700009047985
0.24364900030195713
0.4200599994510412
0.27496100030839443
0.24416900053620338
0.3682439997792244
0.2725530005991459
0.24548500031232834
0.3983290009200573
0.2608340010046959
0.24414199963212013
0.38408900052309036
0.24779700115323067
0.27506699971854687
0.3677869997918606
0.2470490001142025
0.24459999985992908
0.3624079991132021
0.263969000428915
0.25287799909710884
0.36319600045681
0.2674899995326996
0.27397399954497814
0.4146970007568598
0.25128000043332577
0.26292099989950657
0.3800609987229109
0.24139200150966644
0.24313499964773655
0.36622099950909615
0.24069299921393394
0.24038900062441826
0.39498900063335896
0.2629949990659952
0.24432700127363205
0.36591000109910965
0.24376400001347065
0.24825699999928474
0.419854000210762
0.24181099981069565
0.24650999903678894
0.3611420001834631
0.32943900115787983
0.24909000098705292
0.36269200034439564
0.2394840009510517
0.25017799995839596
0.3662030007690191
0.24819199927151203
0.27828199975192547
0.3652079999446869
0.2555970009416342
0.2372839991003275
0.3644030001014471
0.26029400154948235
0.24309800006449223
0.37229499965906143
0.2507019992917776
0.2508310005068779
0.36403200030326843
0.23962699994444847
0.24125299975275993
0.35941800102591515
0.31121000088751316
0.28395500034093857
0.3669650014489889
0.23888299986720085
0.23952500149607658
0.29560100100934505
0.24456399865448475
0.21465899981558323
0.3023399990051985
0.2421250008046627
0.24367599934339523
0.2904510013759136
0.2579030003398657
0.26097300089895725
0.2537910006940365
0.23720900155603886
0.23511600121855736
0.2741320002824068
0.23898900113999844
0.2607829999178648
0.2697459999471903
0.25170999951660633
0.2528929989784956
0.31577299907803535
0.23902099952101707
0.2444119993597269
0.2922419998794794
0.26780000142753124
0.26060299947857857
0.27931400015950203
0.26438799872994423
0.26812300086021423
0.2940960004925728
0.26244199834764004
0.268733998760581
0.27708000130951405
0.24186900071799755
0.24749299883842468
0.27346299961209297
0.25237700156867504
0.252878000959754
0.2723549995571375
0.2209240011870861
0.24563200026750565
0.2745130006223917
0.24526399932801723
0.24754799902439117
0.27879299968481064
0.3227880001068115
0.24477400071918964
0.2896200008690357
0.2412640005350113
0.2627980001270771
0.2744389995932579
0.2526890002191067
0.24484099820256233
0.33089299872517586
0.2598829995840788
0.24594399891793728
0.2737150005996227
0.30141299962997437
0.265022000297904
0.2747740000486374
0.24230699986219406
