13.507992999977432
3.1138140000402927
1.1080320000182837
0.78068200009875
3.3167360000079498
1.046089000068605
0.8620499999960884
0.81400700006634
0.822247999953106
0.7895110000390559
0.8324409999186173
0.7045790000120178
0.8222470000619069
10.10807700001169
0.9597429999848828
0.6715039999689907
0.8333740000380203
0.9597510000457987
0.6959630000637844
0.6645819999976084
0.7206010000081733
0.5904750000918284
0.6208480000495911
0.6369270000141114
0.6584980000043288
0.6628209999762475
0.5252849999815226
0.6212409998988733
0.545486000017263
0.6547339999815449
0.8366939999395981
0.5806820000289008
0.5803800000576302
0.6425949999829754
0.5334509999956936
0.6382189999567345
0.6345469999359921
0.6067959999199957
0.4478370000142604
0.4697579999919981
0.7223620000295341
0.6749119999585673
0.5365880000172183
0.614845999982208
0.6169610000215471
0.6151660000905395
0.7604300000239164
0.5233660000376403
0.5169470000546426
0.5472089999821037
0.48298799991607666
0.622594999964349
0.5985550000332296
0.48444700008258224
0.5131909999763593
0.6294960000086576
0.5780539999250323
0.6824369999812916
0.5691329999826849
0.5928970000240952
0.6113250000635162
0.6070289999479428
0.5895460000028834
0.6238280000397936
0.5339479999383911
0.6182630000403151
0.6302479999139905
0.5000589999835938
0.6967550000408664
0.5813469999702647
0.6037269999505952
0.668807000038214
0.6099570000078529
0.631173999980092
0.7570089999353513
0.6712769999867305
0.5995630000252277
0.6313010000158101
2.926956999930553
0.5538579999702051
0.6642719999654219
0.6093259999761358
0.7209080000175163
0.670285000000149
0.6811489999527112
0.6185280000790954
0.6619639999698848
0.6090940000722185
0.5839259999338537
0.5812470000237226
0.501185999950394
0.6012539999792352
0.6686810000101104
0.5318529999349266
0.5540770000079647
0.5738899999996647
0.7043180000036955
0.6015070000430569
0.5516780000180006
0.6883140000281855
0.5184529999969527
0.5808219999307767
0.566473999992013
0.5592229999601841
0.692780000041239
0.5728379999054596
0.44796699995640665
0.6119359999429435
0.5950720000546426
0.5553899999940768
0.6137749999761581
0.4578690000344068
0.5628530000103638
0.6078810000326484
0.45773199992254376
0.5920889999251813
0.46847100008744746
0.6070159999653697
0.5684119999641553
0.5499790000030771
0.6218039999948815
0.6490919999778271
0.4770669999998063
0.4480979999061674
0.4866130000445992
0.600948000093922
0.922668999992311
0.6172789999982342
0.9535100000211969
0.5072750000981614
0.5810189999174327
0.556745000067167
0.5754879999440163
0.7243810000363737
0.6061360000167042
0.5945259999716654
0.6258639999432489
0.6989369998918846
0.608092000009492
0.5132890000240877
0.7937280000187457
0.722628999967128
0.6372799999080598
0.8309700000099838
0.6235729999607429
0.6782530000200495
0.5594229999696836
0.5504939999664202
0.6184949999442324
2.149913000059314
0.5891389999305829
0.5275260000489652
0.5004579999949783
0.47909400006756186
0.5058080001035705
0.5405699999537319
0.6205360000021756
0.5351210000226274
0.5526940000709146
0.6164789999602363
0.4915699999546632
0.6114090000046417
0.6775390000548214
0.6210910000372678
0.5387240001000464
0.6570049999281764
0.6785249999957159
0.6176749999867752
0.645981999929063
0.4966469999635592
0.5918050000909716
0.6112730000168085
0.4863480000058189
0.4943800000473857
0.41417700005695224
0.5630530000198632
0.5386320000980049
0.511447999975644
0.4844479999737814
0.8508790000341833
0.538306999951601
0.4721640000352636
0.5076910000061616
0.46135999995749444
0.500201000017114
0.4091019999468699
0.5088109999196604
0.4624730000505224
0.5398920000297949
0.638846000074409
0.5883759999414906
0.4788659999612719
0.43033500004094094
0.7014590000035241
0.6019460000097752
0.5996609999565408
0.39005000004544854
0.5418139999965206
0.4617860000580549
0.6182099999859929
0.5735880000283942
0.5631640000501648
0.5524919999297708
0.5431160000152886
0.5370579999871552
0.5328500000759959
0.5115109999896958
0.6995419999584556
0.5213809999404475
0.5479139999952167
0.5712389999534935
0.5867439999710768
0.6152029999066144
0.4805950000882149
0.5797940000193194
0.5959619999630377
0.5934760000091046
0.7124270000495017
0.5712049999274313
0.5546610000310466
1.8329309999244288
0.5807289999211207
0.598945000092499
0.6260369999799877
0.568461999995634
0.5678479999769479
0.6117609998909757
0.5946459999540821
0.45224599994253367
0.48186300008092076
0.4897329999366775
0.5645009999861941
0.37645599991083145
1.622719999984838
0.5793099999427795
0.5755929999286309
0.44800500001292676
0.5288980000186712
0.4961030000122264
0.5404659999767318
0.49879099999088794
0.5260080000152811
0.430437000002712
0.42804900009650737
0.4391870000399649
0.5039879999822006
0.5992490000789985
0.46548899996560067
0.5264309999765828
0.43245299998670816
0.5187389999628067
0.4600290000671521
0.5292929999995977
0.5245420000283048
0.6669549999060109
0.5530410000355914
0.6370430000824854
0.6299339999677613
0.42037699988577515
0.4966850000200793
0.543275999953039
0.383339999942109
0.5460440000751987
0.5725369999418035
0.4057259999681264
0.5186429999303073
0.4703369999770075
0.4078479999443516
0.6112610000418499
0.43974200007505715
6.352056000032462
0.4850070000393316
0.538332000025548
0.4417449999600649
0.5374099999899045
0.5359220000682399
0.5454130000434816
0.8730089999735355
0.5487859999993816
0.5158389999996871
0.529939999920316
0.5581949999323115
0.5451219999231398
0.5140669998945668
0.6287579999770969
0.5170899999793619
0.6504800000693649
0.552661000052467
0.5488330000080168
0.6973790000192821
0.5545150000834838
0.5448170000454411
0.5400929999304935
0.6208160000387579
0.5683630000567064
0.5225689999060705
0.6081629999680445
0.5184900000458583
0.6915709999157116
0.574445000034757
0.6214579999214038
0.5552349999779835
0.6428479999303818
0.6076250000623986
0.5647379999281839
0.5293110000202432
0.43844699999317527
0.5638409999664873
0.6214550000149757
0.5298780000302941
0.49669299996457994
0.4021629999624565
0.4792219999944791
0.6007410000311211
0.6123639999423176
0.6027219999814406
0.5550759999314323
0.5576550000114366
0.5462309999857098
0.5447339999955148
0.5236629999708384
2.329202000051737
0.5003089999081567
0.5140739999478683
0.5006869999924675
0.4755160000640899
0.7253489999566227
0.5622150000417605
0.633257000008598
0.5495649999938905
0.5463009999366477
0.5258919999469072
0.557643000036478
0.49010600009933114
3.4036919999634847
0.46680599998217076
0.5323700000299141
0.4434680000413209
0.4758499999297783
0.5406789999688044
0.6034980000695214
2.0970779999624938
0.5297140000620857
0.47050900000613183
0.527676000026986
0.5428750000428408
0.6377319999737665
0.5411590000148863
0.6165930000133812
0.7556179999373853
0.5762010000180453
0.6551970000145957
0.5570620000362396
0.535467000096105
0.5096069999272004
0.49779699998907745
0.6272880000760779
0.542896999977529
0.5244160000002012
0.6522919998969883
0.5851990000810474
0.531044999952428
0.6374249999644235
0.6032079999567941
0.8021300000837073
0.5565199999837205
0.5329469999996945
0.6042659999802709
0.6005339999683201
0.5936380000784993
0.589585000067018
0.5866389999864623
0.6462689999025315
0.5692669999552891
0.5450599999167025
23.523531000013463
0.5020550000481308
0.5786110000917688
0.6028050000313669
0.49774599994998425
0.5229180000023916
0.5283279999857768
0.550050999969244
0.4794329999713227
0.7205330000724643
0.4945979999611154
0.4813350000185892
0.5121230001095682
0.5122949999058619
0.49233299994375557
0.539416000014171
0.4774730000644922
0.543366999947466
0.5216390000423416
0.4195179999805987
0.4759499999927357
0.4793510000454262
0.5373229999095201
0.5852350000059232
0.623215000028722
0.48687500006053597
0.46027799998410046
0.5246960000367835
0.4758199999341741
0.44532699999399483
0.4590539999771863
0.34575300000142306
0.47525699995458126
0.5925809999462217
0.4638479999266565
0.43783000006806105
0.4683930000755936
0.49027399998158216
0.46535399998538196
4.993275000015274
0.7078730000648648
0.47693400003481656
0.5362009999807924
0.5530740000540391
0.4821680000750348
0.5868490000721067
0.6241750000044703
0.5227060000179335
0.568474999978207
0.5533689999720082
0.5051750000566244
0.44915599992964417
0.5493430000497028
0.4595570000819862
0.6457560000708327
0.5329359999159351
0.5740260001039132
0.5169420000165701
0.5771490000188351
0.5262510000029579
0.5176770000252873
0.5588470000075176
0.4908770000329241
0.6570300000021234
0.6100959999021143
0.5399550000438467
0.48027199995703995
0.5112779999617487
0.42755299992859364
0.566408000071533
0.5900689999107271
0.5083979999180883
0.6841949999798089
0.573113999911584
0.5601529999403283
0.5805240001063794
0.6466829999117181
0.5357819999335334
0.5648149999324232
0.4771620000246912
0.4318900000071153
0.5232839999953285
0.5952759999781847
0.5439120000228286
0.5940270000137389
0.4971860001096502
0.46699400001671165
0.5518940000329167
0.5528720000293106
0.5889399999286979
0.5031420000595972
0.5143310000421479
0.5088649999815971
0.5087490000296384
0.42394000000786036
0.44375899992883205
0.5388730000704527
0.49453299993183464
0.4025990000227466
0.4587370000081137
0.4721650000428781
0.4207429999951273
0.5325240000383928
0.5716699999757111
0.44164099998306483
0.4013089999789372
0.5261950000422075
0.5755620000418276
0.4937689999351278
0.49236199993174523
0.48705200001131743
0.404346999945119
0.46769200009293854
0.5165640000486746
0.46876600000541657
0.5942299999296665
0.40213800000492483
0.4035240000812337
0.509250000002794
0.5073880000272766
0.48084700002800673
0.610476000001654
0.5272910000057891
0.5073049999773502
0.49574899999424815
0.5468010000186041
0.5811640000902116
0.5104150000261143
0.4689119999529794
0.5637139999307692
0.5688189999200404
0.5608709999360144
0.48650600004475564
0.6940849999664351
0.4710569999879226
0.5831189999589697
0.5485020000487566
0.5763949999818578
0.6226869999663904
0.5794460000470281
0.62805999990087
0.6436519999988377
0.5886639999225736
0.6154620000161231
0.5743840000359342
0.5886760000139475
0.5768730000127107
0.6255700000328943
0.49288400006480515
0.49941200006287545
0.6594920000061393
0.5525830000406131
0.5429000000003725
0.6605909999925643
0.583489999989979
0.5490960000315681
0.5846599999349564
0.6127040000865236
0.4714089999906719
0.5049410000210628
0.47259100002702326
0.5257029999047518
0.4787769999820739
0.4169000000692904
0.5432520000031218
0.5448960000649095
0.5772449999349192
0.4776240000501275
0.5338419999461621
0.5244530000491068
0.47215599997434765
0.5412929999874905
0.4954930000239983
0.5313949999399483
0.5175110000418499
0.4968730000546202
0.4469319999916479
0.36711099999956787
0.45455999998375773
0.4742699998896569
0.3892719999421388
0.5269919999409467
0.4908609999110922
0.5102649999316782
0.37625900004059076
0.41575100005138665
0.5287470000330359
0.5974659998901188
0.5071100000059232
0.3690789999673143
0.4652400000486523
0.5164920000825077
0.5549829999217764
0.5914960000663996
0.5501380000496283
0.5631539999740198
0.5057660000165924
0.5179669999051839
0.5737430001609027
0.533197000157088
0.4902570000849664
0.5291069999802858
0.5357300001196563
0.49377600010484457
0.5418660000432283
0.5398950001690537
0.49574000015854836
0.5781159999314696
0.5396329998038709
0.5278529999777675
0.5897550000809133
0.5057369999121875
0.6082709999755025
0.603190999943763
0.6201120000332594
0.5241280000191182
4.3481169999577105
0.6552639999426901
0.5491329999640584
0.5202570001129061
0.49032199988141656
0.4913849998265505
0.5134620000608265
0.500404000049457
0.4783299998380244
0.5682069999165833
0.5253880000673234
0.527051999932155
0.4830589999910444
0.38543400005437434
0.4397770001087338
0.40288799977861345
0.5781670000869781
0.5987279999535531
0.4809149999637157
0.49253499996848404
0.3455129999201745
0.4958269998896867
0.3796350001357496
0.4673729999922216
0.43201699992641807
0.41311899991706014
0.4365169999655336
0.3655759999528527
0.5635800000745803
0.5043469998054206
0.4992090000305325
0.369527000002563
1.1647429999429733
0.4270229998510331
0.4414120002184063
0.49898100015707314
0.34289800003170967
0.5078749998938292
0.39355799998156726
0.46999799995683134
0.3797629999462515
0.37573900003917515
0.3767479998059571
0.46686000004410744
0.4040749999694526
0.4808020000346005
0.44590499997138977
0.4734159999061376
0.48568599997088313
0.4889269999694079
0.4338909999933094
0.4579270000103861
0.5505689999554306
0.5859139999374747
0.5945280001033098
0.4849189999513328
0.7355279999319464
0.4649310000240803
0.4430870001669973
0.6014760001562536
0.4906780000310391
0.46425099996849895
0.5883650002069771
0.49029400013387203
0.501361999893561
0.4982390000950545
0.4422609999310225
0.528249999973923
0.44487200002186
0.44280399987474084
0.47099300008267164
0.5249630000907928
0.4338640000205487
0.4259730000048876
0.3713380000554025
0.42908899998292327
0.43360699992626905
0.437893999973312
0.4629149998072535
0.38781999982893467
0.39209400000981987
0.5151720000430942
0.524548000190407
0.4331579999998212
0.4689960000105202
0.5000090000685304
0.49361800006590784
0.4057299999985844
0.354698000010103
0.36588899977505207
0.485173000022769
0.5337370000779629
0.49105799989774823
0.6554910000413656
0.39361999998800457
0.49499600008130074
0.46475799987092614
0.4541040000040084
0.46692100004293025
0.4968429999426007
0.39018399990163743
0.5549590000882745
0.5007200001273304
0.4888489998411387
0.49317899998277426
0.4789709998294711
0.4905189999844879
0.3743499999400228
0.6192469999659806
0.5371220000088215
0.6765209999866784
0.5500700001139194
0.4381430000066757
0.4606569998431951
0.47224800009280443
0.49793299986049533
0.5696229999884963
0.4952720000874251
0.5363620000425726
0.5167010000441223
0.5575310001149774
0.4760160001460463
0.7925079998094589
0.516332000028342
0.46706599998287857
0.5647940000053495
0.6625139999669045
0.5090170002076775
0.4701690000947565
0.5100990000646561
0.5635850001126528
0.5224889998789877
0.5923370001837611
0.5599550001788884
0.7125210000667721
2.23349400004372
0.5149290000554174
1.046083000022918
0.6696319999173284
0.5244529999326915
0.5811220000032336
0.5380730000324547
0.5911400001496077
0.5837369998916984
0.5605569998733699
0.6019290001131594
0.635101999854669
0.5826220000162721
1.6383549999445677
0.5563850000035018
1.015017000027001
0.5574479999486357
0.42859400017187
0.705985999898985
0.5938550001010299
18.261071000015363
0.5224790000356734
0.5751920000184327
0.5860949999187142
0.5587049999739975
0.6121800001710653
0.483185000019148
0.5477320000063628
0.47720299987122416
0.45304199983365834
0.4427030000369996
0.4877130000386387
0.45681499992497265
0.493900999892503
0.455729000037536
0.50953199993819
0.4676340001169592
0.3939529999624938
0.5075560000259429
0.39187099994160235
0.5029390000272542
0.3856549998745322
0.4602539998013526
0.5047939999494702
0.5165259998757392
0.5063140001147985
0.45671900012530386
0.5395969999954104
0.5639899999368936
0.5408779999706894
0.48930099979043007
0.5867019998840988
0.5559310000389814
0.4250280000269413
0.4733549999073148
0.4414709999691695
0.4676309998612851
0.5986399999819696
0.5109799997881055
0.4975930000655353
0.38791700010187924
0.6032170001417398
0.4160269999410957
0.5106750000268221
0.4529389999806881
0.5173239998985082
0.38028199994005263
0.5943710000719875
0.5212199999950826
0.4788790000602603
0.47351700020954013
0.48976700007915497
0.6874240001197904
0.5041129998862743
0.576136999996379
0.4555909999180585
0.46142500010319054
0.5780559999402612
0.551323999883607
0.6284880000166595
0.49146200018003583
0.5616220000665635
0.5361480000428855
0.5192079998087138
0.4835930000990629
0.4672590000554919
0.5000960000324994
0.6254259999841452
0.5858239999506623
0.5249619998503476
0.5513420000206679
0.5146810000296682
0.6012180000543594
0.5727179998066276
0.5065170000307262
0.5585890000220388
0.5649809997994453
0.5531650001648813
2.2308129998855293
0.44215100002475083
0.5579810000490397
0.4444110000040382
0.563730999827385
3.4695290001109242
0.5144270001910627
10.362890999997035
0.49012900004163384
0.49291399982757866
0.6586830001324415
0.4673699999693781
0.5020469999872148
1.2472429999615997
0.4792359999846667
0.4363490000832826
0.5322259999811649
0.4879339998587966
0.4891340001486242
0.49898499995470047
0.5562660000286996
0.3684459999203682
0.48060399992391467
0.5053349998779595
0.3892020001076162
0.39122699992731214
0.386996999848634
0.5116630000993609
0.471839000005275
0.4718879999127239
0.4357989998534322
0.4632570000831038
0.4880989999510348
0.5227470002137125
0.5327950001228601
0.4983380001503974
0.5359329998027533
0.5464829998090863
0.4566249998752028
0.5465240001212806
0.5328580001369119
0.6330970001872629
0.5310810001101345
0.5039540000725538
0.5221650002058595
0.6800149998161942
0.5363430001307279
0.5330939998384565
0.5692109998781234
0.5336230001412332
0.45900500006973743
0.4811270001810044
0.5347929999697953
0.4508650000207126
0.5189520001877099
0.48989200009964406
0.4513119999319315
0.48477800004184246
0.6623690000269562
0.50093900016509
0.549392000073567
0.5663099999073893
0.5547429998405278
0.627444000216201
0.5415449999272823
0.5492760001216084
0.5271769999526441
0.5129519999027252
0.5513769998215139
0.5415849999990314
0.5939099998213351
0.4810690002050251
0.5537120001390576
1.677907999837771
0.5509280001278967
0.3985309998970479
0.6180809999350458
0.47241599997505546
0.4879349998664111
0.3862120001576841
0.4852669998072088
0.47848600009456277
0.4890789999626577
0.45198599994182587
0.5162279999349266
0.44552800012752414
0.3628729998599738
0.5480490000918508
0.46060300013050437
0.45429099979810417
0.37743499991483986
0.37657000008039176
0.35112599981948733
0.5424250001087785
0.49073299998417497
0.47732899989932775
0.42401900002732873
0.475016999989748
0.48310600011609495
0.5558519999030977
0.4371149998623878
0.40036899992264807
0.4768149999435991
0.40070399991236627
0.4843920001294464
0.5904979999177158
0.47306200000457466
0.3366699998732656
0.36676499992609024
0.4649509999435395
0.5017470000311732
0.44517299998551607
0.3646849999204278
0.40473799989558756
0.4086980000138283
0.5114899999462068
0.4402869998011738
0.4491080001462251
0.5442640001419932
0.5019949998240918
0.5476659999694675
0.4660830001812428
0.48261899990029633
3.5455569999758154
0.5002719999756664
0.5017779998015612
0.4662230000831187
0.49641699995845556
0.6227549999020994
0.6104020001366735
2.1897699998226017
0.6649759998545051
0.5680299999658018
0.49933700007386506
0.5735710000153631
0.39736799988895655
0.647914000088349
0.5308009998407215
0.6263829998206347
0.46590399998240173
0.4893859999720007
0.47214199998416007
0.377157999901101
0.3940779999829829
0.5134139999281615
0.3546789998654276
0.45565500017255545
0.403072000015527
0.4919380000792444
0.3596620000898838
0.5760399999562651
0.4097140000667423
0.4305040000472218
0.5167049998417497
0.4119090000167489
0.4732560000848025
0.421250999905169
0.5251710000447929
0.38720400002785027
0.4802609998732805
0.5611159999389201
0.35035800002515316
0.36993200005963445
0.4698199999984354
0.5319469999521971
0.48844699980691075
0.5249729999341071
0.40409399988129735
0.3725470001809299
0.3798319997731596
0.3831869999412447
0.4296919999178499
0.359855999937281
0.5469550001434982
0.4093530001118779
0.5234579998068511
0.3342570001259446
0.3325129998847842
0.3751449999399483
0.37557599996216595
0.4272209999617189
0.4715450000949204
0.37188099999912083
0.4080839999951422
0.4318290001247078
0.45839300006628036
0.404122999869287
0.4668830002192408
0.45008300011977553
0.4279120001010597
0.4465000000782311
0.5165350001771003
0.461773999966681
0.5760360001586378
0.4981390000320971
0.5918890000320971
0.48322800011374056
0.48085900000296533
0.4821369999554008
0.44786000018939376
0.5544939998071641
0.41016700002364814
0.48603000002913177
0.4245039999950677
0.43430099985562265
0.46161899995058775
0.5781479999423027
0.5510239999275655
0.5249179999809712
0.6399850000161678
0.5969060000497848
0.6442529999185354
0.4972079999279231
0.4142879999708384
0.53663200000301
0.462085000006482
2.723170999903232
0.4445859999395907
0.4214419999625534
0.4770170000847429
0.4119529998861253
1.4166210000403225
0.4528290000744164
0.45173000008799136
0.43076699995435774
0.45072400011122227
0.3566439999267459
0.42127200006507337
0.4092029999010265
0.5187329999171197
0.3973089999053627
0.39473799988627434
0.40101899998262525
0.432166000129655
0.3548190000001341
0.4631710001267493
0.34113499987870455
0.4921049999538809
0.4732450000010431
0.33805499994196
0.47114000003784895
0.5011489999014884
0.3389250000473112
0.41021299990825355
0.4685180000960827
0.35679100011475384
0.48988799983635545
0.44895899994298816
0.43853799998760223
0.4690260000061244
0.4878120000939816
0.5134260000195354
0.429336000001058
0.4475660000462085
0.45227300003170967
0.4034030002076179
0.365246000001207
0.34493199991993606
6.481610000133514
0.39817599998787045
0.4612250002101064
0.39280500006861985
0.35880100005306304
0.4844500001054257
0.35361899994313717
2.092693999875337
0.41071899980306625
0.41296599991619587
0.46016800007782876
0.427123999921605
0.41840599989518523
0.45495399995706975
0.43028199998661876
0.5249660001136363
0.7721599999349564
0.5732650000136346
0.5144239999353886
0.46865499997511506
0.43661500001326203
0.42298400006257
0.40095799998380244
0.3930480000562966
0.4699999999720603
0.5595130000729114
0.5089519999455661
0.5376609999220818
0.5583770000375807
10.692763000028208
0.649055999936536
0.5333300000056624
0.4991790000349283
0.42867999989539385
0.5596060000825673
0.5403279999736696
0.5913090000394732
0.5066849999129772
3.0268859998323023
0.5274920000229031
0.612870000069961
0.44398700003512204
0.5014839998912066
0.41814299998804927
0.6330979999620467
0.3969270000234246
0.4406179999932647
0.3743539999704808
0.43798899999819696
0.32329899980686605
0.4520849999971688
0.4952710000798106
0.42150799999944866
0.4569549998268485
0.3951550000347197
0.45336699998006225
0.5159070000518113
0.4824030001182109
0.3569680000655353
0.4650550000369549
0.40700600016862154
0.44561899988912046
0.3452969999052584
0.4815779998898506
0.5136049999855459
0.44754299987107515
0.3431159998290241
0.5250999999698251
0.33782800007611513
0.46661599981598556
0.4171819998882711
0.3780400000978261
0.5022370000369847
0.45731899980455637
0.4874440000858158
0.4089340001810342
0.43383400002494454
0.3219669999089092
0.5368759999983013
0.4956759999040514
0.47951700002886355
0.43756800005212426
0.4648039999883622
0.39624400017783046
0.37252099998295307
0.4509900000412017
0.4620140001643449
0.37398599996231496
0.49690199992619455
0.52988600009121
0.4529140000231564
0.474218999966979
0.45635000010952353
0.4285989999771118
0.5604800002183765
0.46445200010202825
0.4100120000075549
0.44442200008779764
0.4907190001104027
0.43848600005730987
0.4705240000039339
0.4740400000009686
0.49545100005343556
0.46972599998116493
0.4789619999937713
0.5305299998726696
0.5142810000106692
0.5686719999648631
0.546074999962002
0.4558279998600483
0.7190909998025745
0.5028549998532981
0.5127389999106526
0.48087899992242455
0.5895220001693815
0.48894699988886714
0.5069069999735802
0.5195689999964088
0.42212499980814755
0.4351399999577552
0.5333899999968708
0.3725989998783916
0.4487179999705404
0.432505999924615
0.38371600001119077
0.46288600005209446
0.3645170000381768
0.49022399983368814
0.42278399993665516
0.6412800000980496
0.5394290001131594
0.47033299994654953
0.40629800013266504
0.37438499997369945
0.36687700008042157
0.42543100006878376
0.4243159999605268
0.37881199992261827
0.3429350000806153
0.44239800004288554
0.33970699994824827
0.5266159998718649
0.4026209998410195
0.3097649998962879
0.39600700000301003
0.45334500004537404
0.5361019999254495
0.40763500006869435
0.4357910000253469
0.5236829998902977
0.3381499999668449
0.3958979998715222
0.45031300000846386
0.5338870000559837
0.5522010000422597
0.6440850000362843
0.42844599997624755
0.5088530001230538
0.4999770000576973
0.47254400001838803
0.39602599991485476
0.4472609998192638
0.4399820000398904
0.4669640001375228
0.5331149999983609
0.4570290001574904
0.5883769998326898
0.47394399996846914
0.45566300000064075
0.5311790001578629
0.4798179999925196
0.3978379999753088
0.47918400005437434
0.43437899998389184
0.3984219999983907
0.5238079999107867
0.5162230001296848
0.5622610000427812
0.5833850000053644
0.4655620001722127
0.5597399999387562
0.5880110000725836
0.498842999804765
0.6183419998269528
0.489054000005126
0.5240670000202954
0.4915640000253916
0.5072800000198185
0.5280420000199229
0.45256500015966594
0.497082999907434
0.4681700000073761
0.46117700007744133
0.49481699988245964
0.4543029998894781
0.4451840000692755
0.39512700005434453
0.4681400000117719
0.4740639999508858
0.47465099999681115
0.5006399999838322
0.48557500005699694
0.37443200009875
0.4352150000631809
0.4350369998719543
0.3855510000139475
0.3421819999348372
0.3605059999972582
0.4180499999783933
0.3775700000114739
0.36695199995301664
0.3920040000230074
0.41373000014573336
0.3498749998398125
0.4176670000888407
0.33107800013385713
0.3946439998690039
0.3125689998269081
0.3691259999759495
0.4160420000553131
0.31243299995549023
0.3930949999485165
0.40341500006616116
0.3254040000028908
0.36569499992765486
0.43570499983616173
0.42382100014947355
0.3246599999256432
0.4347810000181198
0.3114340000320226
0.6942160001490265
0.3761480001267046
0.48419300001114607
0.44185000006109476
0.4806409999728203
0.4855680000036955
0.516111999982968
0.48659000010229647
0.46358199999667704
0.45472400006838143
0.4862619999330491
0.5170349997933954
0.5217769998125732
1.3512420000042766
0.7310379999689758
0.5428560001309961
0.4771269999910146
0.5490240000654012
0.9531009998172522
0.4735900000669062
0.48263799981214106
0.4338729998562485
0.5332329999655485
0.48177399998530746
0.42767199990339577
0.507454999955371
0.45642099995166063
0.5159110000822693
0.5128079999703914
0.9418810000643134
0.5550630001816899
0.4982610000297427
0.45363899995572865
0.5493949998635799
0.5230910000391304
0.5259269999805838
2.9402409999165684
0.6057190001010895
0.5273000001907349
0.3678800000343472
0.42295000003650784
0.5615899998228997
0.5860129999928176
0.38075400004163384
0.5459620000328869
0.5016099999193102
0.4870319999754429
0.5312739999499172
0.5741310000885278
0.48839000007137656
0.5519530000165105
0.5578279998153448
0.4697759998962283
0.4255959999281913
0.4482579999603331
0.412205999949947
0.4389430000446737
0.47227399982511997
0.4599839998409152
0.4666150000412017
0.45457400009036064
0.4568739999085665
0.3676869999617338
0.4933819998987019
1.034345000050962
0.4874790001194924
0.47603700007312
0.438914000056684
0.4367830001283437
0.4486909999977797
0.43880899995565414
0.40982800000347197
0.3442490000743419
0.3465330000035465
0.4277889998629689
0.45731199998408556
0.4459920001681894
0.4378339999821037
0.3760410000104457
0.4126379999797791
0.4495129999704659
0.4613440001849085
0.5126029998064041
0.45567399985156953
0.3899080001283437
0.43446599994786084
0.535840000025928
0.5396040000487119
0.5378130001481622
0.5129629999864846
0.42525499989278615
0.5350280001293868
0.4744740000460297
0.5369049999862909
0.48434299998916686
0.46595400013029575
0.440275999950245
0.49852000013925135
0.5046950001269579
0.5060250000096858
0.49375199992209673
0.4869399999734014
0.49742099991999567
0.6338159998413175
0.5689119999296963
0.5643540001474321
0.5303619999904186
0.5457980001810938
0.49833500012755394
0.5036800000816584
0.5600910000503063
0.5197570000309497
0.4213139999192208
0.5194590000901371
0.48647399991750717
0.5509639999363571
0.8010390000417829
0.5345799999777228
0.5330280000343919
0.5179769999813288
0.3471989999525249
0.4332810000050813
0.3947409999091178
0.47179499990306795
0.5136279999278486
0.4417380001395941
0.49468400003388524
0.5372049999423325
0.377951999893412
0.5164359998889267
0.3617769998963922
0.5135379999410361
0.41852699988521636
0.38330999994650483
0.3597549998667091
0.4379710000939667
0.380555999930948
0.37060400005429983
0.4538920000195503
0.5524979999754578
0.5131490000057966
0.39641199982725084
0.3659050001297146
0.43984999996609986
0.37614399986341596
0.4363679999951273
0.45146000012755394
0.4412100000772625
0.416484999936074
0.5338329998776317
0.49035200010985136
0.5951900000218302
0.44315399997867644
0.3636710001155734
0.4466909999027848
0.5040309999603778
0.4603789998218417
0.43663899996317923
0.3934279999230057
0.42403799993917346
0.46034500002861023
0.4298389998730272
0.3868670000229031
0.5517859999090433
0.5334729999303818
0.45861599990166724
0.5448470001574606
0.48103600018657744
0.5587000001687557
0.5843869999516755
0.4701869999989867
0.5467519999947399
2.6192850000225008
0.483809000113979
0.5318079998251051
0.543303000042215
0.5627749999985099
0.4699659999459982
0.5492479999084026
0.5425589999649674
0.6067419999744743
0.5369259999133646
0.5570819999556988
0.8425799999386072
0.5139260001014918
0.6136489999480546
0.5357729999814183
0.5350120000075549
0.44714499986730516
0.47589800017885864
0.5589759999420494
0.4410230000503361
0.508307000156492
0.5549749999772757
0.5534040001221001
0.5139899998903275
0.5084140000399202
0.4928930001333356
0.5121459998190403
0.4910839998628944
0.4788180000614375
0.4405149999074638
0.4645050000399351
0.4605580000206828
0.4876530000474304
0.49135399982333183
0.5029609999619424
0.47479699994437397
0.5232839998789132
0.5190029998775572
0.47062699985690415
0.565930999815464
0.46881700004450977
0.5664379999507219
0.511564000044018
0.5178179999347776
0.5413359999656677
0.46920099994167686
0.45248400000855327
0.4222589998971671
0.40572399995289743
0.49369000014849007
0.5486569998320192
0.4994659998919815
0.5424399999901652
0.4462629999034107
0.4321379999164492
0.5141749999020249
0.4350590000394732
0.40822799992747605
0.5177609999664128
0.39805499999783933
0.40153799997642636
0.5126859999727458
0.5219669998623431
0.42826199997216463
0.4708150001242757
0.4317580000497401
0.5708540000487119
0.5394020001403987
0.4765320001170039
11.459203999955207
0.540910999989137
0.5165199998300523
0.4418570001143962
0.5269269999116659
0.5319419999141246
0.5423230000305921
0.5520049999468029
0.4671400000806898
0.52815099991858
0.5552620000671595
0.5452219999860972
0.5257529998198152
0.4981439998373389
0.5355200001504272
0.5200160001404583
0.5555539999622852
0.5496649998240173
0.5516229998320341
0.5323840000201017
0.5156739999074489
0.5009530000388622
0.538310999982059
0.5516840000636876
0.4851460000500083
0.5287490000482649
0.543476999970153
0.4733170000836253
0.5912450000178069
0.5191399999894202
0.5240690000355244
0.4937700000591576
0.5980859999544919
0.5448199999518692
1.563912000041455
0.4781289999373257
0.4598920000717044
0.4871559999883175
0.5142840000335127
0.5080049999523908
0.4480989999137819
0.40412400010973215
0.4493279999587685
0.355578999966383
0.4375970000401139
0.4350179999601096
0.3704299998935312
0.4316419998649508
0.4253709998447448
0.41989900008775294
0.39666400011628866
0.4157809999305755
0.5342729999683797
0.3969660000875592
0.36116799991577864
0.4573059999383986
0.47099400009028614
0.38133800006471574
0.4198880000039935
0.509925999911502
0.40936900000087917
0.4210439999587834
0.4096949999220669
0.4640519998501986
0.4672870000358671
0.34457199997268617
0.4503960001748055
0.38110400014556944
0.33886700007133186
0.5338250000495464
0.3864090000279248
0.452331000007689
0.41018100013025105
0.48273799987509847
0.5334630000870675
0.510018999921158
0.572035999968648
0.6041969999205321
0.4867059998214245
0.48390699992887676
0.7142999998759478
0.4642799999564886
0.3574520000256598
0.5328000001609325
0.45447500003501773
0.5059229999314994
0.5865740000735968
0.5307920000050217
0.6193200000561774
0.5346739999949932
12.115616000024602
0.5328890001401305
0.47569700004532933
0.5707920000422746
0.6514590000733733
0.46316000004298985
0.47862299997359514
0.6269700000993907
0.5506899999454618
0.44876600010320544
0.5716999999713153
0.4271609999705106
0.5128300001379102
0.34014500002376735
0.5183929998893291
0.41936199995689094
0.3772700000554323
0.452248000074178
0.4215390000026673
2.7796869999729097
0.41468499996699393
1.0582870000507683
0.3559250000398606
0.3907839998137206
0.3965199999511242
0.3467419999651611
0.4207689999602735
0.5173130000475794
0.43197300005704165
0.45844299998134375
0.4170739999972284
0.4318469997961074
0.6013219999149442
0.49949299986474216
0.4750419999472797
0.4116960000246763
1.4123700000345707
0.5089030000381172
0.40429600002244115
0.4302870000246912
0.3865509999450296
0.39130300004035234
0.4533569999039173
0.4832440000027418
0.4697960000485182
2.5380999997723848
0.3519609998911619
0.385638999985531
0.41475900006480515
0.467786000110209
0.3861809999216348
0.39538499992340803
0.4486850001849234
0.42963999998755753
0.4167609999421984
0.3899269998073578
0.4377109999768436
0.5186500002164394
0.4530980000272393
0.41146200010553
0.6384369998704642
0.7086579999886453
0.47275499999523163
0.560958000132814
0.4623620000202209
0.43949200003407896
0.41127300006337464
0.5183410001918674
0.4486779998987913
0.41259799990803003
0.6325729999225587
0.47671300009824336
0.4812669998500496
0.4783389999065548
0.49268299993127584
0.44935399992391467
0.49887900007888675
0.4157340000383556
0.5178549999836832
0.5591799998655915
0.4531000000424683
0.45543100009672344
0.4968089999165386
0.490021999925375
0.5664889998733997
0.5338669999036938
0.4792619999498129
0.5082770001608878
0.6420060000382364
0.4606220000423491
0.468210999853909
0.48906000005081296
0.49379399977624416
0.5302009999286383
0.4890420001465827
0.4301020000129938
0.4745600000023842
0.43803200009278953
0.4922919999808073
0.5354450000450015
0.49743700004182756
0.41214100015349686
0.35395599994808435
0.4019049999769777
0.33671800000593066
0.46341000008396804
0.33957700012251735
0.3407970000989735
0.33751300000585616
0.4175730000715703
0.4459389999974519
0.41018799995072186
0.33943399996496737
0.33349199988879263
0.35004599997773767
0.42775200004689395
0.46224000002257526
0.3893709999974817
1.0139510000590235
0.3251419998705387
0.417422000085935
0.34877000004053116
0.40889799990691245
0.4938330000732094
0.39194600004702806
0.6079859999008477
0.48100399994291365
1.1559030001517385
0.4049380000215024
0.4986029998399317
0.46216599992476404
0.49438500008545816
0.4278080000076443
0.4288920001126826
0.4656140001025051
0.5119000000413507
0.46737700002267957
0.4671859999652952
0.4710119999945164
8.233493000036106
0.49008799996227026
0.4635870000347495
0.4343959998805076
0.5302230000961572
0.4727709998842329
0.45600100001320243
0.5478059998713434
1.4933189998846501
0.5493120001628995
0.5605359999462962
0.5057469999883324
0.48731300001963973
0.5027250000275671
0.5130489999428391
0.6102740000933409
0.5032190000638366
0.48160300008021295
0.5016060001216829
0.4177550000604242
0.5102649999316782
0.46909200004301965
0.550503000151366
0.4529659999534488
0.4473960001487285
0.4452559999190271
0.4263090000022203
0.4104909999296069
0.6365500001702458
0.3885550000704825
0.5279880000744015
0.4457719998899847
0.4846380001399666
0.39786900021135807
0.4100719999987632
0.42465900001116097
0.4865350001491606
0.4030339999590069
0.39917799993418157
0.6789300001692027
0.41123500000685453
0.39296299987472594
0.3891380000859499
0.4109300000127405
0.4265430001541972
0.4114380001556128
0.4301660000346601
0.3817610000260174
0.39263899996876717
0.36084400000981987
0.3974119999911636
0.40208399994298816
0.41998100001364946
0.3096209999639541
0.37581600015982985
0.3894220001529902
0.3483800000976771
0.40091200009919703
0.43851200002245605
0.36109400005079806
0.4111120000015944
0.3510569999925792
0.4585260001476854
0.4178920001722872
0.43183399992994964
0.36152299982495606
0.5228279998991638
0.46574600017629564
0.4442509999498725
0.703616000013426
0.49446300021372736
0.5350060001946986
0.42842100001871586
0.5217959999572486
0.5127109999302775
0.44789599999785423
0.5127759999595582
0.488488000119105
0.45401799981482327
0.4505559999961406
0.471301999874413
0.4370289999060333
0.38271800009533763
0.48992699990049005
0.43847099994309247
0.4711199998855591
0.483583000022918
0.5035419999621809
0.47005100012756884
0.526884000049904
0.4504210001323372
12.5131630001124
0.5298069999553263
0.4651910001412034
0.5306700000073761
0.534423999954015
0.45406199991703033
0.5124540000688285
0.4738280000165105
0.49158200016245246
0.4840609999373555
0.56369400001131
0.5127999999094754
0.4560899999924004
0.4893509999383241
0.42480899998918176
0.4992889999412
0.46410500002093613
0.5011120000854135
0.4018669999204576
0.46568100014701486
0.4662840000819415
0.4311820000875741
0.5059169998858124
0.48590800003148615
0.4401819999329746
0.3720130000729114
0.44895300013013184
0.33613299997523427
0.5149230000097305
0.4581219998653978
0.39769600005820394
0.4719680000562221
0.4960480001755059
0.40664199995808303
0.5067100001033396
0.47700299997814
0.6361620000097901
0.4940630001947284
0.4591590000782162
0.47625099983997643
0.4464560002088547
0.5539090000092983
1.679505999898538
0.43579400004819036
0.4522080000024289
0.4744349999818951
0.47001000004820526
0.5308819999918342
0.4718679999932647
0.4725979999639094
0.49373700004071
0.42926099989563227
0.5688349998090416
0.48008599993772805
0.5468129999935627
0.49207699997350574
0.5572220000904053
0.5273019999731332
0.461549999890849
0.5004030000418425
0.5059189999010414
0.7342459999490529
0.5033149998635054
0.4768009998369962
0.5693399999290705
0.46529600000940263
0.5362240001559258
0.5609809998422861
0.4671589999925345
0.4538990000728518
0.6281020001042634
0.4781870001461357
0.5243810000829399
0.4201429998502135
0.4317300000693649
0.5065650001633912
0.5987500001210719
1.804505999898538
0.6030669999308884
0.4931270000524819
0.490955000044778
0.49322799989022315
0.5207239999435842
0.4491950001101941
0.49955799989402294
0.43275399995036423
0.4591239998117089
0.4821289998944849
0.4196019999217242
0.5302190000656992
0.4383950000628829
0.5635579999070615
0.48977100010961294
0.487464000005275
0.5746559998951852
0.44314300012774765
0.6178409999702126
0.4692939999513328
0.597374000120908
0.5193199999630451
0.479211000027135
0.4455820000730455
0.5033599999733269
0.4011339999269694
0.48393499990925193
0.5783980002161115
0.47356300009414554
0.45683899987488985
0.4551599998958409
0.4858869998715818
0.4678070000372827
0.43980100005865097
0.4732279998715967
0.4696970002260059
0.44229499995708466
0.4740730000194162
0.37538899993523955
0.45180399995297194
0.5211519999429584
0.4150829999707639
0.3874630001373589
0.37984900013543665
0.43349800002761185
1.6042309999465942
0.47020299988798797
0.4668139999266714
0.5109950001351535
0.4305319997947663
