21.13880699989386
1.7175859999842942
1.7353759999386966
1.148079999955371
1.2962869999464601
1.3500339998863637
1.210315000033006
1.2665289998985827
1.1277710001450032
1.129181999946013
1.4691490000113845
1.1823160001076758
1.1612100000493228
0.8202750000637025
1.7425069999881089
1.0434050001204014
1.104166999924928
1.2977360000368208
1.2614070000126958
1.2125349999405444
1.1447959998622537
1.3004760001786053
0.8662350000813603
1.440914000151679
0.9401579999830574
1.0946899999398738
1.1824590000323951
1.2066840000916272
1.368815999943763
1.0919999999459833
1.1781009999103844
1.0822350000962615
1.464380000019446
1.1304769997950643
2.5970199999865144
0.8566660000942647
1.107691999990493
0.9649829999543726
2.3139759998302907
1.1342560001648962
1.1125660000834614
0.9254630000796169
1.0205289998557419
2.1399109999183565
1.0341100001242012
1.0828710000496358
0.841190000064671
1.0171089998912066
0.9263470000587404
1.0280610001645982
1.1190329999662936
1.1495169999543577
0.8725979998707771
1.0605029999278486
1.0242700001690537
1.042989999987185
1.0415820002090186
1.0341010000556707
1.18952800007537
0.7059450000524521
1.0535489998292178
1.0054899998940527
0.9827360000927001
1.1688019998837262
0.9633489998523146
1.1582429998088628
1.030977000016719
0.831832000054419
0.6720189999323338
1.0840469999238849
12.10128300008364
0.8987789999227971
0.9573350001592189
0.7584940001834184
1.023183000041172
1.0000189999118447
0.9495749999769032
0.9147590000648052
1.0562889999710023
0.8982470000628382
0.9519540001638234
0.957018000073731
1.0443949999753386
1.1214489999692887
0.9350749999284744
0.9447240000590682
1.9865010001230985
1.0372639999259263
0.9026580001227558
1.436005000025034
1.0636460001114756
2.2045789998956025
1.0768310001585633
1.1973279998637736
1.1136219999752939
1.0294049999210984
1.14998700004071
0.9829740000423044
0.9892560001462698
0.8645719999913126
0.9511589999310672
0.979251999873668
1.0910479999147356
1.0407569999806583
0.9237180000636727
0.9736430000048131
1.459614000050351
0.9193609999492764
0.9597579999826849
1.7964570000767708
0.9098699998576194
0.9312940000090748
0.9912449999246746
0.9150280000176281
0.8814050001092255
0.656480000121519
1.0593510000035167
0.7809379999525845
0.9255269998684525
0.8257550001144409
0.6249520001001656
0.7902359999716282
0.9762770000379533
0.796557999914512
0.8690589999314398
0.8418890000320971
1.0321789998561144
0.923380000051111
0.9669300001114607
1.1849720000755042
9.488139000022784
1.3207700001075864
1.0547370000276715
1.057340000057593
0.6595099999103695
0.8125710000749677
1.0374069998506457
0.9444529998581856
0.964957999996841
1.0182689998764545
0.9558250000700355
0.8789580001030117
0.9980009999126196
0.6805610000155866
0.7187990001402795
0.8189640000928193
0.8764880001544952
0.7896920000202954
0.9377399999648333
1.0447670000139624
0.8492419999092817
0.8685679999180138
0.8964829999022186
0.6817710001487285
0.8933389999438077
0.8482059999369085
0.7535989999305457
0.8605420000385493
0.9366990001872182
1.002428999869153
0.7444510001223534
1.9035720000974834
0.9510490000247955
1.1950640000868589
0.9470950001850724
0.909825999988243
0.9640440000221133
1.0018939999863505
0.9634390000719577
0.9233570001088083
1.3002949999645352
0.9562329999171197
0.8225620000157505
1.1706699999049306
0.9740820000879467
0.9566229998599738
0.9359619999304414
0.971758000086993
0.8592449999414384
0.8844859998207539
0.9490489999298006
0.8628080000635237
0.9393819998949766
0.9456880001816899
0.8821379998698831
0.8561099998187274
1.0203279999550432
1.1336459999438375
1.0167529999744147
1.1237419999670237
0.9161020000465214
1.0352570000104606
0.9144059999380261
1.1055429999250919
0.9287849999964237
0.9703839998692274
0.8772199999075383
0.9760869999881834
0.9511609999462962
0.7837459999136627
0.9601640000473708
0.8528149998746812
0.9769790000282228
0.7313919998705387
1.011129999998957
0.8560810000635684
0.8759790000040084
0.9238340000156313
0.7359450000803918
0.8835110000800341
0.9372670000884682
0.904268000042066
0.9941149998921901
1.1279680000152439
0.8038999999407679
0.7117989999242127
7.609522999962792
0.7654780000448227
0.8294379999861121
0.8667119999881834
0.6731380000710487
0.950518999947235
1.113082000054419
1.0719800000078976
0.9130760000552982
0.8380840001627803
0.9155510000418872
1.1033750001806766
1.0243639999534935
0.7806029999628663
0.8531710000243038
0.9354809999931604
0.8061720000114292
0.9638819999527186
1.0916120000183582
1.0091689999680966
1.1453159998636693
0.9729499998502433
0.9554989999160171
0.8451930000446737
10.350251999916509
0.8836650000885129
0.9605770001653582
1.0420080001931638
0.7440929999575019
0.8987789999227971
0.8466890000272542
2.506345000118017
0.7963610000442713
0.8955949998926371
0.7201950000599027
0.7977829999290407
0.9432699999306351
0.9617659999057651
0.9995399999897927
1.4958919999189675
0.9802979999221861
1.0080479998141527
0.9296359999570996
0.8921729999128729
0.8155379998497665
1.0331230000592768
0.9309880000073463
0.857641999842599
0.9679860000032932
0.9023479998577386
0.9680610001087189
0.8890549999196082
0.89864999987185
1.0906790001317859
0.9257010000292212
0.970695000141859
1.0815340001136065
0.9137850000988692
0.9167080000042915
0.8985470000188798
0.9730130000971258
0.9333470000419766
1.0772919999435544
1.0409760000184178
0.7522849999368191
0.750311000039801
0.8783729998394847
9.251077000051737
0.9683169999625534
0.6350879999808967
0.8163089998997748
0.8217390000354499
0.8574869998265058
0.8715220000594854
1.0348190001677722
1.3117240001447499
0.7511499999091029
0.7866019997745752
1.0359839999582618
0.8531029999721795
0.861845999956131
0.8959530000574887
0.8908170000649989
0.6123659999575466
0.6605859999544919
0.9315320001915097
0.7820309998933226
0.8365410000551492
0.6513600000180304
0.8745570001192391
0.8305259998887777
0.9231080000754446
0.6865900000557303
1.0898339999839664
0.8908319999463856
0.6702229999937117
3.9543850000482053
0.7383099999278784
1.0021669999696314
0.8447970000561327
0.9088970001321286
0.8561650000046939
0.901968999998644
0.9787019998766482
0.8395710000768304
0.8101729999762028
0.8730760000180453
1.0106959999538958
0.9185170000419021
4.219622999895364
0.8264929999131709
0.9160780000966042
1.074280000058934
0.9208060000091791
0.7820099999662489
0.9567809998989105
0.9251340001355857
0.9835500000044703
0.8694260001648217
0.8452260000631213
0.9742109999060631
0.9819589999970049
1.4078079999890178
0.9046269999817014
0.9029759999830276
1.0130669998470694
0.948934999993071
1.001438999781385
1.0302649999503046
0.9903220001142472
1.0492659998126328
0.9068350000306964
1.76906399987638
0.9630720000714064
0.9627819999586791
0.9987429999746382
0.9532479997724295
1.084614000050351
0.9403770000208169
1.017422999953851
1.0566849999595433
1.049172000028193
1.011557999998331
1.233449999941513
1.0514949997887015
1.3438189998269081
1.0608510000165552
1.128398000029847
1.1076549999415874
1.0426379998680204
0.8487650000024587
1.0116700001526624
1.0159169998951256
1.0155429998412728
1.0136299999430776
0.8835330000147223
1.020132000092417
1.5643329999875277
1.0043500000610948
0.9126720000058413
0.8499110001139343
0.9143889998085797
1.097944000037387
1.0504420001525432
1.0108139999210835
0.9396549998782575
1.0302779998164624
1.0676959999836981
0.8901800001040101
0.971612999914214
0.929069000063464
0.9668800001963973
0.9603640001732856
1.250381999881938
0.9418680001981556
0.9343149999622256
0.929863000055775
0.9983240000437945
0.7616110001690686
0.8852939999196678
0.8597349999472499
0.9837150000967085
0.9461860000155866
0.9121919998433441
0.6885810000821948
1.018093999940902
0.758254999993369
1.0496519999578595
0.9640530000906438
0.8575929999351501
0.8758549999911338
0.8034989999141544
1.6777470000088215
1.2237309999763966
0.923953999998048
0.9388879998587072
1.7157719999086112
8.51063199993223
0.8488740001339465
0.6182780000381172
0.8867120000068098
0.996510999975726
4.214665000094101
0.7446449999697506
0.8097709999419749
0.8075310001149774
0.952415999956429
0.968887000111863
0.9144320001360029
0.9047609998378903
1.0007259999401867
0.9215750000439584
0.8213070000056177
0.8814419999253005
0.8838059999980032
0.8647090001031756
0.8709249999374151
1.12998399999924
0.9406579998321831
1.0440289999824017
0.8711890000849962
1.046961999963969
0.8668720000423491
0.8392999998759478
0.9572630000766367
0.9350169999524951
0.7850510000716895
0.8994350000284612
0.9392860000953078
0.8283849998842925
0.9205739998724312
0.9737450000829995
0.9416600000113249
0.8683569999411702
1.0993729999754578
0.8526979999151081
0.9195099999196827
0.9026009999215603
0.9169409999158233
0.9216670000459999
0.9527579999994487
0.8594710000324994
0.6404359999578446
0.8800580000970513
0.9660229999572039
0.9371619999874383
1.055616999976337
0.9617549998220056
0.6699910000897944
0.6549080000258982
1.1709640000481158
0.9221760001964867
0.6623299999628216
0.9115789998322725
0.8442629999481142
0.8205490000545979
0.8024270001333207
0.9158499999903142
0.7279850000049919
0.8486349999438971
0.7244289999362081
0.7184069999493659
0.777712999843061
0.6144860000349581
0.8400630000978708
0.8600830000359565
0.7457610000856221
0.6462729999329895
0.8696409999392927
0.9183539999648929
0.7079900000244379
0.9861500000115484
0.8209280001465231
0.821157000027597
1.001981999957934
0.7499060002155602
0.857843000208959
0.729128000093624
0.5876299999654293
0.8025479998905212
0.6904949999880046
0.7363929999992251
0.6971269999630749
5.515922999940813
0.8631739998236299
0.6458489999640733
0.9330870001576841
0.6623350000008941
0.6792290001176298
0.8311509999912232
1.1194150000810623
0.8378520000260323
1.0272290001157671
1.0359959998168051
0.9365819999948144
0.8101630001328886
0.9316500001586974
0.8552380001638085
0.9601239999756217
1.0019979998469353
1.0337000000290573
0.9362810000311583
0.9625910001341254
0.8412240000907332
0.9769269998650998
1.0223179999738932
0.9737929999828339
1.229245999827981
0.9682760001160204
0.8944950001314282
0.8091589999385178
0.8944769999943674
0.9299289998598397
0.9266810000408441
0.8593889998737723
0.8495640000328422
0.9187580000143498
0.780591000104323
0.84582499996759
0.8184449998661876
0.6535389998462051
0.9811340000014752
0.8776110000908375
0.8872960000298917
0.8592749999370426
0.6554139999207109
0.6389969999436289
0.6566739999689162
0.8818159999791533
0.785537000047043
0.7736959999892861
0.8493429999798536
0.9118070001713932
0.8710849999915808
0.8927219999022782
0.6933359999675304
0.8337600000668317
0.8245729999616742
0.832543000113219
0.9593499999027699
0.8056750001851469
0.986001999815926
0.840483000036329
0.8464949999470264
0.7772610001266003
0.8292060000821948
1.4018520000390708
0.7614990000147372
0.8796949998941272
0.8034270000644028
0.7222970000002533
0.7567029998172075
0.9969179998151958
0.8764790000859648
0.8868640000000596
1.0916780000552535
0.9535709999036044
0.8870089999400079
0.9048850000835955
0.7463360000401735
0.9369409999344498
0.7680340001825243
1.0149999998975545
0.8457690000068396
0.8254810001235455
0.8346369999926537
0.7113890000618994
0.8102319999597967
1.0285559999756515
0.9905960001051426
0.958056999836117
0.9000840000808239
3.106076000025496
1.051733999978751
0.8869330000597984
0.9350860000122339
1.059847999829799
0.9818390000145882
0.8929340001195669
1.5776609999593347
0.9356530001387
0.8950320000294596
0.8671220000833273
0.9632840000558645
0.8077239999547601
0.9976749999914318
0.8812559999059886
1.338325000135228
0.9406659998930991
1.1578879998996854
0.9137750000227243
0.8794019999913871
0.9158179999794811
0.720202999887988
0.826704999897629
0.9620680001098663
1.1562080001458526
0.8998979998286813
0.902193000074476
0.874727999791503
1.8489900000859052
0.9133209998253733
0.8805030002258718
0.9873709999956191
0.9205329997930676
0.9305249999742955
0.9218070001807064
0.9034390000160784
0.8070839999709278
0.7941199999768287
0.9191409999039024
0.8611590000800788
1.2486839999910444
1.0601329999044538
0.9034070000052452
0.6863359999842942
0.9437840001191944
0.8787000000011176
0.7852479999419302
0.9923200001940131
1.0877849999815226
0.8772940000053495
0.8914860000368208
0.6788569998461753
0.9870550001505762
0.7490070001222193
0.8655339998658746
0.9193029999732971
0.8436379998456687
0.7805009998846799
0.6601189998909831
0.8637290000915527
0.7577819998841733
0.6332779999356717
0.855794999981299
0.7889280000235885
0.9269199999980628
0.8718999999109656
0.9177190000191331
0.6169879999943078
0.8539479998871684
0.8716720000375062
0.9796060000080615
0.8361550001427531
0.8767489998135716
0.8040749998763204
1.5526240000035614
0.979786999989301
0.7890919998753816
0.9002839999739081
0.8833800000138581
0.8413880001753569
0.6695630000904202
0.8307629998307675
0.9731560000218451
1.0398379999678582
0.6808190001174808
0.6123120000120252
0.8043619999662042
0.8674200000241399
0.8445970001630485
0.9691269998438656
0.7314060002099723
0.8529310000594705
0.8832769999280572
0.8695880000013858
0.8985590001102537
0.9340330001432449
0.9618420000188053
1.279080000007525
0.7988459998741746
0.6884480000007898
0.9138619999866933
0.8849879999179393
1.0118580001872033
0.9073119999375194
1.0023169999476522
1.0717370000202209
1.0225349999964237
0.8718489999882877
0.9228580000344664
14.062691000057384
1.161399999866262
0.9167509998660535
0.9302570000290871
0.7351110000163317
0.8429030000697821
0.8386350001674145
0.9980610001366585
0.8904039999470115
0.7900720001198351
1.1246510001365095
1.014342000009492
1.0132959999609739
1.047084999969229
0.7864890000782907
0.8618360001128167
0.777286000084132
0.9833780000917614
0.9313010000623763
0.9275469998829067
0.9101899999659508
0.9906590001191944
0.9103380001615733
0.8593419999815524
0.8103340000379831
0.5571129999589175
0.9000320001505315
0.8067860000301152
0.8725890000350773
0.6975360000506043
3.8171330001205206
1.0904139999765903
3.6459759999997914
1.0370589999947697
1.3185759999323636
1.0928860001731664
1.2326729998458177
1.145888000028208
1.0206989999860525
1.1749819999095052
1.5530600000638515
0.8966540000401437
1.0818580000195652
1.1558100001420826
1.0370399998500943
1.020702000008896
1.000751000130549
1.228542999830097
1.0145849999971688
3.432267000200227
1.1005390000063926
1.1725659999065101
1.034658000105992
1.104693999979645
1.0664019999094307
1.0534589998424053
1.0577040000353009
1.0488009999971837
0.9332090001553297
1.0271650000941008
1.1611299999058247
1.0518830001819879
1.215620000148192
1.174754000036046
1.274184999987483
1.035052000079304
1.0191629999317229
1.039492999901995
1.1174350001383573
3.3423630001489073
1.1157140000723302
1.1657190001569688
1.1343689998611808
1.2865559998899698
0.9382309999782592
1.2010840000584722
1.1051819999702275
1.0535410000011325
1.0196129998657852
1.254183999961242
1.163044000044465
1.1469690001104027
1.2436069999821484
1.2506480000447482
0.9390390000771731
1.1302390000782907
1.3017329999711365
1.1172750000841916
1.1230370001867414
1.2659609999973327
1.0547069997992367
1.940762999933213
1.0813210001215339
1.114460000069812
1.0562160001136363
2.1871919999830425
1.0070519999135286
0.9233170000370592
0.9778079998213798
1.0403260001912713
19.672881999984384
1.0237530001904815
1.0029800001066178
1.0252759999129921
0.9761950001120567
1.5160289998166263
1.0096870001871139
0.8599609998054802
1.1148810000158846
0.9596410000231117
4.217241000151262
0.8866620000917464
1.1040240000002086
0.8053729999810457
1.5454600001685321
1.074845999944955
0.8699590000323951
1.1320790001191199
1.1004439999815077
0.9423730000853539
1.1585600001271814
1.322605000110343
1.0652649998664856
0.7992259999737144
0.9482829999178648
1.0520489998161793
0.8714630000758916
0.9759629999753088
0.9370289999060333
0.9239860000088811
1.0045910000335425
1.1669359998777509
0.8261580001562834
1.1779889999888837
0.8903909998480231
1.2382809999398887
1.1166440001688898
1.1266650001052767
0.8011380000971258
0.7199059999547899
0.9122629999183118
0.9588880001101643
0.9757809999864548
0.9552680000197142
0.9267909999471158
0.8100989998783916
1.057158000068739
2.5897939999122173
0.8323309998959303
1.2944339998066425
1.038577999919653
1.0145489999558777
0.9672109999228269
1.0324370001908392
0.9463980000000447
1.053853000048548
0.981813000049442
1.042505000019446
0.8734410000033677
0.9504329999908805
11.4930549999699
0.894598999992013
0.9976550000719726
0.7900430001318455
1.0088339999783784
0.9785759998485446
1.2500330000184476
1.0372810000553727
0.9988130000419915
0.9955139998346567
1.037341000046581
1.0309829998295754
0.8510519999545068
0.8712290001567453
0.983045999892056
1.043089000042528
0.920371999964118
1.0825849999673665
0.915301000000909
0.964157999958843
0.9428069998975843
1.1479769998695701
0.8897359999828041
0.8714920000638813
0.8229150001425296
0.8609400000423193
0.9101729998365045
0.9884649999439716
0.9403329999186099
1.1924700001254678
1.0207919999957085
1.0035680001601577
0.8874320001341403
1.0223619998432696
0.6412820001132786
0.9251929998863488
1.9485160000622272
0.9562150000128895
0.9805110001470894
0.850008999928832
0.7373509998433292
0.8178969998843968
0.9561090001370758
0.9492709999904037
0.8572429998312145
0.9157120001036674
0.8244380000978708
0.8860530001111329
0.6692369999364018
0.8802229999564588
0.7504960000514984
0.7919309998396784
0.9433860001154244
0.9585210001096129
0.8216729999985546
0.8759200000204146
0.950429999968037
1.0347219998948276
0.707719000056386
0.7206810000352561
0.7677990000229329
0.9164350000210106
0.8349880001042038
0.7716900000814348
0.8100499999709427
0.686701999977231
0.7600050000473857
0.8566980001050979
0.6310529999900609
0.9203910001087934
0.8456060001626611
1.0292110000737011
0.7824679999612272
0.6872990000993013
0.7528530000708997
0.946686000097543
1.0310090000275522
0.9369520000182092
0.7995959999971092
0.9443530000280589
0.8754569999873638
2.5457200000528246
1.2659899999853224
3.1694499999284744
1.0816689999774098
1.606122000142932
1.0366269999649376
2.6432539999950677
1.3526749999728054
9.28830899996683
1.1769449999555945
1.2324980001430959
1.752424999838695
1.1035289999563247
1.2558929999358952
1.04306499985978
1.2230640000198036
1.1664509999100119
1.0380850001238286
1.212569999974221
1.8732040000613779
1.3861950000282377
1.341351999901235
1.0804979999084026
1.3814230000134557
1.1583920000120997
1.1793289999477565
1.0763439999427646
1.1511939999181777
1.2140929999295622
1.1731859999708831
3.8985170000232756
1.151645999867469
1.3943479999434203
1.1419699999969453
1.063469999935478
1.4515070000197738
1.0506009999662638
0.9472340000793338
0.9966539999004453
1.2212669998407364
0.8809929999988526
0.9836780000478029
1.1880629998631775
1.2149720001034439
0.7087809999939054
1.0576800000853837
1.0730190000031143
1.0369290001690388
1.1450549999717623
1.166719000088051
0.7938999999314547
0.8763409999664873
1.1327450000680983
1.197102999780327
1.1610619998537004
1.1555330001283437
1.4617870000656694
1.1272660000249743
8.549399999901652
2.295050000073388
0.9191919998265803
1.0511290000285953
0.9593670000322163
1.2527619998436421
1.0116789999883622
1.0702880001626909
1.142198999878019
1.1711880001239479
1.0448900000192225
1.4964630000758916
7.7414309999439865
0.9446409998927265
3.73368400009349
1.0273400000296533
1.006362000014633
1.071712999837473
1.9214339999016374
1.0017039999365807
1.0102379999589175
0.9567609999794513
10.86011300003156
1.0288300001993775
0.9752830001525581
0.9350760001689196
4.231529999990016
1.0567090001422912
1.192473999923095
1.148879999993369
1.1115730002056807
1.2709759999997914
1.2128949998877943
1.3306170001160353
1.6093200000468642
1.075019999872893
1.239233999978751
1.1225819999817759
1.1563979999627918
1.160219999961555
0.9564489999320358
1.7799360000062734
0.9336579998489469
1.0253169999923557
1.167890999931842
1.0548709998838603
1.156946999952197
1.311219000024721
1.2923850000370294
1.1087619999889284
1.1486869999207556
1.2044569998979568
0.814148000208661
0.980180999962613
0.8186640001367778
0.8705980000086129
0.8524529999122024
0.7597229999955744
1.1448319999035448
1.0950609999708831
0.8459919998422265
0.8572560001630336
0.7586230000015348
0.928851000033319
0.8971759998239577
1.0245459999423474
0.7169029999058694
0.9572620000690222
1.1522850000765175
0.7952779999468476
0.7540380000136793
0.824409999884665
10.712277999846265
0.8387930002063513
0.969552000053227
0.7513809998054057
0.7624979999382049
0.753747999900952
0.8615370001643896
0.7131989998742938
0.9368050000630319
1.056838999968022
0.760643000015989
0.9064200001303107
0.9616069998592138
0.878971999976784
0.9737179998774081
0.8434249998535961
6.412860000040382
0.653326999861747
0.9766420000232756
0.8002150000538677
0.8102499998640269
0.7483870000578463
0.6306239999830723
0.8015529999975115
0.7124149999581277
0.8473640000447631
0.9186060000211
1.0307330000214279
0.8121609999798238
0.9748449998442084
1.005596000002697
0.9766750000417233
0.7056929999962449
0.8643060000613332
0.9848040000069886
0.6963009999599308
0.9536310001276433
0.8905980000272393
0.9904990000650287
0.7416650000959635
0.71231700014323
0.9328979998826981
0.87363600009121
0.8300350001081824
0.9012060000095516
0.8673980000894517
0.9731529999990016
1.1196750001981854
0.9481720000039786
0.9172510001808405
0.9441859999205917
0.9340969999320805
1.0817500001285225
0.9589410000480711
0.9714850001037121
1.013101999880746
0.9445909999776632
1.1066139999311417
0.9428330000955611
0.9211849998682737
1.0662279999814928
0.9446610000450164
0.8787599999923259
1.0904259998351336
0.9454959998838603
0.9287749999202788
0.9333349999506027
0.8827830001246184
0.9284250000491738
0.9300430000294
0.9028880000114441
0.9846139999572188
0.8719339999370277
1.1628010000567883
0.9639550000429153
0.8580669998191297
0.8263830000068992
0.9370290001388639
0.8493129999842495
0.7995510001201183
13.575837000040337
0.8822609998751432
0.9484219998121262
0.8704739999957383
0.9832799998112023
1.4892489998601377
0.8651300000492483
0.8702770001254976
0.9508150001056492
0.8039039999712259
0.9956659998279065
1.1586449998430908
0.983104000100866
0.769510000012815
0.8801740000490099
0.8661180001217872
0.9551270001102239
0.9314250000752509
0.8515310001093894
0.9094919997733086
0.8680110001005232
0.9422950001899153
1.0342590000946075
1.1102410000748932
0.9524880000390112
1.0072530000470579
0.8672660000156611
0.7385289999656379
0.9839540000539273
1.673693000106141
0.9428169999737293
0.7354639999102801
1.1196459999773651
0.8875049999915063
0.9647059999406338
1.0007870001718402
1.1062389998696744
0.8791630000341684
0.9144749999977648
0.864219999872148
0.8891320000402629
0.8268650001846254
0.8974170000292361
0.9788730000145733
0.9942600000649691
0.9557709998916835
0.7430120001081377
0.8963269998785108
0.9295729999430478
1.0374519999604672
0.9147570000495762
0.9358419999480247
1.0372349999379367
0.8694130000658333
0.9039280000142753
1.108883999986574
0.9517190000042319
1.0353400001768023
0.9711720000486821
0.7453819999936968
1.0042130001820624
1.06859300006181
0.9719750001095235
1.4114009998738766
0.8135600001551211
0.8509599999524653
1.2821059999987483
0.8685139999724925
0.8398939999751747
0.8947919998317957
0.987231999868527
2.084248000057414
2.3058279999531806
0.7528619999065995
0.9516580000054091
0.8490869998931885
1.0402720000129193
0.9239839999936521
1.0321160000748932
0.8890869999304414
0.954852000111714
0.948763000080362
0.945884000044316
0.969067000085488
0.9979879998136312
0.8480189999099821
0.8221080000512302
0.9150660000741482
0.8917650000657886
1.002390000037849
0.9326809998601675
1.0152200001757592
0.9371419998351485
0.9882439998909831
0.9748190001118928
0.8365309999790043
0.9386269999668002
0.9320980000775307
0.9234200001228601
0.8726429999805987
1.1593159998301417
2.2468390001449734
1.0150160000193864
0.9712799999397248
1.113167000003159
0.8378089999314398
1.058352000080049
0.8187420000322163
0.666006000014022
0.896152000175789
0.9606349999085069
0.8876290000043809
0.7028550000395626
0.8028839998878539
0.6287879999727011
0.9114080001600087
0.9581689999904484
0.753493000054732
1.0779099999926984
0.9981509998906404
0.7940079998224974
0.8969580000266433
0.7048620001878589
0.9395230000372976
0.9928780000191182
0.7212009998038411
0.9375660000368953
0.8519009998999536
0.8214959998149425
0.8653100000228733
1.0090979998931289
1.1826929999515414
1.0736269999761134
1.050529999891296
1.179746000096202
0.8529179999604821
0.9314240000676364
0.9463279999326915
0.8756140000186861
0.9638150001410395
0.8938939999789
1.0583399999886751
0.8995270000305027
0.9356720000505447
0.8782770000398159
17.186143999919295
0.8699300000444055
0.9399470000062138
1.1424080000724643
0.9037699999753386
0.8933540000580251
0.880832000169903
1.0845530000515282
1.084205999970436
1.1159960001241416
0.9157380000688136
0.8913519999478012
0.9866830001119524
0.9948180001229048
0.8465020000003278
0.892081999918446
0.6342050000093877
0.6510669998824596
0.9330449998378754
0.8372849998995662
0.9548329999670386
0.9315209998749197
0.788228000048548
0.7922060000710189
1.0327200000174344
0.8506670000497252
0.9050859999842942
0.845729999942705
0.839297000085935
0.8397629999089986
0.7436259998939931
1.019287999952212
0.9453709998633713
0.7654089999850839
0.7618849999271333
0.8987330000381917
1.1367360001895577
0.9100389999803156
0.9856680000666529
0.879687000066042
0.8825710001401603
0.9609020000789315
0.8659429999534041
0.9121220000088215
0.8699429999105632
0.9285349999554455
0.8709050000179559
1.0134600000455976
1.0377079998143017
0.8476520001422614
0.8058629999868572
0.9480310000944883
0.7272839997895062
0.6378629999235272
0.9197839999105781
0.9801449999213219
0.8753619999624789
0.8791280000004917
0.8120260001160204
0.6602599998004735
0.6809719998855144
0.6731720000971109
0.9389329999685287
0.8349520000629127
0.9624160001985729
0.7984380000270903
0.8766540000215173
0.8217680000234395
0.981718999799341
1.0432049999944866
0.697332999901846
0.9537579999305308
0.8535410000476986
0.9029679999221116
1.0866750001441687
0.8860770000610501
0.7192420000210404
0.9903959999792278
0.8477719998918474
0.9231140001211315
0.8435349999926984
0.9128659998532385
15.727832000004128
1.4644390000030398
0.9767360000405461
0.8997659999877214
0.8678669999353588
1.6479330000001937
1.0106519998516887
0.8017540001310408
1.1921660001389682
0.9115039999596775
1.0572540001012385
0.9781579999253154
0.8980699998792261
0.8780590000096709
0.9042350000236183
5.3575639999471605
0.7270130000542849
0.9869600001256913
1.5025200000964105
0.8484720000997186
0.8872569999657571
0.7789970000740141
0.8914640001021326
1.1185059999115765
0.8884040000848472
0.8916050000116229
2.040199000155553
1.0665299999527633
0.9323539999313653
0.8153590001165867
0.8658209999557585
0.7317859998438507
0.892524000024423
0.7770400000736117
0.7188979999627918
0.6899559998419136
0.6321789999492466
0.790385999949649
0.8684170001652092
0.8065909999422729
0.8706700000911951
0.9123050000052899
0.8404169999994338
0.6533979999367148
0.872135000070557
0.8524150000885129
0.8921139999292791
0.7421520000789315
0.8432980000507087
5.466258999891579
2.132990000071004
0.8686710000038147
0.8074460001662374
0.6549339999910444
0.7897089999169111
0.8028880001511425
1.069861999945715
0.8658940000459552
0.736417000181973
0.9801870000083
0.8795409998856485
0.9332860000431538
0.6450850002001971
1.319348999997601
0.8782059999648482
0.8657949999906123
0.8710539999883622
0.8758409998845309
0.5691189998760819
0.8287499998696148
0.6735610000323504
0.8399600000120699
0.8399290000088513
0.7224920000880957
0.9267349999863654
0.6230069999583066
0.9671819999348372
0.8072289999108762
0.7883860000874847
0.9117970000952482
2.4067889999132603
0.7573109997902066
1.0107390000484884
0.8096169999334961
0.8612290001474321
0.9809179999865592
1.0292460001073778
0.8110950000118464
1.916054000146687
0.9716519999783486
1.0290120001882315
1.2450939998961985
0.9403939999174327
1.0673420000821352
1.1424829999450594
1.135857000015676
1.0008559999987483
1.0362350000068545
0.9028789999429137
6.2409520000219345
0.9676820000167936
0.9718239998910576
0.8975939999800175
1.1699230000376701
0.9192979999352247
0.873901000013575
0.9535679998807609
0.9706160000059754
3.9821959999389946
0.7463829999323934
0.9774750000797212
0.9823539999779314
0.9588879998773336
0.8074150001630187
0.9540810000617057
0.9531809999607503
0.9202860000077635
1.298333000158891
2.532560999970883
0.9135130001232028
1.3153440000023693
0.8669640000443906
1.0822600000537932
0.9529569998849183
0.8464660001918674
1.2724119999911636
0.8380869999527931
0.9911199999041855
0.9009099998511374
0.9139929998200387
0.8518609998282045
0.8450609999708831
0.9369399999268353
0.8085930000524968
0.8180430000647902
0.76041299989447
0.8261819998733699
0.8488720001187176
0.8381720001343638
0.848295999923721
0.8937129999976605
0.806580999866128
0.7853640001267195
0.7889199999626726
0.7392280001658946
0.7594190000090748
0.8423189998138696
0.9291089999023825
0.815675999969244
0.8778419999871403
0.8698919999878854
0.9435850000008941
0.9560920000076294
1.0273579999338835
0.8958919998258352
0.960670999949798
1.0351990000344813
0.9514140000101179
7.514995000092313
0.9132130001671612
0.8895309998188168
1.2429740000516176
0.7178569999523461
0.8599439999088645
0.9672179999761283
0.8717600000090897
1.0025049999821931
0.9570860001258552
1.0612719999626279
0.9520390001125634
0.9479379998520017
0.9237369999755174
0.9237339999526739
1.0335920001380146
0.8987050000578165
0.8545520000625402
0.9050249999854714
0.8865010000299662
1.2442009998485446
0.9779229999985546
0.9916169999632984
0.9091070001013577
0.8645010001491755
0.9805140001699328
0.8655370001215488
0.9633279999252409
0.8884639998432249
0.9633040002081543
1.0171779999509454
0.9262980001512915
0.7179339998401701
0.8432920000050217
0.6238619999494404
0.7264139999169856
0.7614639999810606
0.7291719999630004
0.8516259999014437
0.7558599999174476
0.8427750000264496
0.6721370001323521
0.8921100001316518
0.6741839998867363
0.8355819999706
0.695102000143379
0.6612819998990744
0.8297369999345392
0.983928999863565
0.7094489999581128
0.6779249999672174
0.8517670000437647
0.814492000034079
0.7438010000623763
0.701486999867484
0.8699839999899268
0.71914800000377
0.8945999999996275
0.7660240000113845
1.0673360000364482
2.0480400000233203
0.7016489999368787
0.7760049998760223
0.7844450001139194
0.6342050000093877
0.9543640001211315
0.6039270001929253
0.8121430000755936
0.8669859999790788
0.7531019998714328
0.6660759998485446
0.721760000102222
0.675057000014931
0.6065330000128597
0.5910809999331832
0.7235649998765439
0.8152920000720769
0.7981690000742674
0.7511489999014884
0.7224930000957102
0.8669010000303388
0.7219080000650138
0.7254020001273602
0.860025999834761
0.7899929999839514
0.7770879999734461
1.044802000047639
0.8782810000702739
0.996559000108391
0.9822879999410361
0.8712630001828074
0.8587640000041574
0.8751769999507815
0.7980719998013228
0.8896300001069903
0.866654000012204
0.8931719998363405
1.137137999990955
1.0023469999432564
0.8818249998148531
0.8792189999949187
0.8697870001196861
0.6520650000311434
0.9213149999268353
0.8498629999812692
1.0494010001420975
0.8279760000295937
0.9628720001783222
0.7840460001025349
0.897368999896571
0.8130110001657158
0.7208130001090467
0.6077519999817014
0.8613919999916106
0.8361389997880906
0.7639099999796599
0.7282709998544306
0.7687030001543462
0.7232609998900443
0.6842100000940263
6.595230000093579
0.7643489998299628
0.8074920000508428
0.7083530002273619
0.7313929998781532
0.663787999888882
0.9017900000326335
2.155047999927774
0.8853269999381155
0.824714999878779
0.8691889999900013
0.6997210001572967
0.7113459999673069
0.7281430000439286
0.7884850001428276
0.7319999998435378
0.8812430000398308
0.8831809998955578
0.8799390001222491
0.7772750000003725
0.8384049998130649
0.8535139998421073
0.802693999838084
0.6742709998507053
0.6785630001686513
0.8059229999780655
0.796509999781847
0.7968989999499172
0.832401999970898
0.7968920001294464
0.7241259999573231
0.9223869999404997
0.6860929999966174
0.7593610000330955
0.878355999942869
0.7471469999291003
0.8562179999426007
0.8098289999179542
0.705062999855727
0.7360159999225289
0.8228470000904053
1.3679849999025464
0.7053270000033081
1.016249000094831
0.8151430001016706
0.9753700001165271
0.8544969998765737
0.9138950000051409
0.8308520000427961
0.7614070000126958
3.349891999969259
0.8655230000149459
0.9267189998645335
0.9897410001140088
0.8741780000273138
1.014255000045523
0.7173040001653135
0.8721819999627769
1.0821269999723881
0.8196620000526309
0.962576000019908
0.8078000000678003
0.7907589999958873
0.8991920000407845
0.8203259999863803
0.7892249999567866
0.9560219999402761
0.7821400000248104
0.9624149999581277
0.9893269999884069
0.8858270000200719
0.8540219999849796
0.9540699999779463
0.8318410001229495
0.8749329999554902
0.8001649999059737
0.7497880000155419
0.8296870000194758
0.7248889999464154
1.2449499999638647
0.7144299999345094
0.8334520000498742
0.8778349999338388
0.9513880000449717
0.8723580001387745
1.0091430000029504
0.8946809999179095
0.6727380000520498
0.8830639999359846
0.9252760000526905
0.862916000187397
0.6117000000085682
0.8778339999262244
0.8695360000710934
0.9023489998653531
0.7988209999166429
0.8289080001413822
0.8862659998703748
0.7081549998838454
0.744888000190258
0.7056229999288917
0.6715009999461472
0.7414019999559969
0.7866289999801666
0.9100079999770969
0.8961670000571758
0.9343499999959022
0.7805180000141263
3.6542500001378357
1.1093170000240207
0.8274930000770837
0.8306320002302527
0.6974809998646379
2.2306709999684244
0.7498910001013428
0.8511039998847991
0.6042969999834895
0.6546839999500662
0.6328460001386702
0.8195430000778288
1.0427560000680387
0.777585000032559
0.9647790000308305
0.7060259999707341
0.7962279999628663
0.9399269998539239
0.956787999952212
0.8447710000909865
0.737150999950245
0.6985720000229776
0.8031200000550598
0.7273460000287741
0.7105809999629855
0.839024999877438
0.8397399999666959
0.7534429999068379
1.384040999924764
1.0500490001868457
0.6910319998860359
0.7968509998172522
1.0919600001070648
0.6938360000494868
0.990296000149101
0.867236000020057
0.847230999963358
0.8721110001206398
0.9530510001350194
0.8311079998966306
4.25695600011386
1.0980400000698864
0.7992480001412332
1.0582349998876452
0.9445350000169128
0.848198999883607
0.8405319999437779
0.8895849999971688
2.971544000087306
0.8579780000727624
0.8671559998765588
0.8754960000514984
0.9225619998760521
1.3135249998886138
0.694255999987945
0.7685599999967963
0.7212330000475049
0.8183039999566972
0.8787599999923259
0.7319940000306815
0.7260179999284446
10.957720999838784
0.76394800003618
0.7465289998799562
0.7620059999171644
0.7403510001022369
1.0958660000469536
0.7426940000150353
0.5861569999251515
0.7281770000699908
0.6331730000674725
0.6845999998040497
0.6101910001598299
0.7243590001016855
0.6375500001013279
0.632400999777019
0.8011400001123548
0.7885200001765043
0.7776079999748617
0.5478839999996126
0.7463559999596328
0.7379599998239428
0.8537080001551658
0.721843000035733
0.8756000001449138
0.8453630001749843
1.0206849998794496
0.8822230000514537
0.8378890000749379
0.816300000064075
0.9309829999692738
0.7968020001426339
0.7429899999406189
0.7725659999996424
0.8395950000267476
10.808015000075102
0.7882489999756217
0.8018989998381585
0.7159210001118481
0.7016469999216497
0.6872860000003129
0.6481920001097023
0.6615600001532584
0.7417439999990165
0.8665899999905378
0.7811100000981241
0.8002920001745224
0.697427999926731
0.6747089999262244
0.8812979999929667
0.8131270001176745
0.8404920001048595
0.8396190002094954
2.0745620001107454
0.9689030000008643
0.8341829997953027
0.8170290000271052
0.8018000000156462
0.8682780000381172
0.760380000108853
0.8117940002121031
0.8635190001223236
0.8064480000175536
0.8960139998234808
0.8895640000700951
0.8001949999015778
0.8835129998624325
0.8742070000153035
0.7468969998881221
1.423634999897331
0.8449380001984537
0.9028640000615269
0.7437400000635535
0.8882439997978508
0.8414769999217242
0.7629090000409633
0.757624999852851
0.9133330001495779
0.9140210000332445
0.7938599998597056
0.7709739999845624
0.7791899999137968
0.9499249998480082
0.8169840001501143
0.6961339998524636
0.5685350000858307
0.8080889999400824
0.8011859999969602
0.7584029999561608
0.7413959999103099
0.7243790000211447
0.8831140000838786
0.8820380000397563
0.8588389998767525
0.7776260001119226
0.844184999819845
0.8426039998885244
0.8043830001261085
0.9625909999012947
0.8471639999188483
0.77524199988693
0.7789789999369532
0.7670459998771548
0.7695170000661165
2.307016000151634
0.7483319998718798
0.7805700001772493
0.7551140000578016
0.6685959999449551
0.7079979998525232
0.5792000000365078
0.574858000036329
0.6917419999372214
0.7228920001070946
0.6092530000023544
0.7555950002279133
0.7025470000226051
0.858970999950543
0.5880599999800324
0.8125599999912083
0.7502620001323521
0.7514560001436621
0.5910250002052635
0.7185269999317825
0.7839600001461804
0.6694139998871833
0.6891649998724461
0.7871840000152588
0.6961860000155866
0.6699330001138151
0.873014000011608
0.7385889999568462
0.6244230000302196
0.8050190000794828
0.8918520000297576
0.9013300000224262
0.8562489999458194
0.9293990000151098
0.7444070000201464
0.9430240001529455
1.0079009998589754
0.7288969999644905
0.8118400000967085
10.889272999949753
0.7521229998674244
0.9215319999493659
0.8229070000816137
0.7286179999355227
0.8439019999932498
6.781283000018448
0.7481540001463145
0.6708680000156164
0.9015220000874251
0.8099790001288056
0.7912020001094788
0.8298249999061227
0.7588779998477548
0.7560270000249147
0.7530679998453707
0.8596859998069704
0.8128719998057932
0.7508060000836849
0.9206449999473989
0.7206109999679029
0.7288969999644905
0.7330910000018775
3.878048999933526
1.7139710001647472
0.8491799999028444
0.8527960001956671
0.9359979999717325
0.9056839998811483
0.7179040000773966
0.7391670001670718
0.7413880000822246
0.7614390000235289
0.756440999917686
1.030362999998033
0.7431779999751598
