21.532534999772906
1.355776000302285
1.0918730003759265
0.9473649999126792
1.096388999838382
0.9825679999776185
0.8637300003319979
0.8508810000494123
0.8900110004469752
0.9002069998532534
0.9693419998511672
0.7878729999065399
0.7330149998888373
9.345539000350982
0.8060369999147952
0.7595960004255176
0.7536010001786053
0.6559089999645948
0.658029000274837
0.6601019999943674
0.6666830000467598
0.6686900001950562
0.5525540001690388
0.6872950000688434
0.6623610001988709
0.5682400004006922
0.485962999984622
0.41918700002133846
0.5033209999091923
0.6775879999622703
0.6051989998668432
0.7001669998280704
0.5583629999309778
0.5999219999648631
0.523282999638468
0.5981699996627867
0.5656119999475777
0.7224420001730323
0.8307570000179112
0.7598470002412796
0.5348380003124475
1.0399679997935891
0.9857520000077784
0.6794050000607967
0.9646519999951124
0.6734489998780191
0.8683710000477731
0.7292080000042915
0.8565360000357032
0.5804449999704957
0.7657759999856353
0.9545050002634525
0.8048299998044968
1.112928000278771
0.7126270001754165
0.5116269998252392
0.6244310000911355
0.6404459998011589
0.5749220000579953
0.7683359999209642
0.5020869998261333
0.4883880000561476
0.6666200002655387
0.5645570000633597
0.9795760000124574
0.6644039996899664
0.7925640000030398
0.6322280000895262
0.42674700031057
0.5853249998763204
0.7636949997395277
0.5201869998127222
0.42128700017929077
0.781062999740243
0.7414730000309646
0.6374340001493692
0.6160829998552799
0.5543069997802377
0.43255600007250905
0.42815899988636374
0.7769949999637902
0.47889400040730834
0.5397809999994934
0.6266679996624589
0.46267700009047985
0.5610599997453392
0.5737649998627603
0.5433509997092187
0.5134850000031292
0.5410259999334812
0.448898000176996
0.42343399999663234
0.420565000269562
0.7071620002388954
0.42588299978524446
0.6598169999197125
0.6475509996525943
0.4809459997341037
0.5391350002028048
0.5729570002295077
0.4516730001196265
0.5426699998788536
0.788747999817133
0.489049999974668
0.4808229999616742
0.5394129999913275
0.397944999858737
0.8680389998480678
0.47238400019705296
0.6549320002086461
0.6754659996367991
0.5712170000188053
0.7344249999150634
0.8274449999444187
0.6956839999184012
0.621739000082016
0.6552120000123978
0.7458219998516142
0.7425379999913275
0.6924239997752011
0.6160840000957251
0.7197460001334548
0.7169999997131526
0.8444470004178584
0.6322190002538264
0.6538549996912479
0.665179000236094
0.7247780002653599
0.7490639998577535
0.5062150000594556
3.564278000034392
0.6211760002188385
0.6308760000392795
0.5380279999226332
0.6038060002028942
0.4447280000895262
0.6184250004589558
0.5416259998455644
0.6520859999582171
0.46573599986732006
0.6459909998811781
0.4652330004610121
0.46928600035607815
0.6103699998930097
0.5598209998570383
0.459652999881655
0.6450809999369085
0.4091159999370575
0.38903099996969104
0.5074999998323619
0.4275819999165833
0.4184079999104142
0.401653999928385
0.4412179999053478
0.6623690002597868
0.5760209998115897
0.702607000246644
0.5697470000013709
0.5568189998157322
0.38540600007399917
0.4988199998624623
0.5426130001433194
0.4216269999742508
0.4187610000371933
0.5073339999653399
0.5138119999319315
0.4439530000090599
0.45319300005212426
0.49294100003317
0.5330970003269613
0.49972599977627397
0.5317199998535216
0.5438520000316203
0.8760550003498793
0.4159500002861023
0.41841499973088503
0.758032999932766
0.47344399988651276
0.43949300004169345
0.5055799996480346
0.5677519999444485
0.42324599996209145
0.5637630000710487
0.5466209999285638
0.5997489998117089
0.5470539997331798
0.42207400035113096
0.5944309998303652
0.611235000193119
0.676208000164479
0.6513640000484884
0.5265640001744032
0.5850280001759529
0.5961679997853935
0.6957209999673069
0.7278089998289943
0.5665600001811981
0.5890379999764264
0.4662689999677241
0.49564999993890524
1.5179710001684725
1.4207000001333654
0.4823159999214113
0.6991619998589158
0.5227420004084706
0.6233989996835589
0.771522999741137
0.7763940002769232
0.6105569996871054
0.6397919999435544
0.6153369997628033
0.6468659997917712
0.9161170003935695
0.6194759998470545
1.1080420003272593
0.805184000171721
0.7390000000596046
0.600621999707073
0.5086159999482334
0.6625459999777377
0.566298000048846
0.6496310001239181
0.5111890002153814
0.42888500029221177
2.097170999739319
0.4235749999061227
0.4262849995866418
0.6262120003812015
0.4574070000089705
0.8238189998082817
0.5557009996846318
0.42526300018653274
0.3897250001318753
0.5387470000423491
0.40965399984270334
0.6207329998724163
0.3681760001927614
0.5988719998858869
0.5167620000429451
0.5665160003118217
0.4280459997244179
0.4502289998345077
0.5594160002656281
0.5039669997058809
0.6835529999807477
0.6545400000177324
0.49659099988639355
0.49916099989786744
0.40659300005063415
0.5313220000825822
0.5059219999238849
0.5434889998286963
0.4382799998857081
0.43928000004962087
0.37796800024807453
0.5156950000673532
0.5205870000645518
0.415242999792099
0.3712140000425279
0.5711400001309812
0.5952249998226762
0.7713669999502599
0.6506889997981489
0.6539120003581047
0.8757819999009371
0.6595000000670552
0.6187140000984073
0.5743410000577569
0.6358839999884367
0.685378999914974
0.6574889998883009
0.6849719998426735
0.6049309996888041
0.6057699997909367
0.5474430001340806
0.6715190000832081
0.5327929998748004
0.5750170000828803
0.6200769999995828
1.1226769997738302
0.426018999889493
0.6541200000792742
0.5904149999842048
0.5157900000922382
0.7888000002130866
0.5106089999899268
0.4569040001370013
0.6530559998936951
0.7229989999905229
0.4480689996853471
0.5640389998443425
0.5516160000115633
0.5465429998002946
0.40620100032538176
0.7181519996374846
0.5178470001555979
0.48854299960657954
0.4292039996944368
0.5124600003473461
0.6262880000285804
0.5440460001118481
0.5943120000883937
0.403334999922663
0.5280849998816848
0.5574130001477897
0.6568089998327196
0.6775589999742806
0.6489589996635914
0.7414159998297691
0.6909449999220669
0.4626000002026558
0.6452270001173019
0.4180870000272989
0.600986999925226
0.5621009999886155
0.6298190001398325
0.5128760002553463
0.4868939998559654
0.547588000074029
8.41840900015086
0.5341130001470447
0.6380039998330176
0.5330489999614656
0.6015730001963675
0.535026999656111
0.3754039998166263
0.3796649998985231
0.4234680002555251
0.4250670000910759
0.38043999997898936
0.40034200018271804
0.41486499970778823
0.5616320003755391
0.568940999917686
0.50221800012514
0.7236780002713203
0.7884219996631145
0.6153119998052716
0.6904609999619424
0.4801690001040697
11.995837999973446
0.802964000031352
0.6232399996370077
0.5895259999670088
0.6296569998376071
0.497076999861747
0.5459519997239113
0.6692460002377629
0.7285590004175901
0.5193199999630451
0.5639840001240373
0.537060999777168
0.5523819997906685
0.472548000048846
0.5867979996837676
0.5252029998227954
0.5755989998579025
0.5861320002004504
0.47283999994397163
0.5308639998547733
0.8557380000129342
0.581812999676913
0.9108559996820986
0.44498699996620417
0.37418199982494116
0.5672490000724792
0.49806400015950203
0.4243069998919964
0.487633999902755
0.49964499985799193
0.4230250003747642
0.45314900018274784
0.4824540000408888
12.998403999954462
0.49404900008812547
0.5026420000940561
0.48607200011610985
0.5360640003345907
0.5195510000921786
0.43293899996206164
0.5915330001153052
0.42689700005576015
0.4498179997317493
0.39318199967965484
0.43563299998641014
0.36381200002506375
0.470940999686718
0.46385900024324656
0.4115479998290539
0.34897400019690394
0.4096510000526905
0.46249999990686774
0.35472200019285083
0.3587440000846982
0.5633469996973872
0.5411189999431372
0.46416600001975894
0.46180900000035763
0.4531990000978112
0.490748000331223
0.4497340000234544
0.3558140001259744
0.5541899995878339
0.5007119998335838
0.3666520002298057
0.5732749998569489
0.596576000098139
0.4353269999846816
0.5079279998317361
0.40056499978527427
0.42416399996727705
0.6218910003080964
16.058381999842823
0.7904759999364614
0.4924659999087453
0.5601329999044538
0.5418550004251301
0.6354890000075102
0.578834000043571
0.5263269999995828
0.713806000072509
0.6125580002553761
0.5856869998387992
0.5967439999803901
0.5297220000065863
0.6628060000948608
0.6024389998055995
0.5490039996802807
0.5154909999109805
0.5718919998034835
0.5271670003421605
0.5386890000663698
0.49770400021225214
0.5363379996269941
0.42873299960047007
0.5290040001273155
0.7647989997640252
0.5842190003022552
0.4742529997602105
0.4272880000062287
0.477932000067085
0.6127830003388226
0.4954820000566542
0.5826690001413226
0.5463109998963773
0.49966399976983666
0.40688899997621775
0.5719750002026558
0.533203000202775
0.39762500021606684
0.43689499981701374
0.43095899978652596
0.4102750001475215
0.4175380002707243
0.5492159998975694
0.515006999950856
0.5091099999845028
0.42484099976718426
0.43755199993029237
0.46928599989041686
0.3872130000963807
0.4463860001415014
0.3922699997201562
0.4151949998922646
0.49815799994394183
0.47848499985411763
0.41624699998646975
2.9392099999822676
0.42779500037431717
0.5140660000033677
0.5586560000665486
0.5844549997709692
0.3964240001514554
0.345420999918133
0.4260220001451671
0.42087800009176135
0.40874799992889166
0.45859699975699186
0.44260000018402934
0.3754870002157986
0.36810999969020486
0.3827030002139509
0.4386909999884665
0.594830000307411
0.5643969997763634
0.5186930000782013
0.6102700000628829
0.4391839997842908
0.5088009997271001
0.5665580001659691
0.578571000136435
0.4003679999150336
0.5903320000506938
0.5787479998543859
0.5577480001375079
0.3887680000625551
0.5110869999043643
0.3868849999271333
0.6383919999934733
0.5316400001756847
0.4231030000373721
0.3771619996987283
0.3866460002027452
0.6433620001189411
0.5704769999720156
0.45721099991351366
0.5395210003480315
0.4192540002986789
0.38473499985411763
0.5000379998236895
0.40706100035458803
0.4318920001387596
0.5148660000413656
0.614125999622047
0.40529200015589595
0.4114910000935197
0.57610800024122
0.5519770001992583
0.47916899994015694
0.4425389999523759
0.46921900007873774
0.42822099989280105
0.3564419997856021
0.4814360002055764
0.3692930000834167
0.38061200035735965
0.35331799974665046
0.3561650002375245
0.4785810001194477
0.49330500001087785
0.5458769998513162
0.44386699981987476
0.3998839999549091
0.4379340000450611
0.38804899994283915
0.5827510003000498
0.4695230000652373
0.3796080001629889
0.3947580000385642
0.34909299993887544
0.4045569999143481
0.45645800000056624
0.39859100012108684
0.4683260000310838
0.4238640000112355
0.4775350000709295
0.3507349998690188
0.5473159998655319
0.5060550002381206
0.37407599994912744
0.3933470002375543
0.48629000037908554
0.5586140002124012
0.45676800003275275
0.48947299970313907
0.3853859999217093
0.4105090000666678
0.4090640000067651
0.4169549997895956
0.47003099974244833
0.3733469997532666
0.6301500000990927
0.5469360002316535
0.4990980001166463
1.1502880002371967
1.0321929999627173
0.5268199997954071
0.5759699996560812
0.5807529999874532
0.7465540003031492
0.5220759999938309
0.8481159997172654
0.7027209997177124
0.5947699998505414
0.7301059998571873
0.6974659999832511
0.5636280002072453
0.5568300001323223
0.7083819997496903
0.552525999955833
0.6076100002974272
0.6704919999465346
0.543590999674052
0.5157319996505976
0.7315630000084639
0.5215140003710985
0.6322559998370707
0.5504320003092289
0.4377200002782047
0.4372290000319481
0.4124829997308552
1.1610189997591078
0.605831999797374
0.49442700017243624
0.5930530000478029
0.3983590002171695
0.4567019999958575
0.5509269996546209
0.4324610000476241
0.3999920003116131
0.4357810001820326
0.3766870000399649
0.3726749997586012
0.368559000082314
0.5333079998381436
0.3659419999457896
0.5271410001441836
0.4644079999998212
0.41687800036743283
0.5962980003096163
0.5541919996030629
0.5211920002475381
0.5795539999380708
0.5381900002248585
0.3634870001114905
0.36765599995851517
0.5329559999518096
0.41803500009700656
0.46409499971196055
0.5112059996463358
0.5065569998696446
0.5243950001895428
0.42614899994805455
0.5029529999010265
0.5828899997286499
0.47907100012525916
0.5223199999891222
0.5245059998705983
0.4497609999962151
0.4760799999348819
0.4554980001412332
0.5112020000815392
0.4644789998419583
0.4299850002862513
0.490817999932915
0.5653269998729229
0.6020430000498891
0.44543399987742305
0.402362999971956
0.48306400002911687
0.4359709997661412
0.6831809999421239
0.5182099998928607
0.5755980000831187
0.5848759999498725
0.6201860001310706
0.7327310000546277
0.6398080000653863
0.4715380002744496
0.5756259998306632
0.615367999766022
0.6349340002052486
0.5953140002675354
0.614646999631077
0.6012980001978576
0.6563650001771748
0.5594199998304248
0.4984280001372099
0.6510179997421801
0.5729460003785789
0.48443299997597933
0.6002039997838438
0.5879049999639392
0.5380290001630783
0.40282699977979064
0.5437270002439618
0.634269000031054
0.3637240002863109
0.5257369996979833
0.458232999779284
0.49603400006890297
0.37834500009194016
0.5861680000089109
0.5105360001325607
0.4299679999239743
0.6052600000984967
0.5455720000900328
0.5840539997443557
0.4845330002717674
0.4582670000381768
3.360286000184715
0.43454799987375736
0.5386520000174642
0.421341999899596
0.5289250002242625
0.38847799971699715
0.41462900023907423
0.43286599963903427
0.5111849997192621
0.39308399986475706
0.38982899999246
0.5777259999886155
0.45852300012484193
0.4813350001350045
0.3590580001473427
0.38438900001347065
0.35147800017148256
0.34625699976459146
0.39420400001108646
0.3987280000001192
0.5017939996905625
0.39535599993541837
0.41903500026091933
0.4796199998818338
0.45469600008800626
0.5364049999043345
0.4873329997062683
0.5174819999374449
0.5157829998061061
0.42916900012642145
0.5891330000013113
0.5460340003482997
0.5506319999694824
0.4644949999637902
0.44612699979916215
0.4816459999419749
0.4364030002616346
0.4525419999845326
0.3465610002167523
0.38697999995201826
0.4231920000165701
0.6929480000399053
0.6678519998677075
0.5537339998409152
0.4859150000847876
1.0331720001995564
0.6294649997726083
0.6872729999013245
0.7316519999876618
0.609286000020802
0.5324909999035299
0.6394980000331998
0.6944229998625815
0.5551959997974336
0.42212900007143617
0.6081920000724494
0.5439460002817214
0.40650499984622
0.5021299999207258
0.5269260001368821
0.5620999997481704
0.4519479996524751
0.40267799980938435
0.42305299965664744
4.59025500016287
0.4002970000728965
0.5166670000180602
0.4961769999936223
0.5823919996619225
0.466089999768883
0.3641960001550615
0.5705510000698268
0.3770419997163117
0.44121599989011884
0.42733500013127923
0.5524030001834035
0.36028899997472763
0.4058570000343025
0.3538369997404516
0.506519999820739
0.3910309998318553
0.43304499983787537
0.4102539997547865
0.4969219998456538
0.4899720000103116
0.48755700001493096
0.3517490001395345
0.3524910002015531
0.3651299998164177
0.44652900006622076
0.3746099998243153
0.47099500009790063
0.4661320000886917
0.4164799996651709
0.4197360002435744
0.34764100005850196
0.5166989997960627
0.4282060000114143
0.3854390000924468
0.4352400000207126
0.36244900012388825
0.39139500027522445
0.6236270000226796
0.499630999751389
0.5294380001723766
0.44431699998676777
0.6756489998660982
0.5111169996671379
0.4286290002055466
0.41220600018277764
0.4843430002219975
0.606451999861747
0.5242510000243783
0.6132760001346469
0.651051000226289
0.5279489997774363
0.5941909998655319
0.4360150001011789
0.48569100024178624
0.6705980002880096
0.6048700003884733
0.6490719998255372
0.7532199998386204
0.4986939998343587
0.6946709998883307
0.5908930003643036
0.6486880001612008
1.9888069997541606
0.5791619997471571
0.5393880000337958
0.5446000001393259
0.5815849998034537
0.7660719999112189
0.6171030001714826
0.5067969998344779
0.8050899999216199
0.6733189998194575
0.6268679997883737
0.5025779996067286
0.5877859997563064
0.6261990000493824
0.5254540001042187
0.5177679997868836
0.5862050000578165
0.6729790000244975
0.5586200002580881
0.4841980002820492
0.5654910001903772
0.382602000143379
9.946585000026971
0.5497459997422993
0.6062070000916719
0.44616799987852573
0.38271900033578277
0.47374900011345744
0.48417200008407235
0.4284699996933341
0.4719469998963177
0.513162000104785
0.5614280002191663
0.4620189997367561
0.46679400000721216
0.5806239997036755
0.4976960001513362
0.5261519998311996
0.5372060001827776
0.4673069999553263
0.38440300012007356
0.3511250000447035
0.3812779998406768
0.3986080000177026
0.3919009999372065
0.4126520003192127
0.4486129996366799
0.46366799995303154
0.49892699997872114
0.4571070000529289
0.4542040000669658
0.3673029998317361
0.34675499983131886
0.45337999984622
0.3497489998117089
0.3664150000549853
0.4007910001091659
0.35178499994799495
0.4873629999347031
0.3520370000042021
0.5247579999268055
0.48211599979549646
0.3652289998717606
0.48227000003680587
0.44291900005191565
0.4698759997263551
0.4556539999321103
0.3453040001913905
0.464780000038445
0.33552000019699335
0.437861000187695
0.43140600016340613
0.6113639995455742
0.5769889997318387
0.510240999981761
0.5757069997489452
0.6232790001668036
0.6551689999178052
0.6249750000424683
0.5253049996681511
0.6333540002815425
0.5365630001761019
0.5396920000202954
0.5404329998418689
0.5834580003283918
0.5850450000725687
0.511651000007987
0.4120240001939237
0.4944469998590648
0.4742990001104772
0.5594699997454882
1.8826979999430478
0.5103360000066459
0.4449400003068149
0.38112800009548664
0.35285700019448996
0.5675529995933175
0.6051750001497567
0.4015979999676347
0.5456909998320043
0.5328750000335276
0.3334579998627305
0.4288050001487136
0.5214009997434914
0.5133690000511706
0.36236899998039007
0.4122470002621412
0.4959080000407994
0.43362100003287196
0.4462390001863241
0.5669680000282824
0.5921820001676679
0.37276099994778633
0.6381509997881949
0.427606999874115
0.6005979999899864
0.44416499976068735
0.4020960000343621
0.39797600032761693
0.4890470001846552
0.43503199983388186
0.44296199968084693
0.4349529999308288
0.46296200016513467
0.4624620000831783
0.35595900006592274
0.4078310001641512
0.48278099996969104
0.34627299988642335
0.3486979999579489
0.3590970002114773
0.4509640000760555
0.4621830000542104
0.3767630001530051
2.1074749999679625
0.39092200016602874
0.3929700003936887
0.3740389999002218
5.406938999891281
0.41297700023278594
0.5611640000715852
0.4266499998047948
0.48515899991616607
0.48890999983996153
0.4113919995725155
0.5349340001121163
0.45531499991193414
0.4402999999001622
0.7481149998493493
0.5866519999690354
0.48347399989143014
0.752099999692291
1.3056820002384484
0.5707379998639226
0.6913660001009703
0.40444499999284744
0.5837519997730851
0.6857900000177324
0.656789000146091
0.5812490000389516
0.6006439998745918
0.48880100017413497
0.46729899989441037
0.5036039999686182
0.48824899969622493
0.46719100000336766
0.5591529998928308
0.4982119998894632
0.4591759997420013
0.5022730003111064
0.3460380001924932
0.4577290001325309
0.40541299991309643
0.3997930004261434
0.5162610001862049
0.5338880000635982
0.43847399996593595
0.41618299996480346
0.35485500004142523
0.4792140000499785
0.41333700018003583
0.34199100034311414
0.4644710002467036
0.5615159999579191
0.3470339998602867
0.3762280000373721
0.45329499989748
0.4834499997086823
0.44777499977499247
0.4631509999744594
0.3935759998857975
0.3375929999165237
0.43727200012654066
0.7436110000126064
0.522946999873966
0.38645899994298816
0.39012099988758564
0.3623609999194741
0.4598880000412464
0.33578799990937114
0.3426319998688996
0.4543829998001456
0.4020229997113347
0.3821120001375675
0.44747899984940886
0.46260299999266863
0.35332700004801154
0.447630999609828
0.3443950000219047
0.4068930000066757
0.4261409998871386
0.4887029998935759
0.4366850000806153
0.34407200012356043
0.5128099997527897
0.5028020003810525
0.4500710000284016
0.5627299998886883
0.379594000056386
0.4135200004093349
0.3913569999858737
0.46023999992758036
0.4422200000844896
0.44844500022009015
0.5021409997716546
0.753264999948442
0.5731779998168349
0.5221750000491738
4.557450999971479
0.5209349999204278
0.5766250002197921
0.4679100001230836
11.346617000177503
0.5457210000604391
0.5596449999138713
0.49791100015863776
0.5065830000676215
0.48426599986851215
0.480835999827832
0.5196449998766184
0.38635300006717443
0.6253820001147687
0.6697789998725057
0.457806000020355
0.5768180000595748
0.680346000008285
0.44902099994942546
0.5390660003758967
0.5362529996782541
0.3689810000360012
0.42182400031015277
0.47452499996870756
0.5833499999716878
0.4771719998680055
0.4300899999216199
0.43551599979400635
0.44734600000083447
0.31583300000056624
0.43680999986827374
0.34249599976465106
0.47434800025075674
0.4488379997201264
0.4981140000745654
0.4507220000959933
0.3266519997268915
0.3866369999013841
0.4036460001952946
0.5828639999963343
0.32741199992597103
0.5457719997502863
0.41251099994406104
0.4968810002319515
0.5965169998817146
0.37720600003376603
0.5092870001681149
1.6028190003708005
0.36850500013679266
0.4641299997456372
0.3596230000257492
0.4355240003205836
0.3265230003744364
0.4205950000323355
0.4016789998859167
0.46422099974006414
0.47347800014540553
0.4249109998345375
0.33319099992513657
0.3942800001241267
0.40796500025317073
0.4930310002528131
0.4901169999502599
0.4504610002040863
0.3222000002861023
0.3348119999282062
0.5881339996121824
0.42020499985665083
0.36553499987348914
0.3653339999727905
0.4207689999602735
0.31684100022539496
0.41018199967220426
0.3497259998694062
3.6876119999215007
0.6789130000397563
0.5737499999813735
0.6020060000009835
0.4713770002126694
0.6048820000141859
0.6685479995794594
0.537244999781251
0.5869300002232194
0.44084700010716915
0.4914540001191199
0.5265130000188947
0.536268999800086
0.5641149999573827
0.4630640000104904
0.4365110001526773
0.5781680000945926
0.4732940001413226
0.4752869997173548
0.44444700004532933
0.4206039998680353
0.5537020000629127
0.4007680001668632
0.48014899995177984
0.5452429996803403
0.5510329999960959
0.5030260002240539
0.37741499999538064
0.45604699989780784
0.44678799994289875
0.49212100030854344
0.4536870000883937
0.47966299997642636
0.3493590001016855
0.3738990002311766
0.5073110000230372
0.4497839999385178
0.48198299994692206
0.4363779998384416
0.44913100032135844
0.4376329998485744
0.33468200033530593
0.33540500001981854
0.30707899993285537
0.45081799989566207
0.34929100004956126
0.5169810000807047
0.45664599956944585
0.43108000000938773
0.3551160003989935
0.44094099989160895
0.34198400005698204
0.42240399960428476
0.42236700002104044
0.5307779996655881
0.40768800023943186
0.307738000061363
0.3611669996753335
0.4228250002488494
0.4225309998728335
0.40142100024968386
0.37190099991858006
0.4816970000974834
0.4378159996122122
0.4516270002350211
0.41561600007116795
0.368130000308156
0.5199810001067817
0.43686799984425306
0.43742999993264675
0.4009739998728037
0.4351429999805987
0.4542700001038611
0.42548099998384714
0.46088499994948506
0.36487900000065565
0.41287200013175607
0.40769200026988983
0.6633950001560152
0.6650720001198351
0.5495930002070963
1.1830409998074174
0.5146980001591146
0.7304670000448823
0.525160999968648
0.5179360001347959
0.475465000141412
0.46366100013256073
0.45032199984416366
0.5382030000910163
0.5281750001013279
0.5397809999994934
0.49826199980452657
0.40721599990502
0.4806229998357594
0.5417089997790754
0.5829579997807741
0.5456439997069538
0.4721760000102222
0.5115260002203286
0.4931230000220239
0.969905000180006
0.4931870000436902
0.493565000128001
0.5472120000049472
0.383562000002712
0.3595539997331798
0.5358859999105334
0.5536129996180534
0.32628299994394183
0.5030370000749826
0.4026959999464452
0.40315299993380904
0.43396899988874793
0.6147099998779595
0.40963600017130375
0.36636600038036704
0.42965800035744905
0.43563799979165196
0.36082400009036064
0.4223070000298321
0.48354299971833825
0.4772690003737807
0.5129090002737939
0.35459200013428926
0.36732800025492907
0.4499380001798272
0.4689820003695786
0.46094700042158365
0.33808600017800927
0.31523199984803796
0.43061699997633696
0.3784079998731613
0.37412700010463595
0.43999300012364984
0.5759629998356104
0.5480889999307692
0.4795739999972284
0.5107080000452697
0.34870100021362305
0.6079159998334944
0.40819900017231703
5.4197779996320605
0.3420930001884699
0.3668069997802377
0.4713820000179112
0.35834100004285574
0.5395270003937185
0.3661009999923408
0.4251649999059737
0.3117379997856915
0.3517310000024736
0.4037720002233982
0.37099200021475554
0.5411890000104904
0.5821429998613894
0.48330699978396297
0.44968600012362003
0.5426079998724163
0.5600069998763502
0.5811499999836087
0.6139700002968311
0.45816099969670177
0.4962229998782277
0.6944050001911819
0.46498299995437264
0.45525299990549684
0.4640990002080798
0.5135319996625185
0.4032069998793304
0.5131589998491108
0.33363999985158443
0.536446999758482
0.4936199998483062
0.4102799999527633
0.5071829999797046
0.32781799975782633
0.4170539998449385
0.46440500020980835
1.1079390002414584
0.7233250001445413
0.4821919999085367
0.491947999689728
0.40651299990713596
0.4466360001824796
0.4020620002411306
0.3265030002221465
0.42091900017112494
0.32270599994808435
0.40389700001105666
0.4856740003451705
0.41532499995082617
0.4756439998745918
0.3310529999434948
0.3519129999913275
0.3243760000914335
0.3732170001603663
0.40048399986699224
0.33278700010851026
0.5042799999937415
0.46062499983236194
0.4884070004336536
0.4451989997178316
0.44141400000080466
0.3322099996730685
0.48229299997910857
0.3625850002281368
0.3971119998022914
0.3252399996854365
0.32010000012815
0.34144000010564923
0.339242999907583
0.506271000020206
0.47708800015971065
1.0380130000412464
0.5543969999998808
0.3365469998680055
0.44686099980026484
0.4792969999834895
0.4629600001499057
0.45080399978905916
0.585890999995172
0.33871200028806925
0.35011700028553605
0.3697289996780455
0.3955910000950098
0.3315510000102222
0.39005499985069036
0.651233000215143
0.4405519999563694
0.45729799987748265
0.43423400027677417
0.38370099989697337
0.4336399999447167
0.4327750001102686
0.9266220000572503
2.9257899997755885
0.8686490003019571
0.6563009996898472
0.5299240001477301
0.659169000107795
0.5559910000301898
0.4671069998294115
0.571089000441134
0.5666330000385642
0.5241759996861219
0.5050869998522103
0.5411350000649691
0.4202569997869432
0.8349919999018312
0.5041290000081062
0.8021949999965727
0.5423409999348223
0.7163999998010695
0.5706149996258318
0.4764950000680983
0.5678749997168779
0.51916000014171
0.49119800003245473
0.55022899992764
0.4958970001898706
0.541654999833554
0.4193870001472533
0.5863220002502203
0.65625
2.2599149998277426
0.5025470000691712
0.4510390004143119
0.5785389998927712
1.323013000190258
0.5758159998804331
0.4590799999423325
0.4588870001025498
0.6038290001451969
0.4086939999833703
0.47678499994799495
0.5739600001834333
0.33823699969798326
0.3437460004352033
0.43525300035253167
0.34318399988114834
0.34040299989283085
0.3452880000695586
0.4226740002632141
0.46609400026500225
0.3370030000805855
0.4697740003466606
0.40849999990314245
0.41486999997869134
0.3482539998367429
0.44695999985560775
0.4046779996715486
0.5333759998902678
0.480148000176996
0.4839570000767708
0.466091999784112
0.46340700006112456
0.5278300000354648
0.6108209998346865
0.4678070000372827
0.5282149999402463
0.40720799984410405
0.45633900025859475
0.39839399978518486
0.651231000199914
0.4836539998650551
0.4199310000985861
0.35833000019192696
0.47024299995973706
0.4729719995521009
0.5018219999037683
0.4890589998103678
0.5173319997265935
0.4813530002720654
0.5505830002948642
0.5500960000790656
0.5950369997881353
0.6161009999923408
0.4162800000049174
0.5214579999446869
0.48020699992775917
0.44154200004413724
0.4946070001460612
0.8074309998191893
0.4769369997084141
0.495494999922812
0.6123460000380874
0.4773740000091493
0.5472079999744892
0.3936609998345375
0.6110220002010465
0.45409899996593595
0.3473390000872314
0.5044809998944402
0.4497819999232888
0.4680729997344315
0.597726000007242
0.6135810003615916
0.5090510002337396
0.5445639998652041
0.4410609998740256
0.497707000002265
0.5163810001686215
0.7547030001878738
0.6078989999368787
0.49603400006890297
0.5202350001782179
0.42345000011846423
0.4344500000588596
0.4326849998906255
0.34490100014954805
0.3591730003245175
0.38875399995595217
0.5821239999495447
0.3751630000770092
0.36485600005835295
0.47565399995073676
0.4076390000991523
0.4454290000721812
0.44151900010183454
0.34243900002911687
0.3928080000914633
0.4523879997432232
0.5638729999773204
0.5538920001126826
4.027573000174016
0.4277310003526509
0.4703219998627901
0.3886989997699857
0.3584990003146231
0.5001860000193119
0.37389499973505735
0.4273339998908341
1.5715789999812841
0.4511669999919832
0.39186799991875887
0.4168879999779165
0.3805949999950826
0.3985370001755655
0.3647130001336336
0.37403699988499284
0.36769200023263693
0.4487149999476969
0.5183620001189411
0.5572480000555515
0.44660399993881583
0.4556100000627339
0.5078389998525381
0.42096100002527237
0.5456109996885061
0.779124999884516
0.5801820000633597
0.53230099985376
0.5994239998981357
0.629244000185281
0.4698809999972582
0.5998650002293289
0.5873869997449219
0.5478309998288751
0.4480119999498129
0.5439120000228286
0.47610800014808774
0.5122190001420677
0.47305600019171834
0.5362419998273253
0.41313799982890487
0.49163899989798665
0.4189080004580319
0.4497039997950196
0.5505140000022948
0.43641099985688925
0.40881399996578693
0.4942979998886585
0.5552150001749396
0.41920500015839934
0.4334869999438524
0.41509999986737967
0.31924499990418553
0.46107299998402596
0.34986899979412556
6.585961999837309
0.5606100000441074
0.3847529999911785
0.43460500007495284
0.43018299993127584
0.3962610000744462
0.35554399993270636
0.3428909997455776
0.31941299978643656
0.36400500033050776
0.34972399985417724
0.4797229999676347
0.5296950000338256
0.39196399971842766
0.5252340002916753
0.4233870003372431
0.34870100021362305
0.3364050001837313
0.43404299998655915
0.4145659999921918
0.5925399996340275
0.3983999998308718
0.4253010000102222
0.45626600040122867
0.4193850001320243
0.48446400044485927
0.45964100025594234
0.3369140001013875
0.5438910000957549
0.38945799972862005
0.30234699975699186
0.3814829997718334
0.3047070000320673
0.31955099990591407
0.47830900037661195
0.44572600023820996
0.33026299998164177
0.4889879999682307
0.5777650000527501
0.35528699960559607
0.48360999999567866
0.4684309996664524
0.37594900000840425
0.37647200003266335
0.48228600015863776
0.44760100031271577
0.4441359997726977
0.5195479998365045
0.4274399997666478
0.5453449999913573
0.5292960000224411
0.5991020002402365
0.5304279997944832
0.4441479998640716
0.3944370001554489
0.5905459998175502
0.5003619999624789
0.5451609999872744
0.45096200006082654
0.4730410003103316
0.35424899961799383
0.5280169998295605
0.39465400017797947
0.47935100039467216
0.5661410000175238
0.43425700021907687
0.7336220000870526
0.4263169998303056
0.4252710002474487
0.5093490001745522
0.3048789999447763
0.376139999832958
0.4863670002669096
0.39030000008642673
0.5005429997108877
0.3094730000011623
0.33935400005429983
0.341194000095129
0.5136460000649095
0.34361599991098046
0.428335000295192
0.44931000005453825
0.3756540003232658
0.39056599978357553
0.4664640002883971
0.39836599957197905
0.619890000205487
0.31037400010973215
0.3263139999471605
0.4840810000896454
4.431668999604881
0.30398500012233853
0.523558999877423
0.3054740000516176
0.31444199988618493
0.40058800019323826
0.3341169999912381
0.6373010003007948
0.3651990001089871
0.5237200004048645
0.39863900002092123
0.39449500013142824
0.32858100021257997
0.3406329997815192
0.34986500022932887
0.5119650000706315
0.32220400031656027
0.36026700027287006
1.0520119997672737
0.38877700036391616
0.37829700019210577
0.3568740002810955
0.3814139999449253
0.41164800012484193
0.3716910001821816
0.43056900007650256
0.496371999848634
0.6558140004053712
0.47436399990692735
0.3560249996371567
0.3429240002296865
0.5998030002228916
0.4888149998150766
0.8840530002489686
0.5764799998141825
0.5854810001328588
0.5633409996517003
0.6830720002762973
0.526746999938041
0.45364499976858497
0.5144710000604391
4.342704999726266
0.610453000292182
0.6029199999757111
0.4826839999295771
3.1891220002435148
0.48719000024721026
0.544686000328511
0.5803200001828372
0.440249000210315
0.4512819997034967
0.6503950003534555
0.4200759995728731
0.5600499999709427
0.47232000017538667
0.3714679996483028
0.4627369996160269
0.5406790003180504
1.2733800001442432
0.4693769998848438
0.45935899997130036
0.3902630000375211
0.4687680001370609
0.39604000002145767
0.3356039999052882
0.4516819999553263
0.4153409996069968
0.34727799985557795
0.44101700000464916
0.41619199980050325
0.4599489998072386
0.34437800012528896
0.3532569999806583
0.35400399984791875
0.31808899994939566
0.39332899963483214
0.3686689999885857
0.4620449999347329
0.3139430000446737
0.36132200015708804
0.39416899997740984
0.3231780002824962
0.5152000002563
0.4383610002696514
0.42393200006335974
0.3103040000423789
0.41834700014442205
0.3432220001704991
0.35394199984148145
0.43403400015085936
0.3703919998370111
0.4044620003551245
0.31837600003927946
0.3158940002322197
0.4947469998151064
0.3970600003376603
0.4107909998856485
0.4601079998537898
0.43112900014966726
0.3478989996947348
0.4285619999282062
0.3936859997920692
0.3611029996536672
0.45547799998894334
0.3109349999576807
0.3523920001462102
0.3381189997307956
0.3914669998921454
0.6863659997470677
0.7232260000891984
0.5068240002728999
0.46161199966445565
0.5865839999169111
0.5202649999409914
0.5282490001991391
0.5796550000086427
0.40882099978625774
0.6797350002452731
0.5704589998349547
0.5509269996546209
0.5253349998965859
0.5813490003347397
0.5120329996570945
0.5079230000264943
0.44359799986705184
0.458602000027895
0.36930100014433265
0.40750200022011995
0.44847499998286366
0.5902169998735189
0.47581900004297495
0.47459999984130263
0.5462389998137951
0.3633039998821914
0.3816660000011325
0.44340099999681115
0.42616800032556057
0.5239279996603727
0.5430310000665486
0.5917529999278486
0.5778689999133348
0.3901019999757409
0.49184600031003356
0.43570700008422136
0.4175909999758005
0.4244519998319447
0.46848899964243174
0.4559089997783303
0.37152199959382415
0.34918499970808625
0.4311890001408756
0.419295999687165
0.40635000029578805
0.33455799985677004
0.37261199997738004
0.40263199992477894
0.39148900005966425
0.33732100017368793
0.5050630001351237
0.3603689996525645
0.49304100032895803
0.394938999786973
0.4612940000370145
0.45077400002628565
0.40976899955421686
0.5370300002396107
0.41943700006231666
0.4196740002371371
0.4822159996256232
0.46701399981975555
0.4404069995507598
0.4334180001169443
0.4332960001192987
0.4210700001567602
0.3988449997268617
0.412345000077039
0.4371259999461472
0.3592439997009933
0.34986699977889657
0.3965549999848008
0.4558100001886487
0.35579400043934584
0.5209610001184046
0.5305250003002584
0.4616179997101426
0.4301500003784895
0.3295909999869764
0.4403710002079606
0.46336100017651916
0.43856799975037575
0.33102700021117926
0.34470799984410405
0.4708400000818074
0.40565200010314584
0.47615200001746416
0.3959559998475015
0.45273800007998943
0.49882399989292026
0.5334800002165139
0.5001590000465512
0.4370040004141629
0.5241580000147223
0.726263000164181
0.4610859998501837
0.4761279998347163
2.40401199972257
0.5335929999127984
0.5232359999790788
0.4728989996947348
0.4676279998384416
0.5407020002603531
0.5106449997983873
0.41648299992084503
0.3698350000195205
0.5178550002165139
0.39456199994310737
0.47787699988111854
0.413674000184983
0.43727899994701147
0.47633699979633093
0.45747199980542064
0.5382950003258884
0.41680900007486343
0.40382799971848726
0.41860900027677417
0.5297829997725785
0.4152979999780655
0.48115000035613775
0.4355930001474917
0.4159339996986091
0.444027999881655
0.4470810000784695
0.47206499986350536
0.3415029998868704
0.36307299975305796
0.3720840001478791
0.4346799999475479
0.4265149999409914
0.4305420001037419
0.47742099966853857
0.37071200041100383
0.42978399991989136
0.47079400019720197
0.44644200010225177
0.38534600008279085
0.46107700001448393
0.5359740001149476
0.3898189999163151
0.3580470001325011
0.4326829998753965
0.4252479998394847
0.37637400021776557
0.3941859998740256
0.5219030003063381
0.5234730001538992
0.368644000031054
0.3171399999409914
0.32159999990835786
0.3950910000130534
8.248393999878317
0.34150000009685755
0.37365199998021126
0.35047300020232797
0.388586999848485
0.5037659998051822
0.3328520003706217
0.4819590002298355
0.7745610000565648
0.37067800015211105
0.3660339997150004
0.49254299979656935
0.3285819999873638
0.4076399998739362
0.4445030000060797
0.48706999979913235
0.45421200012788177
0.42610799986869097
0.5686910003423691
0.3753739995881915
0.555174000095576
0.46500200033187866
0.4860299997963011
0.5115570002235472
0.4294850002042949
0.4478190001100302
0.40928000025451183
0.38695399975404143
0.42877399967983365
0.4513970003463328
0.37559300009161234
0.427430999930948
0.40468099992722273
0.4875809997320175
0.5583950001746416
0.5615019998513162
0.39890999998897314
0.37163699977099895
0.46495599998161197
0.47446299996227026
0.31799899972975254
0.39998199976980686
0.5041780001483858
0.41342899994924664
0.4893339998088777
0.45274300035089254
0.410674000158906
0.37209600023925304
0.4488160000182688
0.39531200006604195
0.3327559996396303
0.34422799991443753
0.4863709998317063
0.4154200004413724
0.42629800038412213
0.3233469999395311
0.40808900026604533
0.46805400028824806
0.4400180000811815
0.3469060002826154
0.3542120000347495
0.42843700014054775
0.3394079999998212
0.32325900020077825
0.4021399999037385
0.3112340001389384
0.33825100027024746
0.3447190001606941
0.4149259999394417
0.42919799964874983
0.48303399980068207
0.31805899972096086
0.3722210000269115
0.3394500003196299
0.41859700018540025
0.3179289996623993
0.3693960001692176
0.35206700023263693
0.39525199960917234
0.39261800004169345
0.43042000010609627
0.38223000010475516
0.363084000069648
0.3521529999561608
0.36147799994796515
0.503369000274688
0.46236300002783537
0.4157320000231266
0.37427900033071637
0.4158419999293983
3.110690999776125
0.3236519997008145
0.43566100019961596
0.5147199998609722
0.5773459998890758
0.557651000097394
0.47621800005435944
0.7144470000639558
0.40652000019326806
0.6029810002073646
0.4818780003115535
0.5750720002688468
0.46794599993154407
0.5558210001327097
0.6424730001017451
0.5291550001129508
0.5892719998955727
0.5928699998185039
0.5079390001483262
0.5912600001320243
0.4309799997135997
0.4542449996806681
0.4958719997666776
0.38535800017416477
0.45909899985417724
0.4034819998778403
0.502808999735862
0.43160999985411763
0.4792349999770522
0.525152999907732
0.4511380000039935
0.3803139999508858
0.4226049999706447
0.3585240002721548
0.46770199993625283
0.6777439997531474
0.4106719996780157
0.5093129999004304
0.3617839999496937
2.0961810001172125
0.4366779997944832
0.41124900011345744
0.33010599995031953
0.44839200004935265
0.3582939999178052
0.4300989997573197
0.5447959997691214
0.5807199999690056
0.3682509995996952
0.4866009997203946
0.5174859999679029
0.45420000003650784
0.46439800038933754
0.42774600023403764
0.44153100019320846
0.42596600018441677
0.45686199981719255
0.41533099999651313
0.3182109999470413
0.3384209997020662
0.47378600016236305
0.4352669999934733
0.5541449999436736
0.434493999928236
0.47085999976843596
0.4685140000656247
