7.60434400010854
1.4753590002655983
0.8350519998930395
0.843119999859482
1.0593269998207688
1.1391630000434816
1.1364939999766648
1.2167779998853803
0.878610999789089
0.9448779998347163
1.1885350001975894
0.9606670001521707
0.8215129999443889
0.8561920002102852
1.0908800000324845
1.4503560001030564
1.255388000048697
1.260768000036478
1.1732349996455014
2.964443000033498
2.662602999713272
1.289569000247866
1.454191000200808
1.0252260002307594
1.5064300000667572
2.176121999975294
2.5865650000050664
1.314350999891758
1.3656969997100532
1.213454000186175
1.0990289999172091
1.343049000017345
1.4133540000766516
1.395120000001043
1.309419000055641
0.8676539999432862
0.7684519998729229
0.7548349997960031
0.8496680003590882
0.8500489997677505
0.9415309997275472
1.096136000007391
1.0812650001607835
0.7600279999896884
1.000808000098914
1.0266189998947084
0.9688419997692108
2.066916999872774
1.1154979998245835
0.7159569999203086
1.1501380000263453
0.8118399996310472
1.627310000360012
0.7370629999786615
0.7927020001225173
0.7337129996158183
1.1171619999222457
0.7551640002056956
0.9068819996900856
0.9885590001940727
1.2436569998972118
1.1237949999049306
0.8229189999401569
0.849671000149101
1.0116220000199974
0.8619090002030134
1.244876000098884
1.3890940002165735
10.661427999846637
0.8692769999615848
1.2131770001724362
0.82169200014323
0.8193219997920096
0.8871760000474751
1.2192379999905825
0.9799640001729131
0.7499620001763105
0.9025079999119043
0.8145679999142885
0.8067979998886585
1.03539999993518
1.0227999999187887
0.776488000061363
0.7502709999680519
0.9942540000192821
0.8229839997366071
0.7677619997411966
0.9671889999881387
1.0553939999081194
0.7728400002233684
0.8197470000013709
0.8525499999523163
0.8494199998676777
1.0262879999354482
1.887347999960184
0.7618160001002252
1.0050079999491572
0.9706109999679029
0.8537179999984801
1.137178999837488
1.2560720001347363
1.1872720001265407
1.5091300001367927
1.1592420004308224
1.1935459999367595
1.1155900000594556
1.099592000246048
1.0315350000746548
1.62580700032413
1.0040290001779795
0.899894000031054
0.8060189997777343
1.2742310003377497
1.249900999944657
1.0995279997587204
1.1122590000741184
1.0209510000422597
1.081656000111252
0.8368270001374185
0.8903279998339713
0.8788109999150038
2.2964739999733865
0.933241999708116
0.8589949999004602
0.7522680000402033
0.9253570004366338
0.7546919998712838
0.9348309999331832
0.7951730000786483
0.7295379997231066
0.8463070001453161
0.682732000015676
1.051101999823004
1.2069459999911487
0.9708589999936521
0.9632419999688864
1.0019649998284876
1.1691870000213385
0.876250000204891
1.0671239998191595
1.2156870001927018
0.7307170000858605
0.8367030001245439
1.0334609998390079
0.9248019997030497
0.737098999787122
1.1178819998167455
0.7366769998334348
0.7308109998703003
0.9504590001888573
0.9482319997623563
0.9140820000320673
0.9317350001074374
0.8394430000334978
0.8301420002244413
0.7114010001532733
0.8038719999603927
0.8477730001322925
0.8250110000371933
1.0767719997093081
0.7674949998036027
0.9138960000127554
0.6517909998074174
0.8527490003034472
0.8436340000480413
0.6737730000168085
0.8955310001038015
0.7279730001464486
0.9602089999243617
0.8257149998098612
0.7599269999191165
0.7720169997774065
0.8432690002955496
1.1612160000950098
0.8497360004112124
1.099383999593556
1.012533999979496
0.7956109996885061
0.7320989998988807
0.6743550002574921
0.7479840000160038
0.96875
0.6971239997074008
0.7128829997964203
1.2401870000176132
1.4197940002195537
8.795532000251114
0.9392530000768602
1.05174700031057
1.0338510000146925
0.7953609996475279
0.9627060000784695
1.0278830002062023
1.2677439996041358
1.0579340001568198
1.3118430003523827
1.4581529996357858
1.128604999743402
0.9416220001876354
0.7005100003443658
1.0280120000243187
1.2819370003417134
0.8314350000582635
7.138425000011921
1.2571639996021986
0.9449140001088381
0.7931570000946522
0.9200610001571476
0.7710649999789894
1.08174500009045
0.8237849995493889
1.3125409996137023
0.9897809997200966
0.9980190000496805
1.0534880002960563
0.9149569999426603
0.9419869999401271
0.7840350000187755
0.8116369997151196
0.781437000259757
0.7556989998556674
0.7177639999426901
0.8566039996221662
1.058788999915123
0.74214500002563
0.9616410001181066
1.363969000056386
0.7635649996809661
0.90784200001508
0.8105279998853803
0.8049070001579821
0.8347730003297329
0.7882360001094639
0.7475090003572404
0.9279990000650287
0.6606779997237027
0.81468699965626
1.1474489998072386
1.1710089999251068
0.7779760002158582
0.9182460000738502
2.49089299980551
0.8250509998761117
0.9479809999465942
0.9540430000051856
0.7696110000833869
1.529320000205189
2.031959999818355
0.7396570001728833
1.0551390000618994
0.9136640001088381
0.9365620003081858
1.0970370001159608
0.9774970002472401
1.6573649998754263
1.0891049997881055
0.9005669998005033
1.1977220000699162
1.1173560000024736
0.8837979999370873
0.7625810001045465
1.091289000120014
0.8582740002311766
0.9868159997276962
0.9613689999096096
0.9517910000868142
0.9167200000956655
0.9262949996627867
1.0854619997553527
0.780742000322789
0.7528889998793602
1.466008999850601
1.2383949998766184
1.380456999875605
1.5337030002847314
1.2083519999869168
1.114871000405401
1.2177420002408326
1.3656099997460842
1.5567189999856055
1.9631380001083016
1.329201000276953
3.842969000339508
11.118935000151396
1.084474999923259
1.049337999895215
1.206569000147283
1.0067139999009669
1.2096779998391867
0.8869479997083545
0.7584529998712242
0.8793999999761581
0.9509890000335872
0.9378729998134077
1.002848000265658
1.0936300000175834
2.060829000081867
1.0566859999671578
0.9232049998827279
0.8750920002348721
0.823274000082165
0.9108220003545284
0.7651590001769364
1.0834769997745752
0.7207470000721514
1.0376010001637042
0.8971890001557767
0.8215749999508262
0.9997999998740852
0.9534009997732937
1.2024190002121031
0.9198130001313984
0.7886359998956323
0.9683880000375211
0.964612000156194
4.316077999770641
0.6778540001250803
1.0303560001775622
0.8573960000649095
0.7932819998823106
0.7216099998913705
2.266334999818355
0.7260900000110269
0.7276620003394783
0.8775760000571609
0.9032609998248518
0.7665440002456307
0.7812160002067685
0.7552769999019802
0.784882000181824
0.7911220001988113
0.8567339996807277
0.8867689999751747
0.8110710000619292
0.7185419998131692
0.6886559999547899
0.7080950001254678
0.7099400004372001
0.8046549996361136
0.8611099999397993
0.951106000225991
0.7016110001131892
0.7827270003035665
0.815582999959588
0.8305880003608763
0.9692350002005696
0.7160330000333488
1.0625460003502667
1.0350589998997748
0.9601189997047186
0.7798070004209876
0.7533800001256168
0.7804250000044703
0.7547570001333952
0.9256299999542534
0.9400100000202656
0.8202110002748668
0.6446229997090995
1.1300180000253022
1.0265230000950396
1.3309229998849332
0.8318139999173582
0.751153000164777
1.4160589999519289
1.1242510001175106
1.1119100004434586
2.675309999845922
12.321898999623954
1.3665720000863075
1.1650570002384484
0.9535910002887249
1.1207070001401007
1.1323649999685585
1.1233679996803403
14.808466999791563
1.2697990001179278
1.1010010000318289
1.0980589999817312
1.1782470000907779
0.9907039999961853
1.0145220002159476
0.7854869998991489
1.1338200001046062
1.002567999996245
1.1230669999495149
0.9558109999634326
0.8256419999524951
0.7480330001562834
0.927794000133872
1.7636330001987517
0.8501319997012615
0.9423349997960031
1.0561459995806217
0.9911190001294017
6.0449749999679625
0.9523900002241135
0.9009950002655387
0.8428949997760355
0.960717000067234
1.0551859997212887
0.9767179996706545
0.9681939999572933
0.9469459997490048
0.9434370002709329
2.9816680001094937
0.8245919998735189
0.9106220002286136
0.934954000171274
0.694995999801904
0.8291070000268519
0.9648699997924268
0.8223729999735951
0.9948899997398257
0.6870989999733865
0.7504670000635087
1.0339689999818802
0.6375160003080964
0.7541509997099638
0.9682559999637306
0.6741430000402033
0.9700150000862777
0.7541160001419485
0.7915449999272823
1.0521120000630617
0.9681419995613396
0.7278330000117421
0.8090659999288619
0.9622110002674162
0.7643709997646511
1.1168290004134178
0.9338299999944866
0.6392520000226796
1.0174059998244047
0.7183449999429286
0.6723489998839796
0.7972389999777079
0.898756000213325
0.8624070002697408
0.8088190001435578
0.9344140002503991
0.8244819999672472
0.8325049998238683
0.9771640002727509
0.8450330002233386
0.8640720001421869
0.7172570000402629
0.7533959997817874
0.6534020002000034
0.9429429997690022
1.1889519998803735
1.1561079998500645
1.1498469999060035
1.084470999892801
1.8299050000496209
1.120234000030905
2.009695000015199
1.3369350000284612
1.0511610000394285
1.2960819997824728
1.228212000336498
1.3403539997525513
1.4681269996799529
0.992247000336647
1.062334000132978
1.2183779999613762
1.336761999875307
1.2856329996138811
1.2034899997524917
1.1091450001113117
1.05632199998945
1.1727729998528957
1.4923339998349547
0.9988669999875128
1.124127000104636
0.8334929998964071
1.279821999836713
0.9844050002284348
1.0346639999188483
1.0264579998329282
1.1500189998187125
1.1198060000315309
0.8648190000094473
1.007406999822706
0.9554189997725189
1.0995049998164177
1.1381470002233982
1.1715710000135005
12.108878999948502
0.8640590002760291
0.8127700001932681
0.9111390002071857
6.192639000248164
0.7991270003840327
0.8344219997525215
1.119993000291288
1.2122490000911057
0.7344720000401139
0.8532039998099208
1.0656249998137355
0.9365590000525117
0.8872609999962151
0.9133660001680255
1.0151240001432598
0.8687869999557734
0.8132969997823238
0.7751370002515614
1.1370969996787608
0.7824409999884665
0.8633200000040233
0.7317059999331832
0.8738939999602735
0.9016489996574819
0.9911799998953938
0.8424410000443459
0.7543679997324944
0.97184900008142
1.2544169998727739
1.11845099972561
0.9091150001622736
0.7739699999801815
4.449024999979883
1.040151999797672
0.7330380002968013
1.0039359997026622
0.7293189996853471
0.8595730001106858
0.9171460000798106
0.9304910004138947
0.7829970000311732
0.7932779998518527
0.656413999851793
0.8078560000285506
0.7223310000263155
0.7746320003643632
0.8471320001408458
0.8965219999663532
1.062150999903679
0.9675180003978312
0.9766669999808073
1.113359000068158
1.6901650000363588
1.0265889996662736
4.494903000071645
1.1253969999961555
0.9950060001574457
1.0681870002299547
1.2001439998857677
0.9924309998750687
1.0215030000545084
0.8789119999855757
1.0335969999432564
0.8992660003714263
1.0563269997946918
1.0124010001309216
1.3644029996357858
0.9116810001432896
1.1178129999898374
0.9381270003505051
0.9085889998823404
0.9306549998000264
0.8696980001404881
0.8527110000140965
0.7926000002771616
0.8884550002403557
0.9637259999290109
0.9458459997549653
0.8945260001346469
0.7517609996721148
0.9160759998485446
0.9472500002011657
0.8557289997115731
0.7526199999265373
0.9393050000071526
3.725079999770969
0.7953200000338256
1.4514330001547933
0.8552399999462068
0.7821750002913177
0.8287260001525283
0.753182000014931
0.8015669998712838
0.9636750002391636
0.8950819997116923
0.9299729997292161
0.8545880001038313
0.9797860002145171
0.9043669998645782
0.8085940000601113
0.704169999808073
0.86396099999547
0.667274999897927
0.9080630000680685
3.994963999837637
0.9444999997504056
0.7023909999988973
0.9277989999391139
0.684681000187993
0.6653309999965131
0.7900569997727871
0.7510799998417497
0.805699999909848
1.1033330000936985
0.6083820001222193
0.6598419998772442
0.8053860003128648
0.8890729998238385
0.7074120002798736
0.803133999928832
0.6711030001752079
0.8516230001114309
0.7420709999278188
0.6848299996927381
0.8657519998960197
0.6812990000471473
0.9924580003134906
0.7508280002512038
0.8189599998295307
0.8107590000145137
0.8525399998761714
1.187150999903679
1.1628339998424053
1.0511549999937415
1.0836269999854267
0.9594549997709692
1.0791569999419153
1.570966999977827
0.9793989998288453
1.1888680001720786
0.9227789998985827
2.487211000174284
1.0181259997189045
0.8802579999901354
0.9760359995998442
0.8863609996624291
0.9799199998378754
0.9803870003670454
0.9373309998773038
1.1042249999009073
1.4063009996898472
0.9466879996471107
1.068694000132382
0.8295799996703863
0.8917499999515712
0.807461999822408
0.8005170002579689
1.0485660000704229
1.1222410001792014
0.8466059998609126
0.7140759998001158
0.6222179997712374
0.9029190000146627
1.050929999910295
0.725184999871999
0.857082000002265
0.765544000081718
0.9634589999914169
0.8130499999970198
0.986849999986589
1.0684360000304878
0.8703469997271895
0.7726639998145401
0.684406999964267
0.718034999910742
0.8117109998129308
0.8353059999644756
0.8978229998610914
0.8662799997255206
0.9844529996626079
0.7688480000942945
1.2436320004053414
0.8778010001406074
0.7042000000365078
0.7243539998307824
0.697199999820441
0.6122179999947548
0.7360490001738071
0.7243839995935559
0.7944669998250902
0.6888689999468625
0.8492449996992946
0.8233639998361468
0.9818680002354085
0.9107069997116923
0.8581789997406304
0.8215979998931289
0.90386199997738
0.7276859995909035
0.8373010000213981
0.9951889999210835
0.7738540000282228
0.64495600014925
1.170098999980837
0.9222220000810921
0.6346769998781383
0.8017120002768934
0.6812680000439286
0.8546609999611974
3.9791939998976886
0.9179360000416636
0.9612859999760985
0.9515039999969304
0.8066799999214709
0.777369000017643
0.9179239999502897
0.8823660002090037
0.9572850000113249
1.0781449996866286
1.0935510001145303
1.0348439998924732
1.055621000006795
0.975119000300765
0.9089620001614094
1.0196579997427762
1.1928079999051988
0.8643220001831651
1.2350180000066757
0.81011199997738
1.121302000246942
1.0038449997082353
0.7788109998218715
2.0439410000108182
1.119633000344038
1.2397809997200966
1.0509640001691878
0.9821140002459288
0.951513999607414
1.1013230001553893
0.9118510000407696
0.9782639998011291
0.6177920000627637
0.7137620002031326
0.9144890001043677
1.0235799998044968
1.2337719998322427
0.664818000048399
1.1323779998347163
1.000800000037998
0.872082999907434
0.7478430001065135
1.030262999702245
1.045794999692589
0.9665539995767176
0.8439810001291335
0.8582790000364184
0.8375610001385212
0.9528479999862611
1.0318360002711415
0.8031770000234246
0.9421149999834597
0.8694959999993443
0.94862399995327
0.8123749997466803
0.8488540002144873
0.8323260000906885
0.8630890003405511
0.7512040003202856
0.7890590000897646
0.9261329998262227
1.0099299997091293
0.9725130000151694
0.8192460001446307
0.7320720003917813
0.8173809996806085
0.8351769996806979
0.7409100001677871
0.948811000213027
1.0046970001421869
0.6718410002067685
0.8448660001158714
0.8118409998714924
0.7188850003294647
0.699500999879092
0.9208829998970032
0.7775220000185072
0.8771140002645552
0.8323139999993145
0.6634399998001754
0.7014939999207854
0.8217179998755455
0.8050069999881089
0.8967129997909069
0.7191340001299977
0.9122419999912381
0.6889050002209842
0.8611800000071526
12.93592800013721
1.0370040000416338
0.7592009999789298
0.6284639998339117
0.9113369998522103
0.7105139996856451
0.9371970002539456
3.080602999776602
1.0255490001291037
0.8827599999494851
0.9635179997421801
0.8951510000042617
0.9457310000434518
0.9528799997642636
1.0494010001420975
0.9768909998238087
1.058415999636054
0.929279999807477
0.9591140002012253
0.8570459997281432
1.23012899979949
0.9682620000094175
1.0179710001684725
1.120666999835521
0.7805030001327395
1.534250000026077
1.0407409998588264
0.974311999976635
1.0434989999048412
1.0905120000243187
0.8431400000117719
1.1438099998049438
1.041850000154227
0.9192640003748238
0.8239959999918938
0.8229700000956655
0.6315939999185503
0.9280909998342395
0.9138609999790788
0.9999950001947582
1.0678380001336336
9.438039000146091
0.8432229999452829
0.7495329999364913
0.8253939999267459
0.8262540004216135
1.0166130000725389
0.7042700001038611
0.9258579998277128
1.0012599998153746
0.7999090002849698
0.9569320003502071
0.8250830001197755
0.6644749999977648
0.6330130002461374
0.7095259996131063
0.9065439999103546
1.1093270001001656
0.8821849999949336
0.8606519997119904
0.8714870000258088
0.8483000001870096
0.7048459998331964
0.8537090001627803
0.8644790002144873
0.7591299996711314
0.87210200028494
0.7094340003095567
1.0472889998927712
0.7350969999097288
0.726626000367105
0.8196339998394251
1.0697220000438392
0.9870810001157224
1.045384000055492
0.7583730001933873
0.8802390000782907
0.8715550000779331
0.7736680000089109
0.9367529996670783
0.8721360000781715
0.9563409998081625
0.7511520003899932
0.9195420001633465
1.0346639999188483
0.9149329997599125
0.9448810000903904
0.8034969996660948
0.7863710001111031
0.9654089999385178
0.8457249999046326
1.0267679998651147
1.1343809999525547
1.0232739998027682
1.2907929997891188
1.0123679996468127
1.1758179999887943
1.2348710000514984
0.8862250000238419
0.8778530000708997
0.9784429999999702
0.9695059997029603
0.9963279999792576
1.0926900003105402
1.02154800016433
0.8498980002477765
0.9906210000626743
1.0352809997275472
0.8896549995988607
0.9176080003380775
0.9818580001592636
0.9354940000921488
0.9131249999627471
8.938755999784917
1.1372209996916354
0.9939419999718666
0.8857769998721778
0.8029219997115433
0.7786910003051162
0.745227999985218
0.9182299999520183
0.7409299998544157
0.819126000162214
1.0113040003925562
0.7711660000495613
0.911022000014782
1.1660849996842444
0.6631050002761185
0.753458000253886
0.8977520000189543
0.8300179997459054
0.7273219996131957
0.7014949996955693
0.8374429997056723
0.8650070000439882
0.9274070002138615
0.8809020002372563
0.826179999858141
0.9848199998959899
0.9278170000761747
0.9013360003009439
0.8295919997617602
0.659880000166595
0.7095079999417067
0.8452659999020398
0.9797899997793138
0.768881999887526
0.8000749996863306
1.9744989997707307
0.7981839999556541
0.6738139996305108
0.8916899999603629
0.5614809999242425
0.6328050000593066
0.7484420002438128
0.9064899999648333
0.642475999891758
0.7500100000761449
0.8935449998825788
0.6531050000339746
0.6977010001428425
0.6162069998681545
0.7394860000349581
0.8075160002335906
0.8354310002177954
0.6148850000463426
0.6431950000114739
0.9436099999584258
0.8852290003560483
1.2509550000540912
0.8578570000827312
0.9662689999677241
0.831294999923557
0.7272359998896718
0.7294530002400279
0.9708179999142885
0.9060999997891486
1.0835470003075898
1.158744000364095
1.1213549999520183
0.9857749999500811
1.2169630001299083
0.7916699997149408
1.0615699999034405
1.3142949999310076
3.0248239999637008
1.0495679997839034
0.9129119999706745
1.007339000236243
1.0133739998564124
1.0567830000072718
1.58491799980402
0.9751519998535514
0.9126120000146329
1.0265199998393655
0.9390269997529685
0.7397030000574887
1.0690379999578
0.6212010001763701
0.7624820000492036
6.556704999879003
0.9907419998198748
0.8223850000649691
0.8517700000666082
0.700124999973923
0.8428890001960099
0.9041220000945032
0.8071779999881983
0.6870289999060333
0.7090300000272691
0.6565809999592602
0.87862000009045
0.6416830001398921
0.9396790000610054
3.295543000102043
0.7948239999823272
0.6770770000293851
0.6209140000864863
1.3144460003823042
1.023683000355959
0.8458549999631941
0.9725029999390244
0.6588810002431273
0.8219300000928342
0.6512730000540614
0.9004190000705421
0.7487560003064573
0.7918170001357794
1.055796000175178
1.0071720001287758
0.8074169997125864
7.947151999920607
0.8305589999072254
0.8447160003706813
0.9666890003718436
0.746450999751687
0.6011299998499453
1.0660749999806285
1.0543939997442067
0.7704519997350872
0.8861279999837279
0.8641960001550615
0.8495029998011887
0.9172350000590086
0.8548070001415908
1.0782020003534853
0.9660800001583993
0.7413619998842478
1.077151000034064
0.7800920000299811
0.7061959998682141
0.7480339999310672
0.8203019998036325
1.1109409998171031
1.2519730003550649
0.7271089996211231
0.8356739999726415
0.9938870002515614
0.8801389997825027
0.9673620001412928
0.9576900000683963
1.165704000275582
1.1568999998271465
0.9714279999025166
1.3206130000762641
1.36749600013718
0.9571940000168979
1.0072299996390939
1.60238999966532
0.966717999894172
1.0758750000968575
1.1618860000744462
1.138503999914974
1.2945960001088679
0.9947750000283122
1.015360000077635
0.9942270000465214
1.2114430000074208
0.8542940001934767
1.1312049999833107
1.0060420003719628
0.9308489998802543
10.453954000025988
1.4763839999213815
0.9549529999494553
0.8059580000117421
15.748728000093251
1.1264680000022054
0.6552019999362528
0.9462089999578893
0.9058289998210967
0.9168710000813007
1.0609589996747673
0.8912689997814596
0.927778999786824
0.9166799997910857
0.9362019998952746
0.6103810002095997
0.7097829999402165
0.703046000096947
0.7414080002345145
0.8235150002874434
0.7134630000218749
0.6681510000489652
0.6123489998281002
0.6871180003508925
0.6969509995542467
0.7489830004051328
0.8184009999968112
0.7502009999006987
1.0125870001502335
0.8179440000094473
0.867056000046432
0.586066999938339
0.7655000002123415
0.6896150000393391
0.9148020003922284
0.930079999845475
0.935120000038296
0.8309300001710653
0.6541330004110932
0.9064400000497699
0.7099520000629127
0.8375519998371601
8.034626000095159
0.8550509996712208
0.6957580000162125
0.6537510002963245
0.8542989999987185
0.8473899997770786
2.62544499989599
0.7455179998651147
0.8386659999378026
0.8090660003945231
0.7352970000356436
1.1439060000702739
0.7102469997480512
0.7492919997312129
4.471386999823153
0.7993339998647571
0.9329860000871122
0.7505279998295009
0.6618309998884797
0.7426550001837313
0.9966690000146627
1.1218289998359978
1.0715179997496307
1.1283330000005662
0.8794690002687275
0.8982549998909235
0.9797209999524057
1.1978919999673963
1.1948520001024008
0.9728709999471903
1.2552470001392066
1.0589959998615086
1.0827219998463988
1.0988340000621974
1.050239000003785
0.7977459998801351
0.812332000117749
1.1218820000067353
1.0444450001232326
2.3064880003221333
0.9761779997497797
1.5069280001334846
0.9953439999371767
1.2198859998025
1.0551439998671412
1.0162120000459254
1.0054330001585186
0.8658420001156628
0.974309999961406
0.9564339998178184
1.024799999780953
0.8523090002126992
0.974153000395745
0.9383290000259876
0.8255429998971522
0.9457350000739098
0.8003750001080334
1.1818349999375641
0.9033900001086295
0.7793600000441074
0.6730760000646114
0.813400000333786
0.6610559998080134
0.8639450003392994
0.7761939996853471
0.7085339999757707
0.8395650000311434
0.9661670001223683
0.8816229999065399
0.8077090000733733
0.7691420000046492
0.6192260002717376
0.8276979997754097
0.9048089999705553
0.6983159999363124
0.7701420001685619
0.8880030000582337
0.6602590000256896
0.9957269998267293
0.8440960003063083
0.730403000023216
0.7525929999537766
0.830757999792695
0.6538240001536906
0.7798060001805425
0.8517080000601709
0.7643670001998544
0.6438959999941289
0.8436719998717308
0.7490110001526773
0.8495700000785291
0.8568559996783733
0.7898280001245439
0.8395219999365509
0.8285749997012317
0.8259920002892613
0.7560499999672174
1.0058040004223585
0.821324999909848
0.6215810002759099
0.8681529997847974
0.7671050000935793
0.8438800000585616
0.7469609999097884
0.9893339998088777
1.2194249997846782
1.077953000087291
1.0663490002043545
1.0234219999983907
1.0650189998559654
0.8013989999890327
1.140632000286132
1.080882000271231
0.874993999954313
0.8718569995835423
0.9301469996571541
0.9521479997783899
1.0530659998767078
1.0007099998183548
0.9774159998632967
0.6580449999310076
1.365993999876082
1.129856000188738
1.0005740001797676
1.0557180000469089
0.8401800002902746
0.7581269997172058
0.9280620003119111
0.828129000030458
0.9791490002535284
0.9958959999494255
0.7115670000202954
0.6171559998765588
0.9021359998732805
2.085985000245273
0.9762079999782145
1.0875369999557734
1.008731999900192
0.6936659999191761
0.8175280001014471
0.7798790000379086
0.8343460001051426
0.8506760001182556
0.6546000000089407
0.7777760000899434
12.781609000172466
1.0903199999593198
0.8965450003743172
0.7273510000668466
0.8914910000748932
0.7176820002496243
0.8339149998500943
0.8642489998601377
0.6898179999552667
0.5890210000798106
0.8458489999175072
0.8825779999606311
0.8615349996834993
0.9964709999039769
1.1672140001319349
0.6990820001810789
0.7525269999168813
1.033114000223577
0.9345740000717342
0.9514290001243353
0.8612409997731447
0.7857620003633201
0.8050439995713532
0.8803579998202622
0.8778579998761415
0.8616960002109408
0.8834560001268983
1.088810000102967
0.8226900002919137
0.6478540003299713
0.6772629995830357
0.840660999994725
0.8464259998872876
0.7569010001607239
0.9270009999163449
0.7791079999879003
0.7881660000421107
0.7957770000211895
0.8162230001762509
0.939694999717176
0.8851950000971556
0.6368539999239147
0.8246410000137985
0.5740729998797178
0.8926070001907647
1.012806999962777
0.9175129998475313
1.1052069999277592
1.164365999866277
1.0564920003525913
1.08051300002262
1.1222230000421405
1.0065680001862347
0.9280880000442266
1.1490269997157156
1.383133000228554
1.1061639999970794
0.9217509999871254
1.9136319998651743
1.0809819996356964
0.9297159998677671
1.243921000044793
0.9403880001045763
1.0563569995574653
1.0063819997012615
0.977477999869734
0.8717549997381866
0.8350269999355078
0.9845619997940958
0.7191270003095269
0.6237070001661777
0.9775049998424947
0.7353159999474883
0.648928000126034
0.6980010000988841
0.8082820000126958
0.8943899995647371
0.8596769999712706
0.8073370000347495
0.8469549999572337
0.7286149999126792
0.8329229997470975
0.8133350000716746
0.755660000257194
0.7843969999812543
0.9078520000912249
0.6802570000290871
1.1473700003698468
0.8612500000745058
0.7604660000652075
0.614231999963522
0.6930010002106428
0.8521590000018477
1.0625259997323155
0.9534780001267791
0.8237979998812079
0.7397499997168779
0.8434029999189079
1.0073460000567138
0.5993940001353621
0.8214759998954833
0.6092600002884865
0.6244300003163517
0.5505249998532236
0.88231399981305
0.8651649998500943
0.8001310001127422
0.9045950002036989
0.6664309999905527
0.8124520001001656
0.8343990002758801
0.7450440004467964
0.7055509998463094
0.8229180001653731
0.7253550002351403
0.8696300000883639
0.7070200000889599
0.6395930000580847
0.8858659998513758
0.6027299999259412
0.7256630002520978
8.783425000030547
0.8093389999121428
1.040959999896586
4.027865000069141
0.8940909998491406
0.8764129998162389
2.225815000012517
0.6512690000236034
0.7208110000938177
0.8421900002285838
0.8266110001131892
1.0368229998275638
0.9498910000547767
1.101427000015974
0.7345420001074672
5.006060000043362
0.9489039997570217
0.9199929996393621
0.9576809997670352
1.1750130001455545
1.027187000028789
1.0634530000388622
1.0859059998765588
1.0832070000469685
0.8609100002795458
0.9164549997076392
0.9005669998005033
0.8686790000647306
0.9501330000348389
0.9605379998683929
0.9546629996038973
0.8738589999265969
0.5854829996824265
0.9824190000072122
0.7113649998791516
0.7163299997337162
0.6209169998764992
0.7456360002979636
0.7057380001060665
0.8257359997369349
0.7562540001235902
0.6777899996377528
0.6898260000161827
0.822195999789983
0.9451240003108978
0.7875599996186793
0.6286490000784397
0.7890270003117621
0.8920110003091395
0.6299149999395013
0.7275910000316799
0.7058960003778338
0.7737559997476637
0.7125900001265109
0.7668079999275506
0.7235389999113977
0.835120000410825
0.5976510001346469
0.5548330000601709
0.7541149999015033
0.6573120001703501
0.7437930000014603
0.6297170002944767
0.6785200000740588
0.7094109999015927
0.6812960002571344
0.6866709999740124
0.9237409997731447
0.5675029996782541
0.6613360000774264
0.6731960000470281
0.6710310000926256
0.6291530001908541
0.7022210001014173
0.6365120001137257
0.8757710000500083
0.5684730000793934
0.7016389998607337
0.7776260003447533
0.5825799996964633
0.8138040001504123
0.6333269998431206
0.8105799998156726
0.735516999848187
0.617407999932766
0.7401189999654889
0.9650559998117387
3.2256900002248585
0.7120909998193383
0.7080500000156462
0.592877000104636
0.8112600003369153
0.6230119997635484
0.7638090001419187
0.703140000347048
0.8731100000441074
1.0880589997395873
0.961951999925077
0.9820260000415146
0.5776029997505248
1.2528230003081262
0.8744200002402067
0.779914999846369
1.162765999790281
0.8423459995537996
0.8768960000015795
0.8469289997592568
1.2146900002844632
1.041283999569714
0.9204799998551607
0.9527779999189079
0.7932319999672472
1.2201879997737706
0.8006890001706779
0.7792569999583066
0.8337289998307824
0.7672749999910593
0.7984130000695586
1.0698649999685585
0.7255820003338158
0.8697640001773834
0.9361199997365475
1.0591969997622073
1.0263439998961985
0.8365599997341633
0.7292169998399913
0.8223669999279082
0.8822439997456968
0.8273630002513528
0.848346000071615
0.8134240000508726
0.9229150000028312
0.66410499997437
0.7546470002271235
0.7844760003499687
0.824690000154078
0.808701999951154
0.7993870000354946
0.6559540000744164
0.8057439997792244
0.7652469999156892
9.513140000402927
0.6463899998925626
0.7596680000424385
0.8534260001033545
0.8088569999672472
0.9165210002101958
0.8645319999195635
0.6486700000241399
0.7058129999786615
0.8218970000743866
0.7690799999982119
0.7690150002017617
0.6867169998586178
0.6993660000152886
0.5942139998078346
0.7386449999175966
0.8557259999215603
0.6899259998463094
0.6512460000813007
0.6336070001125336
0.7016670000739396
0.6429090001620352
0.8499190001748502
0.6504529998637736
0.7993589998222888
0.5789330000989139
0.6170229995623231
0.6188749996945262
0.5950780003331602
0.824492999818176
0.8616849998943508
0.5542350001633167
0.5790389999747276
1.1257399995811284
0.7529820003546774
0.6463939999230206
0.6394540001638234
0.5881509999744594
0.700049000326544
0.815417000092566
0.8901450000703335
1.055612999945879
0.9052850003354251
0.8751349998638034
0.9046319997869432
0.8243140000849962
1.0221900003962219
0.95849599968642
0.8707590000703931
2.0507029998116195
1.1404920001514256
0.9402320003136992
1.0663250000216067
0.9645950002595782
0.9769290001131594
1.5124719999730587
0.9485170003026724
1.0317149995826185
0.9239059998653829
0.9972280003130436
1.0782149997539818
0.9069910002872348
0.7508189999498427
0.7884949999861419
1.0285439998842776
0.9454930000938475
0.9231620002537966
0.7797010000795126
1.0077550001442432
0.9263499998487532
0.8892210000194609
0.8513179998844862
0.8619039999321103
0.9772509997710586
0.5981140001676977
0.8794040000066161
0.8908660002052784
0.9018779997713864
0.8874320001341403
0.9528160002082586
0.8073950000107288
0.7811859999783337
0.9191390001215041
1.0644509997218847
0.5783969997428358
0.8960569999180734
0.8012640001252294
1.005468999966979
0.9772419999353588
0.9058030000887811
0.8906009998172522
0.8649319997057319
0.7160660000517964
0.7672949996776879
0.8475699997507036
0.9372109998948872
0.8846749998629093
0.7096659997478127
0.9785859999246895
1.4322199998423457
1.1493080002255738
0.7450649999082088
0.6535349995829165
0.8402420002967119
0.8731179996393621
0.7024300000630319
0.5928919999860227
0.9360960000194609
1.5080120000056922
1.0660149999894202
0.6800750000402331
0.8469159998930991
0.823985000140965
0.9952790001407266
0.6688870000652969
0.9258240000344813
1.3555470001883805
17.424691999796778
0.8514690003357828
0.8163710003718734
0.975196999963373
0.9130199998617172
0.8413200001232326
1.0045509999617934
1.0802079997956753
0.9800100000575185
1.1321569997817278
0.9988139998167753
1.0852540000341833
1.2179359998553991
0.9142419998534024
1.09241299983114
1.0890430002473295
0.9136500000022352
1.6145840003155172
1.1612260001711547
1.0811200002208352
0.9351490000262856
0.8337349998764694
0.9845120003446937
1.117168000433594
0.8694629999808967
0.9800560004077852
0.8591809999197721
0.8093580002896488
1.0297139999456704
1.185289999935776
0.9546750001609325
1.0485999998636544
0.7404289999976754
0.7419449998997152
0.7989550000056624
0.677428999915719
0.9611669997684658
0.8522769999690354
0.6836729999631643
0.8619180000387132
0.8676470001228154
0.7755390000529587
0.848233999684453
0.7990999999456108
0.8483349997550249
0.7300720000639558
0.7925579999573529
0.7744229999370873
0.9181210002861917
0.9287390001118183
0.8144189999438822
0.7256559999659657
2.072239000350237
0.843643999658525
0.7020930000580847
0.8729840000160038
0.8092910000123084
0.8786180000752211
0.8374530002474785
3.8357669999822974
0.6236300002783537
0.6917909998446703
0.9817289998754859
0.6114550000056624
0.8780499999411404
0.7167009999975562
0.6267990004271269
0.7818979998119175
0.8002999997697771
0.7914939997717738
0.7399189998395741
0.9704610002227128
0.9292069999501109
0.6174759999848902
0.7398429997265339
0.82115099998191
0.7534019998274744
0.5887029999867082
0.9285210003145039
8.085994999855757
0.9115940001793206
0.8521170001477003
1.0249189999885857
0.8089160001836717
0.829624000005424
0.7722859997302294
0.9557239999994636
0.776221000123769
0.6146149998530746
0.9851680002175272
0.7069409997202456
0.9460979998111725
0.8281359998509288
0.8765670000575483
1.119438000023365
0.8452840000391006
0.7730799997225404
1.2216080003418028
1.2617600001394749
1.0808269996196032
1.017126000020653
0.91137700015679
2.069919000379741
0.9113110001198947
1.346829999703914
0.7772349999286234
0.9321739999577403
1.2949500000104308
1.1120369997806847
1.102237000130117
0.9279320002533495
0.7691490002907813
0.9919549999758601
1.0416200002655387
0.9072170001454651
0.9385110000148416
0.874921000096947
0.7698180000297725
0.869886000175029
0.9724959996528924
1.5515549997799098
0.9035290000028908
0.869690999854356
0.6448230003006756
1.079550000373274
0.9066279996186495
0.8712900001555681
0.6222950001247227
0.6148700001649559
0.6448369999416173
0.9112810003571212
0.9061960000544786
3.03725800011307
0.602209999691695
0.7769480003044009
0.5503759998828173
0.8519200002774596
1.0471489997580647
0.6105190003290772
0.6877520000562072
0.7893070001155138
0.826454000081867
0.8013230003416538
0.7882670001126826
0.8283969997428358
0.8107810001820326
0.8366499999538064
1.1345870001241565
0.9353620000183582
0.8250930001959205
0.5793980001471937
0.5856909998692572
0.9120419998653233
0.8098689997568727
1.000876999925822
0.9102520002052188
0.7997260000556707
0.8645180002786219
0.763679999858141
0.6922779995948076
0.7839460000395775
0.623157000169158
0.6225259997881949
0.8666630000807345
0.7246530000120401
0.6073450003750622
0.9476380003616214
0.7473720000125468
0.7142519997432828
0.8656210000626743
0.6353890001773834
0.8809360000304878
2.45905700000003
0.6181289996020496
0.8192499997094274
0.766170000191778
0.9084520000033081
0.935207000002265
0.8084439998492599
0.9159160000272095
1.2650239998474717
1.030819000210613
0.9332329998724163
0.9162759999744594
1.0405839998275042
0.9384809997864068
0.9121509999968112
1.158886999823153
0.9816330000758171
0.9987880000844598
1.0555819999426603
8.11866099992767
0.6827579997479916
1.0376430000178516
7.9913230002857745
0.8468499998562038
0.7570750000886619
0.9112060000188649
0.8830879996530712
1.0183729999698699
0.8754539997316897
1.0933799999766052
1.004602000117302
0.9285599999129772
0.8350670002400875
2.206060000229627
1.079530999995768
0.7263179998844862
0.8258309997618198
0.7159210001118481
0.9610439999960363
0.8503600000403821
0.7094229999929667
0.9048890001140535
0.761737999971956
1.03415900003165
0.7341789999045432
0.7649919996038079
0.6173580000177026
0.831814999692142
0.7933640000410378
0.5403760001063347
0.6097599999047816
0.6156799998134375
0.5279199997894466
0.630929000210017
0.6392600000835955
0.8413909999653697
0.7751090000383556
0.5580540001392365
0.6664919997565448
0.6346289999783039
0.7275549997575581
0.7412859997712076
0.7767179999500513
0.7319379998371005
0.7143669999204576
0.5763050001114607
0.8219109997153282
0.6477339998818934
0.7296850001439452
2.5074439998716116
0.6581510002724826
0.6834969995543361
0.7497709998860955
0.5937969996593893
0.8611569995991886
0.6831380003131926
0.5350649999454618
0.7625499996356666
0.5788920000195503
0.8220659997314215
0.5305539998225868
0.8470330000855029
0.8488190001808107
0.6302809999324381
0.6589349997229874
0.6642140001058578
0.7728380002081394
0.8203990003094077
0.9171040002256632
0.7743710000067949
1.4776189997792244
0.8259789999574423
0.8864799998700619
1.3917199997231364
0.8524380000308156
1.0484309997409582
0.9706660006195307
1.0009059999138117
0.8989279996603727
0.7802200000733137
0.9713559998199344
0.8554449994117022
1.1473679998889565
0.8389440001919866
0.9139820002019405
0.9128890000283718
0.9675500001758337
0.9325379999354482
0.7149610007181764
0.8590529998764396
0.8615720001980662
0.8444290002807975
0.7212649993598461
0.8052960000932217
0.6819730000570416
0.8866140004247427
0.9538430003449321
0.6189379999414086
0.8767170002683997
0.7142439996823668
0.7430119998753071
0.8748849993571639
0.8272649999707937
0.8228110000491142
0.8296380005776882
0.7433310002088547
0.7506949994713068
0.7370559992268682
0.8992010001093149
0.8802660005167127
0.8770479997619987
0.783724999986589
0.7686400003731251
0.6808839999139309
0.718669000081718
0.7381949992850423
0.9260639995336533
0.7692480003461242
0.7073490004986525
1.0547580001875758
0.6436060005798936
0.8737979996949434
0.7327069994062185
0.7961720004677773
0.5946429995819926
0.6614129999652505
0.6308220000937581
0.61353600025177
0.78725800011307
0.5876250006258488
0.7211000006645918
0.8481189999729395
0.8457169998437166
0.7624610001221299
0.6493400000035763
0.8894609995186329
0.7265070006251335
0.711718000471592
0.6001189993694425
0.7854160005226731
0.7147110002115369
0.8569149998947978
0.6102410005405545
0.727225000038743
0.6782729998230934
0.7405849993228912
0.6325550004839897
0.8881670003756881
0.7809480000287294
0.8224269999191165
0.7111129993572831
0.7449970003217459
0.7329230001196265
0.6372430007904768
1.0337320007383823
1.097715999931097
0.8699380001053214
0.8390540005639195
0.7919300002977252
1.0787789998576045
1.0024979999288917
0.8514159992337227
0.9836689997464418
1.1807069992646575
1.0691430000588298
0.9969780007377267
0.8179749995470047
0.870949000120163
1.098581999540329
0.8383670002222061
0.8805320002138615
1.0222100000828505
0.8899870002642274
0.9512080000713468
0.8844200000166893
