0.4786460008472204
0.4051580000668764
1.6557700000703335
0.4687909996137023
0.34441700018942356
0.41729099955409765
0.41233100090175867
0.394336000084877
0.18452499993145466
0.20750499982386827
0.1885159993544221
0.2964550005272031
0.20787999965250492
0.374677000567317
0.36269900016486645
0.48071299958974123
0.38951800018548965
0.45674800034612417
0.37760800030082464
0.36167600005865097
0.38263600040227175
0.3786509996280074
0.2402470000088215
0.23495799954980612
0.6583070000633597
0.6070050001144409
0.6303449999541044
0.6038619996979833
0.6009189998731017
0.6203180002048612
0.630723999813199
0.7246549995616078
0.704712999984622
0.707311000674963
0.7348450003191829
0.6183589994907379
0.7772779995575547
0.6970139993354678
0.603544999845326
0.6735149994492531
0.7166590001434088
0.5978600000962615
0.6124390000477433
0.7124070003628731
0.6550279995426536
0.24073299951851368
0.23359400033950806
0.24002800043672323
0.23946399986743927
0.3408789997920394
0.28974000085145235
0.25750499963760376
0.23733199946582317
0.19025100022554398
0.22223700024187565
0.24201599974185228
0.275025999173522
0.21654400043189526
0.25421399995684624
0.2144020004197955
0.2233739998191595
0.20686099957674742
0.3410670002922416
0.20670200046151876
0.2254479993134737
0.21432400029152632
0.23445900063961744
0.32048700004816055
0.20889899972826242
0.2062069997191429
0.2514749998226762
0.3752779997885227
0.2725579999387264
0.36734599992632866
0.3509440002962947
0.3736209999769926
0.5714349998161197
0.6369230002164841
0.6293170005083084
0.553961000405252
0.4278370002284646
0.573339999653399
0.5200150003656745
0.5705980006605387
0.21355600003153086
0.18327799998223782
0.1910020001232624
0.18611100036650896
0.1983890002593398
0.17925200052559376
0.2712610000744462
0.2142940005287528
0.24448399990797043
0.37882100045681
7.790885999798775
0.23054000083357096
0.41813099943101406
0.2449590004980564
0.19575299974530935
0.23110400047153234
0.16965300031006336
0.19825699925422668
0.1970689995214343
0.17724299989640713
0.18210200034081936
0.39865100011229515
0.41420200001448393
0.42772299982607365
0.3698650002479553
0.31481500063091516
0.2734129996970296
0.36479200050234795
0.24864100012928247
0.7020279997959733
0.3847830006852746
0.7070690002292395
0.6126220002770424
0.23971200082451105
0.22075700014829636
0.21466400008648634
0.21027700044214725
0.38624299969524145
0.20608000084757805
0.4584010001271963
0.24488999973982573
0.228430999442935
0.2634270004928112
0.22282300051301718
0.23149500042200089
0.22183100041002035
0.22262799926102161
0.23891799990087748
0.224995999597013
0.22439599968492985
0.3053980004042387
0.25678000040352345
0.2672029994428158
0.2101910002529621
0.23592100013047457
0.20510799996554852
0.2274150000885129
0.3039380004629493
0.3527410002425313
0.20337700005620718
0.25428999960422516
0.19951600022614002
0.2129170000553131
0.20025300048291683
0.3320700004696846
0.45478300005197525
0.20794000010937452
0.21622900012880564
0.28991000074893236
0.21909300051629543
0.3221009997650981
0.21812899969518185
0.22494500037282705
0.22023599967360497
0.21620299946516752
0.19284300040453672
0.2410039994865656
0.2193669993430376
0.20107500068843365
0.2372179999947548
0.17941700015217066
0.22540299966931343
0.20833799988031387
0.23380300030112267
0.24929900001734495
0.20258499961346388
0.1899299994111061
0.21848100051283836
0.16919799987226725
0.21094999928027391
0.47411599941551685
0.20526800025254488
0.28157399967312813
0.1974410004913807
0.26034099981188774
0.3613010002300143
0.39896100014448166
0.2225639997050166
0.2551040006801486
0.3165729995816946
0.30196100007742643
0.2152869999408722
0.533699999563396
0.544336000457406
0.511307000182569
0.29768200032413006
0.3546569999307394
0.351044999435544
0.2205950003117323
0.3404820002615452
0.29885200038552284
0.3652470000088215
0.20761200040578842
0.2823930000886321
0.1838969998061657
0.24933400005102158
0.18569999933242798
0.27779500000178814
0.2264809999614954
0.20294900052249432
0.21557699982076883
0.22604999970644712
0.21425799932330847
0.23195600043982267
0.21337799914181232
0.22150800004601479
0.21428600046783686
0.24303600005805492
0.3880369998514652
0.25534099992364645
0.24057899974286556
0.36267400067299604
0.41445299983024597
0.32521899975836277
0.34489599987864494
0.36323900055140257
0.4024200001731515
0.35133100021630526
0.2518200008198619
0.20623499993234873
0.20602199994027615
0.2408779999241233
0.22257199976593256
0.18548000045120716
0.23717599920928478
0.20180500019341707
0.19268000032752752
0.2292349999770522
0.1892529996111989
0.18161700014024973
0.1649980004876852
0.2186400005593896
0.1800560001283884
0.2285759998485446
0.19935300014913082
0.19331599958240986
0.19524199981242418
0.20937199983745813
0.22917500045150518
0.2334429994225502
0.5417160000652075
0.45968000032007694
0.4549719998613
0.5067960005253553
0.893737000413239
0.48297400027513504
0.5358250001445413
0.580502999946475
0.5915239993482828
0.48500899970531464
0.4373310003429651
0.5617690002545714
0.5808170000091195
0.5458189994096756
0.4848910002037883
0.5710730003193021
0.5092280004173517
0.22207199968397617
0.21237600035965443
0.562550000846386
0.6306879995390773
0.4564589997753501
0.5113819995895028
0.4956280002370477
0.4075629999861121
0.19187100045382977
0.19774399977177382
0.5509409997612238
0.28839300014078617
0.3286760002374649
0.32350900024175644
0.47107800003141165
0.17905400041490793
0.19447800051420927
0.42305400036275387
0.34893300011754036
0.4195289993658662
0.36457900051027536
0.43986500054597855
0.5161480000242591
0.4066079994663596
0.3838670002296567
0.39660000056028366
0.362572000361979
1.0379229998216033
0.23902799934148788
0.2322570001706481
0.43263200018554926
0.2825899999588728
0.23562700022011995
0.21027799975126982
0.22123399935662746
0.2651840001344681
0.24036499951034784
0.21867800038307905
0.2121639996767044
0.35540200024843216
0.3840020000934601
0.31692999973893166
0.1871330002322793
0.3280840003862977
0.40808000043034554
0.45241000037640333
0.23898100014775991
0.21546099986881018
0.21588900033384562
0.18671400006860495
0.24099200032651424
0.2298309998586774
0.21417299937456846
0.21438900008797646
0.1959469998255372
0.26547500025480986
0.21588900033384562
0.24447700008749962
0.16329599916934967
0.2571409996598959
0.17207800038158894
0.19080999959260225
0.2000409997999668
0.2734219999983907
0.3226680001243949
0.29919799976050854
0.2969819996505976
0.29493900015950203
0.332736000418663
0.348539000377059
0.24317600019276142
0.2061450006440282
0.20147700048983097
0.6781490007415414
0.20601600036025047
0.6651799995452166
0.21009899955242872
0.3665860006585717
0.3572909999638796
0.46023499965667725
0.3853540001437068
0.3311419999226928
0.37721800059080124
0.338535999879241
0.3596459999680519
0.18646600004285574
0.1815789993852377
0.19288299977779388
0.21636699978262186
0.2165290005505085
0.21867799945175648
0.24364199955016375
0.16401700023561716
0.21260400023311377
0.16650400031358004
0.18250499945133924
1.074767000041902
0.20238499995321035
0.1962320003658533
0.19230399932712317
0.5799989998340607
0.24345800001174212
0.19778400007635355
0.2163079995661974
0.2689469996839762
0.46080500073730946
0.37037800066173077
0.18068300001323223
0.5966309998184443
0.5899729998782277
0.6768679991364479
0.6477910000830889
0.8679019995033741
0.6554310005158186
0.22095899935811758
0.48835100047290325
0.5588689995929599
0.5104189999401569
0.2629909999668598
0.20268500037491322
0.20683499984443188
0.23497300036251545
0.23919300083070993
0.21736500039696693
0.2431690003722906
0.2340860003605485
0.2348449993878603
0.23348599951714277
0.23409899976104498
0.22661800030618906
0.19063400011509657
0.26027700025588274
0.41450800001621246
0.19756199978291988
0.21097500063478947
0.21844200044870377
0.2685580002143979
0.23064099997282028
0.2137090004980564
0.23557900078594685
0.266100000590086
0.22426300030201674
0.20482399966567755
0.2242390001192689
0.22471600025892258
0.17939199972897768
0.22312500048428774
0.21373200044035912
0.21461600065231323
0.6285640001296997
0.6123530007898808
0.20611099991947412
0.25650500040501356
0.21611199993640184
0.22051399946212769
0.18213299941271544
0.21867899969220161
0.17598000075668097
0.18971800059080124
0.2215679995715618
0.18454699963331223
0.19176199939101934
1.9022420002147555
0.23417000006884336
0.20988600049167871
0.5385949993506074
0.5665009999647737
0.5045790001749992
0.5075300000607967
0.5811199992895126
0.30631699971854687
0.1863339999690652
0.24506100080907345
0.20452499948441982
0.4178769998252392
0.4184049991890788
0.37304800003767014
0.36402600072324276
0.3367600003257394
0.3506690002977848
0.36132699996232986
0.3543449994176626
0.20414899941533804
0.2058490002527833
0.21853100042790174
0.23176900018006563
0.24700700026005507
0.19055299926549196
0.24856900051236153
0.17234900034964085
0.22782199922949076
0.2475100001320243
0.20314899925142527
0.3350869994610548
0.38188499957323074
0.3290309999138117
0.35782699938863516
0.32971700001508
0.31798799987882376
0.3525440003722906
0.3320329999551177
0.36278900038450956
0.3799470001831651
0.3703089999035001
0.41727699991315603
0.23075999971479177
0.20455900020897388
0.26908200047910213
0.635941999964416
0.22838400024920702
0.18420800007879734
0.2315230006352067
0.23296299949288368
0.3549349997192621
0.2541669998317957
0.3698510006070137
0.42474699951708317
0.44606499932706356
0.34731499943882227
0.46873299963772297
0.33687100000679493
3.891126999631524
0.43295300006866455
0.41894300002604723
0.3752600001171231
0.3777740001678467
0.36708700004965067
0.2522240001708269
0.23266000021249056
0.1765820002183318
0.24661900009959936
0.20585300028324127
0.1972210006788373
0.20655899960547686
0.6241950001567602
0.5274340007454157
0.6120180003345013
0.4866470005363226
0.5412389999255538
0.5091349994763732
0.4889639997854829
0.5580879999324679
0.5080599999055266
0.4562459997832775
0.48138200026005507
0.192629000172019
0.17935399990528822
0.21097199991345406
0.20464499946683645
0.24009199999272823
0.210423999466002
0.2013560002669692
0.20081799943000078
0.20311399921774864
0.17697399947792292
0.16251100040972233
0.18724600039422512
0.2192110000178218
0.22000099997967482
0.21784000005573034
0.21476699970662594
0.18802000023424625
0.23757900018244982
0.20969200041145086
0.2266159998252988
0.21044700033962727
0.24330800026655197
0.23412800021469593
0.2216210002079606
0.18191500008106232
0.20608099922537804
0.49467100016772747
0.431059000082314
0.3989989999681711
0.39853900019079447
0.3489629998803139
0.36701100040227175
0.44091400038450956
0.43917000014334917
0.21815699990838766
0.2200100002810359
0.5251619992777705
0.5278010005131364
0.5783059997484088
0.56194799952209
0.5153970001265407
0.5952099999412894
0.5206720000132918
0.6005180003121495
0.6550899995490909
0.6162179997190833
11.013759000226855
0.37744100019335747
0.6500530000776052
0.4670840008184314
0.6103649996221066
0.727322000078857
0.5768889999017119
0.710466000251472
0.559324000030756
0.20267900079488754
0.14494299981743097
0.16637799981981516
0.15773999970406294
0.18102800007909536
0.17945600021630526
0.19513399992138147
0.24099699966609478
0.1811389997601509
0.13542400021106005
0.205248000100255
0.14754100050777197
0.2983919996768236
0.18206899985671043
0.16557999979704618
0.19780000019818544
0.3126660007983446
0.16349800024181604
0.16074700001627207
0.18556400015950203
0.17380600050091743
0.5632699998095632
0.12827099952846766
0.18008700013160706
0.17874199990183115
0.19340300001204014
0.21864099986851215
0.18627100065350533
0.22799600008875132
0.18138699978590012
0.3359890002757311
0.18370200041681528
0.1651630001142621
0.14316899981349707
0.20210099965333939
0.20085200015455484
0.20708199962973595
0.199927999638021
0.19371100049465895
0.16483100038021803
0.25574199948459864
0.19831599947065115
0.19502600003033876
0.16889100056141615
0.5123160006478429
0.4477030001580715
0.41288499999791384
0.14921100065112114
0.13670399971306324
0.18825599923729897
0.18322999961674213
0.1911369999870658
0.19253999926149845
0.4143439996987581
0.3573520006611943
0.3502030000090599
0.39100900012999773
0.3499219994992018
0.20240999944508076
0.18948199972510338
0.19928999990224838
0.22489700000733137
0.2512140003964305
0.20565299969166517
20.990801999345422
0.2093299999833107
0.21790300030261278
0.18799300026148558
0.17837500013411045
0.17818699963390827
0.19400000013411045
0.18899099994450808
0.21953000035136938
0.21272600069642067
0.23489900026470423
2.6592470007017255
0.19538199994713068
0.3532670000568032
0.18723300006240606
0.20751900039613247
0.19821800012141466
0.1890790006145835
0.19165499974042177
0.19375599920749664
0.18313200026750565
0.35477500036358833
0.18502799980342388
0.3990930002182722
0.3984179999679327
0.3012669999152422
0.38305300008505583
0.3834359999746084
0.15728399995714426
0.3478069994598627
0.1721959998831153
0.1993449991568923
0.22101799957454205
0.14424199983477592
0.13677699957042933
0.1438100002706051
0.19648700021207333
0.17657999973744154
0.17880199942737818
0.1917679999023676
0.1866650003939867
0.1689719995483756
0.19454099982976913
0.3084340002387762
0.46915699914097786
0.17113899998366833
0.17407599929720163
0.16837200056761503
0.40281400084495544
0.1741949999704957
0.13766699936240911
0.14771199971437454
0.3031240003183484
0.26550500001758337
0.1811070004478097
0.1920070005580783
0.21847300045192242
0.18733400013297796
0.19102399982511997
0.1895610000938177
0.1801570001989603
0.29834199976176023
0.33949699997901917
0.34231700003147125
0.2989040007814765
0.18908200040459633
0.20248499978333712
0.20868699997663498
0.19755499996244907
0.3887229999527335
0.43846800085157156
0.5296590002253652
0.5566010000184178
0.5709970006719232
0.18618800025433302
0.20831199921667576
0.16260499972850084
0.5750190000981092
0.5311560006812215
0.6752190003171563
0.15379399992525578
0.1714659994468093
0.5375489993020892
0.4459899999201298
0.19314000010490417
0.33179100044071674
1.9864199999719858
0.5044649997726083
0.5047489991411567
0.5783299999311566
0.5031730001792312
0.5468279998749495
0.6745060002431273
0.5683069992810488
0.5227929996326566
0.5490170000120997
0.5762390000745654
0.5046920003369451
0.5530200004577637
0.5427750004455447
0.6500439997762442
0.4760590000078082
0.45895800087600946
0.4971659993752837
0.4953289991244674
0.5637430008500814
0.5643419995903969
0.5386880002915859
0.5375479999929667
0.1784380003809929
0.18745199963450432
0.17223399970680475
0.19560999982059002
0.15450000017881393
0.19950500037521124
0.14366100076586008
0.14379800017923117
0.14289600029587746
0.17765699978917837
0.17259899992495775
0.19204699993133545
0.18466000072658062
0.5443939995020628
0.45791999995708466
0.1824540002271533
0.24965699948370457
0.6108789993450046
0.6032330002635717
0.5996610000729561
0.4545769998803735
0.45792399998754263
0.5677610002458096
0.4305509999394417
0.4696579994633794
0.5561420004814863
0.5254480000585318
0.6126899998635054
0.24785799998790026
0.15176100004464388
0.18558399938046932
0.1867610001936555
0.21915199980139732
0.19304400030523539
1.3373810006305575
0.20037500001490116
0.1867079995572567
0.22671999968588352
0.19501700066030025
0.3034979999065399
0.31925300043076277
0.20114300027489662
0.2980859996750951
1.301923000253737
0.3207360003143549
0.3264110004529357
0.2978990003466606
0.27314600069075823
0.32732299994677305
0.18793700076639652
0.21164199989289045
0.17303299997001886
0.20080400072038174
0.17201900016516447
0.1638869997113943
0.20317100081592798
0.34700299985706806
0.3422980001196265
0.35052699968218803
0.33832000009715557
0.41894300002604723
0.37349499948322773
0.3367860000580549
0.3995899995788932
0.3450060002505779
0.31711400020867586
0.44675599969923496
0.3664070004597306
0.3866759994998574
0.3922189995646477
0.18767799995839596
0.20550800021737814
0.2009519999846816
0.17008600011467934
0.2191559998318553
0.1807459993287921
0.6401570001617074
0.36119299940764904
0.3754610000178218
0.41061799973249435
0.23314400017261505
0.20673200022429228
0.26371300034224987
0.34062100015580654
0.3733050003647804
0.20434300042688847
0.46836599987000227
0.912240999750793
0.5150709999725223
0.3611690001562238
0.3051060000434518
0.37904900033026934
0.21437100041657686
0.1759000001475215
0.18926199991255999
0.19942899979650974
0.22221400029957294
0.20579000003635883
0.4036870002746582
0.20950699970126152
0.5246019996702671
0.49763100035488605
0.5256080003455281
0.5282770004123449
0.17023400031030178
0.20942500047385693
0.18141499999910593
0.15383999980986118
0.20057900063693523
0.31509000062942505
0.29457899928092957
0.2920820005238056
0.35540700051933527
0.21721300017088652
0.17683700006455183
0.20072400011122227
0.2193120000883937
0.19961799960583448
0.1848399993032217
0.18687199987471104
0.19295200053602457
0.1866119997575879
0.3561120005324483
0.2986439997330308
0.40541999973356724
0.3290690006688237
0.2845990005880594
0.3925639996305108
0.34448099974542856
0.34618999995291233
0.21063399966806173
0.18082800041884184
0.2162720002233982
0.3456520000472665
0.3189970003440976
0.3340640002861619
0.1738720005378127
0.2643680004402995
0.19225399941205978
0.18028300069272518
0.3573700003325939
0.3878549998626113
0.5660100001841784
0.6769510004669428
0.5033869994804263
0.5677369991317391
0.18529299926012754
0.18329699989408255
0.21195199992507696
0.20552599988877773
0.18834500014781952
0.3407310005277395
0.3615319998934865
0.24710000026971102
0.4761959994211793
0.21016099955886602
0.3741310006007552
0.2003810005262494
0.1762459995225072
0.1917199995368719
0.19724499993026257
0.23057799972593784
0.21923100017011166
0.5863100001588464
0.5986440004780889
0.21518500056117773
0.19003699999302626
0.18988799955695868
0.20034600049257278
0.1919999998062849
0.2044829996302724
0.23404300026595592
0.18907300010323524
0.17856699973344803
0.2185600008815527
0.22242299932986498
0.18254700023680925
0.5740499999374151
0.1710489997640252
0.18307300005108118
0.18089199997484684
0.21100999973714352
0.16057400032877922
0.4867269992828369
0.1722719995304942
0.1568389991298318
0.4947809996083379
0.49399599991738796
0.4497239999473095
0.27850400004535913
0.32199199963361025
0.24348799977451563
0.3086810000240803
0.3040619995445013
0.33276399970054626
0.33085399959236383
0.31447500083595514
0.3127870000898838
0.3075590003281832
0.14828599989414215
0.159532000310719
0.3462789999321103
0.18954099994152784
0.19066200032830238
0.242854000069201
0.2475150004029274
0.2777010006830096
0.32618699967861176
0.2320179995149374
0.45599200017750263
0.5535939997062087
0.1812360007315874
0.24557499960064888
0.18574099987745285
0.2593210004270077
0.185912000015378
0.13588299974799156
0.20345500018447638
0.33414699975401163
0.14498199988156557
0.18920399993658066
0.17601800058037043
0.21794500015676022
0.3364829998463392
0.1418409999459982
0.3553519994020462
0.28328699991106987
0.1553569994866848
0.21218200027942657
0.20956599991768599
1.9596730004996061
0.17722500022500753
0.5669139996170998
0.5610770005732775
0.6377559993416071
0.5745000001043081
0.5833830004557967
0.6389100002124906
0.5538269998505712
0.5744570000097156
0.5105229998007417
0.6822970006614923
0.5496589997783303
0.5992809999734163
0.6217479994520545
0.6695469999685884
0.19801499973982573
0.17573999986052513
0.18553000036627054
0.18244799971580505
0.48775099962949753
0.41556299943476915
0.5214099995791912
0.4867079993709922
0.5486039994284511
0.46644699946045876
0.6472420003265142
0.18179399985820055
0.20013299956917763
0.17399199958890676
0.25621300004422665
0.20122799929231405
0.14996400009840727
0.2944099996238947
0.2391710001975298
0.2608199995011091
0.1634260006248951
0.19216199964284897
0.14305800013244152
0.17088999971747398
0.18571999948471785
0.1973419999703765
0.1688919998705387
0.17946899961680174
0.4269770001992583
0.23378199990838766
0.1799749992787838
0.15778899937868118
0.16801999974995852
0.1403200002387166
0.14274899940937757
0.18441999983042479
0.19890900049358606
0.1981340004131198
0.1825519995763898
0.14917800016701221
0.18146299943327904
0.1886040000244975
0.19270999915897846
0.24080799985677004
0.19506199937313795
0.2100600004196167
0.13647199980914593
0.18075899966061115
0.2544149998575449
0.2959679998457432
0.17205800022929907
0.2316420003771782
0.2869549999013543
0.31302900053560734
0.13971799984574318
0.17895600013434887
0.17969899997115135
1.8406400000676513
0.4541389998048544
0.5292180003598332
0.5658980002626777
0.4062850000336766
0.5639930004253983
0.37045699916779995
0.557392000220716
0.41506299935281277
0.4277489995583892
0.608857000246644
0.25606099981814623
0.18987900018692017
0.1766300005838275
0.16025699954479933
0.16254699975252151
0.16961599979549646
0.18826699908822775
0.19656699988991022
0.24459999985992908
0.1898230006918311
0.19301299937069416
0.18863199930638075
0.3788529997691512
0.3568549994379282
0.4175590006634593
0.5476970002055168
0.5574020007625222
0.7511200001463294
0.6070249993354082
0.5586050003767014
0.5635390002280474
0.5869289999827743
0.30263000074774027
0.27389399986714125
0.2211410002782941
0.3129409998655319
0.1639330005273223
0.17428600043058395
0.1648209998384118
0.22661099955439568
0.17868199944496155
0.13576099928468466
0.2846569996327162
0.31409600004553795
0.1959649994969368
0.23257699981331825
0.1927479999139905
0.1473010005429387
0.2392950002104044
0.147150999866426
0.29006299935281277
0.1687079994007945
0.18078900035470724
0.1505519999191165
0.20824099984019995
0.16249500028789043
0.1729170000180602
0.1879040002822876
0.15183900017291307
0.12803000025451183
0.20329900085926056
0.12533000018447638
0.16519800014793873
0.15274200029671192
0.1823599999770522
0.14119799993932247
0.1631499994546175
0.16426200047135353
0.17280799988657236
0.16568699944764376
0.13991800043731928
0.1842919997870922
0.16898399963974953
0.12487699929624796
0.1867029992863536
0.17322800029069185
0.1591689996421337
0.15287100058048964
0.1374349994584918
0.14641099981963634
0.16315799951553345
0.17023800034075975
0.3130790004506707
0.2822849992662668
0.35998400021344423
0.30330000072717667
0.210916000418365
0.2506049992516637
0.18346400000154972
0.18577099964022636
0.13767299987375736
0.29443599935621023
0.3340389998629689
0.3150840001180768
0.34821700025349855
0.3604079997166991
0.15360100008547306
0.1847139997407794
0.19904800038784742
0.2287799995392561
0.16362700052559376
0.1671679997816682
0.16188700031489134
0.2773240003734827
0.30276500061154366
0.33624100033193827
0.3103550001978874
0.3063920000568032
0.26886400021612644
0.16696000006049871
0.19094100035727024
0.30265699978917837
0.201086999848485
0.2776890005916357
0.1665700003504753
0.17767800018191338
0.192866999655962
0.18650500010699034
0.20176099985837936
0.34909600019454956
0.21456999983638525
0.18123899959027767
0.17750899959355593
0.4099590005353093
0.1794819999486208
0.20500299986451864
0.3081829994916916
0.3139599999412894
0.22015400044620037
0.20214700046926737
0.3118889993056655
0.2885289993137121
0.31968600023537874
0.16118100006133318
0.1706960005685687
0.1868249997496605
0.1730870008468628
0.1731030000373721
0.17546799965202808
0.4834000002592802
0.4694020003080368
0.5061759995296597
0.48772700037807226
0.46548299957066774
0.3490459993481636
0.38859099987894297
0.4231650000438094
0.16152899991720915
0.1711090002208948
0.16686000023037195
0.20459999982267618
0.23461200017482042
0.14835899975150824
0.22461799997836351
0.17444599978625774
0.2561160000041127
0.2612380003556609
0.24777999985963106
0.18185999989509583
0.47037599980831146
0.4656890006735921
0.451579000800848
0.2012320002540946
0.1449830001220107
0.16767700016498566
0.14936000015586615
0.2031020000576973
0.285046000033617
0.25337199959903955
0.2358530005440116
0.13257799949496984
0.13542000018060207
0.21477799955755472
0.1452259998768568
0.451795999892056
0.381547000259161
0.18046499975025654
0.1873030001297593
0.1846059998497367
0.1746699996292591
0.1750900000333786
0.1767840003594756
0.22176199965178967
0.34012299962341785
0.24749999959021807
0.24207499995827675
0.2734639998525381
0.2870209999382496
0.31457400042563677
0.29858999978750944
0.292022000066936
0.35674200020730495
0.15934500005096197
0.1763960001990199
0.17544799949973822
0.3024610001593828
0.3129639998078346
0.31995000038295984
0.19725900050252676
0.17906200047582388
0.17264200001955032
0.19667600002139807
0.21411099936813116
0.1823869999498129
0.1967409998178482
0.18844200018793344
0.19967499934136868
0.2130079995840788
0.1892759995535016
0.172949000261724
0.17623399943113327
0.30930699966847897
0.34547899942845106
0.31914500053972006
0.367488999851048
0.37456800043582916
0.350679999217391
0.39253299962729216
0.3042919998988509
0.33781500067561865
0.3673240002244711
0.39784799981862307
0.42410400044173
0.18243400007486343
0.16691299993544817
0.19050300028175116
0.23082000017166138
0.1905290000140667
0.5321340002119541
0.6231239996850491
0.19438700005412102
0.1978629995137453
0.20349099952727556
0.2025399999693036
0.2278209999203682
0.2013330003246665
0.20433400012552738
0.2309939991682768
0.2153750006109476
0.19668499939143658
0.2717000003904104
0.19304700009524822
0.20304299984127283
0.1877460004761815
0.27213599998503923
0.32455299980938435
0.32177700009196997
0.20950100012123585
0.18779299966990948
0.25994700007140636
0.19471300020813942
0.18999399989843369
0.1919130003079772
0.2740420000627637
0.32556100003421307
0.363799000158906
0.29454199969768524
0.2920660004019737
0.29180900007486343
0.30844200029969215
0.22692199982702732
0.28581099957227707
0.3129110001027584
0.3486679997295141
0.2812009993940592
0.2451240001246333
0.3161949999630451
0.27038300037384033
0.3226749999448657
0.2424090001732111
0.2831370001658797
0.30526799988001585
0.21499400027096272
0.17332200054079294
0.2895849999040365
0.2420459995046258
0.3328640004619956
0.2778219999745488
0.24642099998891354
0.2773580001667142
0.29496499989181757
0.3487269999459386
0.28218299988657236
0.2982029998674989
0.315187000669539
0.2764020003378391
0.29416600055992603
0.319493000395596
0.3240289995446801
0.43623000010848045
0.4541870001703501
0.31415800005197525
0.32307799998670816
0.29317500069737434
0.3772050002589822
0.2742649996653199
0.31762500014156103
0.22298800013959408
0.20019300002604723
0.1625700006261468
0.2120060008019209
0.19185200054198503
0.19785000011324883
0.1900220001116395
0.19287800043821335
0.17753699980676174
0.4905460001900792
0.17261600028723478
0.21146500017493963
0.21666499972343445
0.20604000054299831
0.18381300009787083
0.19127999991178513
0.17781399935483932
0.18621800001710653
0.17915300000458956
0.28900100011378527
0.17301199957728386
0.16583400033414364
0.190697000361979
0.19044299982488155
0.22714299988001585
0.1733670001849532
0.18304200004786253
0.15928100049495697
0.19394399970769882
0.1358699994161725
0.1723360000178218
0.17165599949657917
0.1746590007096529
0.15322400070726871
0.23933700006455183
0.19014300033450127
0.17118600010871887
0.16009700018912554
0.25030700024217367
0.27888499945402145
0.25987199973315
0.19464199990034103
0.21691800002008677
0.17373499926179647
0.4235350005328655
0.5103540001437068
0.1949459994211793
0.5400489997118711
0.5620910003781319
0.5737839993089437
0.4728870000690222
0.5400339998304844
0.5700260000303388
0.49840799998492
0.507277000695467
0.45103299990296364
0.3438860001042485
0.4759579999372363
0.5532889999449253
0.14464799966663122
0.1800809996202588
0.18357700016349554
0.25608900003135204
0.296254999935627
0.33769800048321486
0.3113759998232126
0.31788900028914213
0.19042599946260452
0.1859189998358488
0.1745830001309514
0.1589299999177456
0.18074199929833412
0.18603300023823977
0.17397299967706203
0.1678659999743104
0.15932800062000751
0.14662699960172176
0.19722700025886297
0.3658280000090599
0.37700199987739325
0.17706899996846914
0.1944420002400875
0.20217099972069263
0.25197400059551
0.16889499966055155
0.582442999817431
0.15467599965631962
0.17228000052273273
0.17824400030076504
0.17022299952805042
0.19144999980926514
0.18534700013697147
0.17304699961096048
0.16299200057983398
0.21698400005698204
0.16119199991226196
0.16549100074917078
0.28167599998414516
0.17235400062054396
0.18677800055593252
0.17875499930232763
0.21676999982446432
0.17781700007617474
0.19532999955117702
0.17861200030893087
0.1476809997111559
0.15774700045585632
0.19144499953836203
0.19069699943065643
0.1911989999935031
0.17179100029170513
0.17151100002229214
0.22047000005841255
0.16664799954742193
0.17358800023794174
0.17268399987369776
0.17481699958443642
0.17070699948817492
0.19822499994188547
0.20062500052154064
0.16356700006872416
0.1979409996420145
0.17106399964541197
0.15668000001460314
0.17927000019699335
0.16598200052976608
0.2971109999343753
0.3044990003108978
0.3326549995690584
0.3446130007505417
0.34247699938714504
0.31119500007480383
0.3335859999060631
0.31008500047028065
0.4127210006117821
0.32083799969404936
0.20983099937438965
0.3021550001576543
0.19770100060850382
0.18933899980038404
0.3686210000887513
0.18997199926525354
0.26739099994301796
0.1344250002875924
0.17753699980676174
0.3130069999024272
0.31045599933713675
0.2875080006197095
0.2892800001427531
0.318639999255538
0.3115779999643564
0.28648800030350685
0.3113940004259348
0.3289049994200468
0.37113599944859743
0.35514200013130903
0.1467629997059703
0.35087400022894144
0.35373800061643124
0.34110499918460846
0.3750069998204708
0.35574299935251474
0.1635840004310012
0.21570600010454655
0.20043000020086765
0.1858749995008111
0.15314800012856722
0.15105499979108572
0.16471199970692396
0.171641000546515
0.20819600019603968
0.2879989994689822
0.21865100041031837
0.1908480003476143
0.17045299988240004
0.1927179992198944
0.20249000005424023
0.172346000559628
0.170482000336051
0.18758299946784973
0.1675840001553297
0.171594999730587
0.15165900066494942
0.20145300030708313
0.19206300005316734
0.199991000816226
0.15266900043934584
0.1764389993622899
0.1531910002231598
0.17357400059700012
0.20699100010097027
0.17586500011384487
0.17787199933081865
0.5205140002071857
0.17131599970161915
0.17486399970948696
0.17935399990528822
0.16887100040912628
0.19354600086808205
0.17277599964290857
0.17432199977338314
0.17236700002104044
0.16024899948388338
0.15252899937331676
0.17847099993377924
0.1707760002464056
0.1764759998768568
0.160351000726223
0.1981589999049902
0.15479500032961369
0.16952799912542105
0.16532200016081333
0.17563899978995323
0.1943979999050498
0.16367199923843145
0.1968170003965497
0.13420800026506186
0.18631399981677532
0.16366999968886375
0.14640099927783012
0.3572680000215769
0.3240999998524785
0.29278900008648634
0.3265120005235076
0.3223580000922084
0.18150800000876188
0.1863799998536706
0.18344100005924702
0.3085619993507862
0.26793500036001205
0.295737000182271
0.28963099978864193
0.3011159999296069
0.31482800003141165
0.305778999812901
0.29691999964416027
0.26816000044345856
0.2858790000900626
0.3007310004904866
0.17939100041985512
0.2557269996032119
0.1748279994353652
0.15778800006955862
0.1809919998049736
0.1378709999844432
0.15133799985051155
0.16948299948126078
0.28662099968641996
0.3142930008471012
0.29849900025874376
0.2792440000921488
0.41933100018650293
0.4274239996448159
0.5096270004287362
0.19824799988418818
0.1630259994417429
0.1873400006443262
0.17929300013929605
0.5537329996004701
0.5404960000887513
0.17665900010615587
0.1816370002925396
0.29366299975663424
0.15875499974936247
0.17660399992018938
0.3173389993607998
0.3877339996397495
0.1815219996497035
0.2068130001425743
0.17869800049811602
0.18225400056689978
0.19198299944400787
0.20263999979943037
0.17663799971342087
0.3327759997919202
0.36562700010836124
0.3728379998356104
0.3159439992159605
0.3679909994825721
0.17603200022131205
0.17182999942451715
0.17080899979919195
0.17962099984288216
0.3245690008625388
0.33271099999547005
0.39558100048452616
0.311107000336051
0.3258100003004074
0.3420329997316003
0.3081189999356866
0.15792000014334917
0.17076499946415424
0.19302699994295835
0.15324799995869398
0.18403100036084652
0.17620600014925003
0.15654300060123205
0.15717499982565641
0.19474400021135807
0.1793790003284812
0.17573199979960918
0.31017399951815605
0.31252400018274784
0.35852199979126453
0.23024799954146147
0.19300599955022335
0.17215400002896786
0.1984050003811717
0.1729170000180602
0.6411100002005696
0.3013859996572137
0.309090000577271
0.2018719995394349
0.18852000031620264
0.1995980003848672
0.17139799986034632
0.20897500030696392
0.18270100001245737
0.15914699994027615
0.30458700004965067
0.18439599964767694
0.40519300010055304
0.3244719998911023
0.31748500000685453
0.3489629998803139
0.16019600071012974
0.20554899983108044
0.16230300068855286
0.19353199936449528
0.1787940002977848
0.14689499977976084
0.17777999956160784
0.1627669995650649
0.13095099944621325
0.19833899941295385
0.2718899995088577
0.303269000723958
0.29575399961322546
0.29517100006341934
0.2894079992547631
0.2893730001524091
0.2587839998304844
0.27660700026899576
0.13387900032103062
0.1964910002425313
0.28395699989050627
0.286361999809742
0.14606999978423119
0.1826120000332594
0.1695760004222393
0.15342299919575453
0.18532400019466877
0.2795879999175668
0.36177700012922287
0.2930330000817776
0.2596080005168915
0.15262500010430813
0.16301000025123358
0.1437019994482398
0.13124499935656786
0.16089599952101707
0.13408800028264523
0.17961199954152107
0.13575700018554926
0.15628299955278635
0.13753899931907654
0.27546800021082163
0.29108399990946054
0.13898300006985664
0.30282900016754866
0.31121600046753883
0.25000999961048365
0.16034700069576502
0.2788770003244281
0.20375800039619207
0.24358500074595213
0.2797060003504157
0.2311599999666214
0.2743879994377494
0.24642099998891354
0.25031800009310246
0.2232020003721118
0.32542299944907427
0.33233899995684624
0.23326599970459938
0.3161810003221035
0.30148099921643734
0.29009800031781197
0.3124660002067685
0.31420999951660633
0.16125200036913157
0.3375180000439286
0.17484299931675196
0.26961200032383204
0.3128740005195141
0.38544899970293045
0.3125139996409416
0.26596600003540516
0.17490800004452467
0.17394100036472082
0.18063899967819452
0.3246760005131364
0.2901260005310178
0.2847719993442297
0.27721199952065945
0.3494730005040765
0.294365999288857
0.3005510000512004
0.19783199951052666
0.19564600009471178
0.169149000197649
0.17576100025326014
0.1824239995330572
0.310848000459373
0.26926200091838837
0.31453199964016676
0.3523760000243783
0.3280589999631047
0.17665099911391735
0.21949199959635735
0.27183600049465895
0.17410300020128489
0.20852799993008375
0.15593199990689754
0.3809740003198385
0.42040299996733665
0.3930159993469715
0.43998900055885315
0.33597900066524744
0.18238999973982573
0.1700619999319315
0.3549620006233454
0.35818300023674965
0.19080699980258942
0.2639979999512434
0.2680190000683069
0.137618999928236
0.18184200022369623
0.19601499941200018
0.16312700044363737
0.17675399966537952
0.27416100073605776
0.2345329998061061
0.2974920002743602
0.19521099980920553
0.19247400015592575
0.1485989997163415
0.16452999971807003
0.13610100001096725
0.18464900087565184
0.18229500018060207
0.13942600041627884
0.14342200011014938
0.219285000115633
0.14526099991053343
0.18531300034374
0.24370699934661388
0.16259200032800436
0.1421210002154112
0.18210299964994192
0.36361000034958124
0.3314800001680851
0.34718700032681227
0.20317200012505054
0.17107199970632792
0.2735790004953742
0.18758799973875284
0.2978609995916486
0.32167099975049496
0.2751730000600219
0.36301699932664633
0.33055900037288666
0.19349199999123812
0.146955999545753
0.20050999987870455
0.1723690005019307
0.19071900006383657
0.15921299997717142
0.16718500014394522
0.19606499932706356
0.17599799949675798
0.15089399926364422
0.18718000035732985
0.2348499996587634
0.4154000002890825
0.14166800025850534
1.8347689993679523
0.24979599937796593
2.9586919993162155
0.17853099945932627
0.17987599968910217
0.17368400003761053
0.1757299993187189
0.1916119996458292
0.42912300024181604
0.53842500038445
0.6461260002106428
0.583648000843823
0.536896999925375
0.5957859996706247
0.6132330000400543
0.175394999794662
0.17871800065040588
0.15056500025093555
0.16582399979233742
0.15571799967437983
0.16754399985074997
0.46239500027149916
0.558419999666512
0.5755799999460578
0.45240999944508076
0.4409509999677539
0.1655880007892847
0.17140800040215254
0.4621959999203682
0.1386700002476573
0.13136900030076504
0.17217000015079975
0.1482870001345873
0.1729100001975894
0.15316300000995398
0.19630600046366453
0.15525100007653236
0.18417400028556585
0.13519900012761354
0.16280900035053492
0.27107799984514713
0.3099090000614524
0.329819000326097
0.2988390000537038
0.3172760000452399
0.205248000100255
0.23957000020891428
0.17994899954646826
0.17533300071954727
0.1304109999909997
0.32230900041759014
0.28300200030207634
0.3839910002425313
0.344289000146091
0.3479730002582073
0.3970250003039837
0.19278999976813793
0.4119460005313158
0.3617230001837015
0.32478899974375963
0.3478349996730685
0.17769600078463554
0.15320999920368195
0.14841200038790703
0.18645700067281723
0.20314599946141243
0.1734400000423193
0.1791449999436736
0.28367900010198355
0.304386000148952
0.27725800033658743
0.3061370002105832
0.3363110003992915
0.2760410001501441
0.29620600026100874
0.26734500005841255
0.3471560003235936
0.3272639997303486
0.3693440007045865
0.32795700058341026
0.35200600046664476
0.3764530001208186
0.34460300020873547
0.45027200039476156
0.34321000054478645
0.3910540007054806
0.3348319996148348
0.2927960008382797
0.34898300003260374
0.31702900025993586
0.3263560002669692
0.28349800035357475
0.28392199985682964
0.2764570005238056
0.5761439995840192
0.5107880001887679
0.14813900087028742
0.1851800000295043
0.13235800061374903
0.18890799954533577
0.15398600045591593
0.14972199965268373
0.36078800074756145
0.3157999999821186
0.3707360001280904
0.12307799980044365
0.1444690003991127
0.11974499933421612
0.16952099930495024
0.17756300047039986
0.2853330001235008
0.30475900042802095
0.4455729993060231
0.48521799966692924
0.47166300006210804
0.4552429998293519
0.13171300012618303
0.2651909999549389
0.16813100036233664
0.13487199973315
0.17869099974632263
0.13939800020307302
0.17441199999302626
0.2678339993581176
0.29607100039720535
0.2297670003026724
0.17777900025248528
0.2856360003352165
0.1665650000795722
0.13904699962586164
0.12919399980455637
0.16671299934387207
0.18914799951016903
0.382918999530375
0.42023999989032745
0.34466699976474047
0.3645959999412298
0.3378360001370311
0.19330699928104877
0.16054200008511543
0.17592400033026934
0.19730799924582243
0.2510369997471571
0.18947800062596798
0.19520500022917986
0.19187000021338463
0.2323740003630519
0.19605000037699938
0.19252000004053116
0.19859600067138672
0.1927020000293851
0.20619700010865927
0.2519420003518462
0.1607679994776845
0.20518700033426285
0.3874310003593564
0.38240900076925755
0.3654880002140999
0.19215899985283613
0.17631699983030558
0.29811299964785576
0.18593700043857098
0.3379989992827177
0.3239970002323389
0.3041090006008744
0.3106619995087385
0.1877640001475811
0.22737699933350086
0.1940010003745556
0.5335360001772642
0.49983400013297796
0.5798249999061227
0.4444810003042221
0.47419199999421835
0.535950000397861
0.185906992826934
0.11919399980455637
0.19330699928104877
0.25649390523128056
