0.5006969999521971
0.18278399854898453
0.27007499895989895
0.22525399923324585
0.2084759995341301
0.21670199930667877
0.2802970018237829
0.19116900116205215
0.1531940009444952
0.24191299825906754
0.2088959999382496
0.1624979991465807
0.22039899975061417
0.19631999917328358
0.34323699958622456
0.28422500006854534
0.24718499928712845
0.3158689998090267
0.31256300024688244
0.27855199947953224
0.16753799840807915
0.3039200007915497
0.174923999235034
0.15413900092244148
0.2059559989720583
0.6437420006841421
0.5634059999138117
0.6337519995868206
0.19713000021874905
0.20649799890816212
0.14922699891030788
0.2956329993903637
0.3899760004132986
0.39920799992978573
0.39713400043547153
0.32075100019574165
0.16075400076806545
0.2818689998239279
0.37862700037658215
0.44245499931275845
0.607769999653101
0.5994910001754761
0.4781170003116131
0.525577999651432
0.2127969991415739
0.2559670004993677
0.45797100104391575
0.3560359999537468
0.24203999899327755
0.2547800000756979
0.6937189996242523
0.8543890006840229
0.6738869994878769
0.6739829983562231
0.21077900007367134
0.2760079987347126
0.21346799843013287
0.21647999994456768
0.3089230004698038
0.2646629996597767
9.142394999042153
0.5731340013444424
0.48991699889302254
0.5585440006107092
0.5857510007917881
0.18934599868953228
0.20525299943983555
0.2378660012036562
0.3388849999755621
0.36767899990081787
0.5574759989976883
0.27777800150215626
0.3143160007894039
0.5001579988747835
0.6330159995704889
0.20123200118541718
0.17783699929714203
0.20628399960696697
0.2264259997755289
0.4123730007559061
0.21005599945783615
0.20635299943387508
0.178957000374794
0.18611999973654747
0.18985200114548206
0.25638299994170666
0.1861560009419918
0.28830100037157536
0.18002700060606003
0.25242399983108044
0.1972580011934042
0.2004719991236925
0.20249600149691105
0.23989400081336498
0.2445250004529953
0.19220099970698357
0.16457900032401085
0.15051299892365932
0.3532999996095896
0.21409299969673157
0.15837700106203556
0.16315899975597858
0.36512500047683716
0.30904800072312355
0.396357998251915
0.16216300055384636
0.20305700041353703
0.21156500093638897
0.20450999960303307
0.3344400003552437
0.3823940008878708
0.2030239999294281
0.17855099961161613
0.16526399925351143
0.21780600026249886
0.2612209990620613
0.16248800046741962
0.15391799993813038
0.16910899989306927
0.21152300015091896
0.21293899975717068
0.2334359996020794
0.18914099968969822
0.15993900038301945
0.16655299998819828
0.1599150002002716
0.151783999055624
0.15700500085949898
0.19756400026381016
0.17016400024294853
0.1804089993238449
0.2082040011882782
0.2205279991030693
0.19090399891138077
0.6527199987322092
0.3129710014909506
0.31370599940419197
0.8509060014039278
0.6455630008131266
0.7154929991811514
0.7314229998737574
0.6222949996590614
0.23502900078892708
0.6907599996775389
0.6486449986696243
0.7931510005146265
0.2215700000524521
0.2359699998050928
0.27435299940407276
0.33947000093758106
0.4277899991720915
0.23501200042665005
0.44781200028955936
0.3685189988464117
0.469590000808239
0.3342160005122423
0.36091099865734577
0.37903199903666973
0.27823900058865547
0.27424899861216545
0.6817569993436337
0.3245809990912676
0.2908380012959242
0.32578200101852417
0.33390700072050095
0.3465489987283945
0.3225919995456934
0.32223100028932095
0.31156300008296967
0.317051000893116
0.728990999981761
0.6384049989283085
0.7004879992455244
0.4636369999498129
0.6688780002295971
0.6097270008176565
0.2109730001538992
0.5609220005571842
0.5205310005694628
0.6858229991048574
0.5409379992634058
0.49543600156903267
0.15018600039184093
0.22428900003433228
0.1672120001167059
0.17385500110685825
0.5328679997473955
0.21033500134944916
0.24342700093984604
0.4809089992195368
0.4893289990723133
0.22533800080418587
0.16724899969995022
0.34070900082588196
0.20032900013029575
0.25763499923050404
0.21752499975264072
0.2198840007185936
0.24149900116026402
0.17827799916267395
0.2386420015245676
0.1998860016465187
0.23706700094044209
0.17478599958121777
0.14902199991047382
0.23172200098633766
0.21003900095820427
0.2251500003039837
0.16034399904310703
0.17616399936378002
0.20614000037312508
0.15990500152111053
0.4331960007548332
0.576121000573039
0.6076200008392334
0.5736329983919859
0.5717200003564358
0.6567299999296665
0.7811230011284351
0.6763340011239052
0.7490139994770288
0.21558299846947193
0.30148399993777275
0.16176999919116497
0.3019069992005825
0.2771509997546673
0.2740800008177757
0.2467229999601841
0.33471699990332127
0.23864499852061272
0.24200699850916862
0.21413400024175644
0.2600229997187853
0.26902100071310997
0.2126000002026558
0.23298499919474125
0.37264799885451794
0.39439000003039837
0.4547420013695955
0.3739340007305145
0.7063900008797646
0.22793499939143658
0.25226799957454205
0.20342900045216084
0.22330799885094166
0.1939659994095564
0.17489400133490562
0.25687799975275993
0.21656199917197227
0.2779479995369911
0.18363100104033947
0.274362001568079
0.26001199893653393
0.19301999919116497
0.18012900091707706
0.20931100100278854
0.309579998254776
0.3905469998717308
0.32308599911630154
0.3954860009253025
0.3955550007522106
0.30432799831032753
0.3837990015745163
0.3795800004154444
0.29941999912261963
0.25176400132477283
0.4383080005645752
0.6420310009270906
0.40317700058221817
0.8273800015449524
0.5249950010329485
0.5793689992278814
0.47378600016236305
0.5799659993499517
0.5823199991136789
0.5292980000376701
0.5481170006096363
0.5602679997682571
0.5764419995248318
0.5363590009510517
0.4712600000202656
0.6075479984283447
0.39767099916934967
0.5717830006033182
0.4756309986114502
0.45435900054872036
0.4903849996626377
0.47027300111949444
0.46610699966549873
0.5615410003811121
0.44044299982488155
0.5785179995000362
0.41164299845695496
0.5962239988148212
0.5839259997010231
0.4044530000537634
0.5045059993863106
0.508525000885129
0.45885999873280525
0.46868500113487244
0.42594899982213974
0.5168570000678301
0.6046480014920235
0.6379899997264147
0.6093569993972778
0.6568280011415482
0.642510998994112
0.6171349994838238
0.5316930003464222
0.6363519988954067
0.5707919988781214
0.5132750011980534
0.6198470015078783
0.7945770006626844
0.2877099998295307
0.17493800073862076
0.2606530003249645
0.6443540006875992
0.20975200086832047
0.3944010008126497
0.20223999954760075
0.17198099941015244
0.2176010012626648
0.23861400038003922
0.1912500001490116
0.49485999904572964
0.2734769992530346
0.32274600118398666
0.2995599992573261
0.28755499981343746
0.27377700060606003
0.28003199957311153
0.32774899899959564
0.3272479996085167
0.250705000013113
0.2583530005067587
0.26314100064337254
0.3305770009756088
0.33116500079631805
0.3012770004570484
0.25587600097060204
0.30798299983143806
0.25286199897527695
0.3177889995276928
0.25595500133931637
0.2572549991309643
0.36779600009322166
0.2618480008095503
0.2572829984128475
0.25877599976956844
0.3062629997730255
0.2573559992015362
0.24872000142931938
0.25144999846816063
0.22782500088214874
0.2257660012692213
0.1640130002051592
0.18574699945747852
0.1872640009969473
0.16771299950778484
0.1767759993672371
0.3279090002179146
0.28590499982237816
0.4017709996551275
0.3186329994350672
6.778555000200868
0.266865998506546
0.16011399962008
0.13713600113987923
0.1603779997676611
0.20679300092160702
0.21083400025963783
0.15259099937975407
0.2007710002362728
0.19113799929618835
0.13408900052309036
0.20666900090873241
0.18216700106859207
0.4085969999432564
0.1779829990118742
0.18802700005471706
0.16553199850022793
0.21192900091409683
0.16888099908828735
0.20654300041496754
0.13588999956846237
0.14984099939465523
0.16416500136256218
0.2860539983958006
0.266185000538826
0.2915809992700815
0.13411900028586388
0.1944779995828867
0.3007290009409189
0.21670099906623363
0.4539499990642071
0.15993200056254864
0.18297600001096725
0.15027899853885174
0.16952299885451794
0.2600779999047518
0.38741299882531166
0.2912249993532896
0.3187470007687807
0.2892819996923208
0.3330540005117655
0.3786210007965565
0.25975799933075905
0.1445240005850792
0.1986250001937151
0.17714199982583523
0.16951699927449226
0.3202630002051592
0.5677010007202625
0.22350400127470493
0.24062300100922585
0.20717099867761135
0.19409599900245667
0.18840999901294708
0.33409699983894825
0.3438280001282692
0.29077200032770634
0.2430540006607771
0.24148999899625778
0.20387000031769276
0.20363400131464005
0.9248440004885197
1.0158249996602535
0.6983630005270243
0.5190529990941286
0.6087600011378527
0.6373360008001328
0.1772680003196001
0.23894800059497356
0.2341000009328127
0.24395099841058254
0.23527099937200546
0.1517890002578497
0.26073500141501427
0.17282900027930737
0.2417440004646778
0.30864700116217136
0.31035999953746796
0.26581200025975704
0.24372800067067146
0.2709860000759363
0.1895470004528761
0.2128670010715723
0.4483969993889332
0.172197999432683
0.2096239998936653
0.18057399988174438
0.1521349996328354
0.24119899980723858
0.33690499886870384
0.2787510007619858
0.3423050008714199
0.4318690001964569
0.2911160010844469
0.30836999975144863
0.13767500035464764
0.33597199991345406
0.1509349998086691
0.1623340006917715
0.34593900106847286
0.3320669997483492
0.3965640012174845
0.30454899929463863
0.3005190007388592
0.5269409995526075
0.18988300114870071
0.26131999865174294
0.19110899977385998
0.1720839999616146
0.15605599991977215
0.16146699897944927
0.4377609994262457
0.20036199875175953
0.17720800079405308
0.19108800031244755
0.2153299991041422
0.1637439988553524
0.1729809995740652
0.17082499898970127
0.2281860001385212
0.17691600136458874
0.22897200100123882
0.17219699919223785
0.2411969993263483
0.15214799903333187
0.1415110006928444
0.17253400012850761
0.18696999922394753
0.15415799990296364
0.1318660005927086
0.38801599852740765
0.18460600078105927
0.1966329999268055
0.3710440006107092
0.3880659993737936
0.3596780002117157
0.4370889998972416
0.3352149985730648
0.36864000000059605
0.3730139993131161
0.196237001568079
0.2942079994827509
0.1663220003247261
0.20053399913012981
0.2651710007339716
0.19816000014543533
0.23926100134849548
0.21791299991309643
0.3014139998704195
0.20313499867916107
0.22600900009274483
0.2278119996190071
0.4038820005953312
0.43483700044453144
0.1831360012292862
0.3642560001462698
0.33290799893438816
0.1689669992774725
0.20657300017774105
0.260258000344038
0.40002099983394146
0.35783099941909313
0.18726000003516674
0.200526999309659
0.2739390004426241
0.28855800069868565
0.24238299950957298
0.1944429986178875
0.1807119995355606
0.3164930008351803
0.14876999892294407
0.3991059996187687
0.1560010015964508
0.5861360002309084
0.1498350016772747
0.479848999530077
0.15765099972486496
0.30815800093114376
0.34765700064599514
0.34555400162935257
0.3433069996535778
0.36183900013566017
0.15897800028324127
0.2098689991980791
0.17101899906992912
0.13971900008618832
0.19563799910247326
0.2077529989182949
0.1468339990824461
0.3349480014294386
0.32217800058424473
0.33338600024580956
0.5851549990475178
0.5442920010536909
0.7340579982846975
0.6777720004320145
0.5985079985111952
0.6607830002903938
0.4444059990346432
0.5280109997838736
0.4759680014103651
0.5264149997383356
0.4057519994676113
0.5996610000729561
0.18787500075995922
0.199583999812603
0.17717899940907955
0.18210499919950962
0.16031700000166893
0.17140300013124943
0.1531320009380579
0.16818299889564514
0.35277000069618225
0.1316359993070364
0.1599669996649027
0.1734950002282858
0.19118900038301945
0.17598900012671947
0.19543999992311
0.15227899886667728
0.17674800008535385
0.3900010008364916
0.3796689994633198
0.23696500062942505
0.36072200164198875
0.4852419998496771
0.8009620010852814
0.32360100001096725
0.8026589993387461
0.22674999944865704
0.19306799955666065
0.445617001503706
0.37620200030505657
0.3390849996358156
0.39290500059723854
0.41475499980151653
0.7648390009999275
0.5000370014458895
0.1972529999911785
0.21106299944221973
0.15557799860835075
0.2671630010008812
0.25884899869561195
0.32197900116443634
0.9870259985327721
0.16859500110149384
0.2150299996137619
0.14912599883973598
0.22601700015366077
0.3122959993779659
0.2268230002373457
0.31404699943959713
0.13590999878942966
0.1520909983664751
0.20399400033056736
0.37560500018298626
0.19610200077295303
0.14764300175011158
0.2567910011857748
0.2637920007109642
0.2722469996660948
0.31776699982583523
0.28198999911546707
0.3019229993224144
0.29029600135982037
0.18093900009989738
0.16302699968218803
0.1522070001810789
0.1893989983946085
0.17143000103533268
0.13592899963259697
0.24459600076079369
0.15064099989831448
0.17925800010561943
0.1872160006314516
0.1968310009688139
0.15283199958503246
0.30363599956035614
0.14165000058710575
0.26688599959015846
0.1433890014886856
0.17094199918210506
0.3439320009201765
0.28558599948883057
0.32799799926579
0.16160999983549118
0.13392299972474575
0.15913400053977966
0.186642000451684
0.19171500019729137
0.2879370003938675
0.2152129989117384
0.15533099882304668
0.29685300029814243
0.2253629993647337
0.31713599897921085
0.2974880002439022
0.2587770000100136
0.22910499945282936
0.24073199927806854
0.1456460002809763
0.1922110002487898
0.2687030006200075
0.29484800063073635
0.29069199971854687
0.23980600014328957
0.15477799996733665
0.14493400044739246
0.15618200041353703
0.17208299972116947
0.19891400076448917
0.1922410000115633
0.14431099966168404
0.2334160003811121
0.21024500019848347
0.15926400013267994
0.23395299911499023
0.21257499977946281
0.5182339996099472
0.41070500016212463
0.3228239994496107
0.34478299878537655
0.28298399969935417
0.14997499994933605
0.1954950001090765
0.3457670006901026
0.4048549998551607
0.28195800073444843
0.3024479988962412
0.13691200129687786
0.17860599979758263
0.16284799948334694
0.2145339995622635
0.2090769987553358
0.13998600095510483
0.1458940003067255
0.14632599987089634
0.20853699930012226
0.1658290009945631
0.13564899936318398
0.1396279986947775
0.14129900000989437
0.26357899978756905
0.25876600109040737
0.18967599980533123
0.14692899957299232
0.1646209992468357
0.17650000005960464
0.13739600032567978
0.20787599869072437
0.1833420004695654
0.195890000090003
0.1651349999010563
0.4427460003644228
0.24712399952113628
0.13268600031733513
0.13028900139033794
0.16797799989581108
0.4191030003130436
0.4647129997611046
0.1619199998676777
0.17129299975931644
0.1755799986422062
0.1543120015412569
0.1774240005761385
0.14101599901914597
0.1233890000730753
0.14182799868285656
0.1383770015090704
0.15278999879956245
0.13956299982964993
0.13990399986505508
0.12833799980580807
0.2650020010769367
0.3688300009816885
0.2992670014500618
0.33586700074374676
0.28192400000989437
0.30248199962079525
0.2837700005620718
0.25256500020623207
0.33498600125312805
0.27350700087845325
0.3059179987758398
0.29366299882531166
0.2570340000092983
0.24814599938690662
0.3196760006248951
0.145108999684453
0.1690449994057417
0.1302799992263317
0.13772699981927872
0.19728099927306175
0.23914599977433681
0.13728799857199192
0.2093299999833107
0.14297599904239178
0.16796600073575974
0.25114000029861927
0.15225400030612946
0.17619100026786327
0.717799000442028
0.6499530002474785
0.6038870010524988
0.1735839992761612
0.24658499844372272
0.1429169997572899
0.26148200035095215
0.2234129998832941
0.15327199921011925
0.2582920007407665
0.14782899990677834
0.20472799986600876
0.15528600104153156
0.21613099984824657
0.20051199942827225
1.2421890012919903
0.31571099907159805
0.3178829997777939
0.25937500037252903
0.2634439989924431
0.5817109998315573
0.4302429985255003
0.5116820000112057
0.39695500023663044
0.603023998439312
0.5218579992651939
0.14196200110018253
0.46683499962091446
0.18580200150609016
0.14089000038802624
0.17302699945867062
0.15049299970269203
0.18822200037539005
0.14496100135147572
0.16383600048720837
0.1934960000216961
0.18775100074708462
0.13854900002479553
0.19371999986469746
0.15068999864161015
0.133755000308156
0.1866569984704256
0.13220000080764294
0.13137900084257126
0.15919500030577183
0.12390800006687641
0.3206280004233122
0.298080001026392
0.1509349998086691
0.15616000071167946
0.1755790002644062
0.16539299860596657
0.15392299927771091
0.1450950000435114
0.16223100014030933
0.18029499985277653
0.1769350003451109
0.6706050001084805
0.5104220006614923
0.1342449989169836
0.45074300095438957
0.4039760008454323
0.5087180007249117
0.17329400032758713
0.1544880010187626
0.17232399992644787
0.17664399929344654
0.15677700005471706
0.12518499977886677
0.2954520005732775
0.2806499991565943
0.4251160006970167
0.48033300042152405
0.4222840014845133
0.46280100010335445
0.39487199857831
0.4717650003731251
0.5097509995102882
0.4763149991631508
0.6065630000084639
0.5216169990599155
0.5101590007543564
0.6170070003718138
0.5261189993470907
0.801749998703599
0.6260790005326271
0.5412600003182888
0.5555259995162487
0.6047569997608662
0.3022290002554655
0.33478800021111965
0.4362150002270937
0.19088800065219402
0.23159899935126305
0.23554500006139278
0.22948599979281425
0.25117299892008305
0.3634109999984503
0.3412039987742901
0.3579210005700588
0.2925220001488924
0.3976859990507364
0.47916699945926666
0.37635199911892414
0.13528200052678585
0.27046299912035465
0.1845380011945963
0.18497199937701225
0.20055799931287766
0.15282700024545193
0.15269300155341625
0.3053859993815422
0.3164750002324581
0.3445880003273487
0.5519820004701614
0.17913500033318996
0.16260999999940395
0.1398259997367859
0.1762249991297722
0.1497349999845028
0.14511599950492382
0.16987000033259392
0.13255899958312511
0.17173299938440323
0.1330230012536049
0.5013790000230074
0.4028889983892441
0.4682120010256767
0.5802490003407001
0.5711579993367195
0.6797250006347895
0.5375730004161596
0.5901829991489649
0.5447250008583069
0.5831749998033047
0.5805610008537769
0.5348020009696484
0.5664349999278784
0.42135899886488914
0.4538219999521971
0.4456259999424219
0.5517659988254309
0.24354100041091442
0.5606469996273518
0.5783950015902519
0.2183689996600151
0.19182500056922436
0.26146299950778484
0.3443200010806322
0.33454199880361557
0.14884699881076813
0.333576999604702
0.2475879993289709
0.3214969988912344
0.3442210014909506
0.36758099868893623
0.26021100021898746
0.5554629992693663
0.5921560004353523
0.5425669997930527
0.553404999896884
0.6057420000433922
0.40173899941146374
0.5225489996373653
0.5504209995269775
0.5270119998604059
0.48031799867749214
0.4764240011572838
0.4882150012999773
0.24103199876844883
0.4377480000257492
0.2414059992879629
0.27816300094127655
0.2537399996072054
0.302326999604702
0.40078699961304665
0.29118399880826473
0.290268000215292
0.2838350012898445
0.3196170013397932
0.4005020000040531
0.31092699989676476
0.27915999852120876
0.2880629990249872
0.8981269989162683
0.41285499930381775
0.27423000149428844
0.2992289997637272
0.4018830005079508
0.2017689999192953
0.16268100030720234
0.151936998590827
0.5098200011998415
0.24292300082743168
0.38776399940252304
0.32251899875700474
0.2331450004130602
0.4591049998998642
0.6281710006296635
0.5364009998738766
0.29335299879312515
0.527293000370264
0.5358169991523027
0.4459589999169111
0.4302810002118349
0.5579770002514124
0.5465290006250143
0.6476770006120205
0.46794099919497967
0.7361420001834631
0.43795400112867355
0.42881800048053265
0.5336809996515512
0.5430689994245768
0.45624000020325184
0.5209059994667768
0.4166489988565445
0.4410870000720024
0.46678500063717365
0.40683200024068356
0.43306300044059753
1.3522959984838963
0.4718570001423359
0.4450800009071827
0.6082100011408329
0.4103910010308027
0.5850760005414486
0.7073160000145435
0.5708659999072552
0.5793150011450052
0.40728599950671196
0.4482990000396967
0.43312299996614456
0.4511239994317293
0.4780139997601509
0.4428089987486601
0.5821900013834238
0.13152600079774857
0.1320329997688532
0.20199299976229668
0.5680689997971058
0.4762309994548559
0.42771000042557716
0.589453000575304
0.5566509999334812
0.4695540014654398
0.4358009994029999
0.4784839991480112
0.4186920002102852
0.4645860008895397
0.1497080009430647
0.45924600027501583
0.3496230002492666
0.20175999961793423
0.634425001218915
0.38380200043320656
0.28318899869918823
0.3090989999473095
0.2815780006349087
0.31285700015723705
0.3737359996885061
0.3374010007828474
0.3121939990669489
0.3697379995137453
0.28153800033032894
0.2251769993454218
0.26870499923825264
0.32559100165963173
0.3060279991477728
0.28083700127899647
0.30327099934220314
0.31020599976181984
0.16722100041806698
0.15333300083875656
0.16023899987339973
0.16451099887490273
0.13705299980938435
0.14179199934005737
0.12305999919772148
0.31124900095164776
0.26868199929594994
0.2487800009548664
0.21188100054860115
0.29953600093722343
0.30870299972593784
0.2621480002999306
0.2519990000873804
0.24222700111567974
0.442884000018239
0.22839000076055527
0.1427219994366169
0.15972199849784374
0.1255860012024641
0.16041200049221516
0.16524199955165386
0.23567499965429306
0.14819500036537647
0.299473000690341
0.23110000044107437
0.30123099870979786
0.13113800063729286
0.13247899897396564
0.2047819998115301
0.14305700175464153
0.13247999921441078
0.15897499956190586
0.2239539995789528
0.18037000112235546
0.18322700075805187
0.15242999978363514
0.1412310004234314
0.141525998711586
0.17555700056254864
0.1430900003761053
0.13231500051915646
0.13062000088393688
0.13769400119781494
0.16266800090670586
0.1925470009446144
0.13008000142872334
0.15022099949419498
0.13685799948871136
0.1389979999512434
0.1764989998191595
0.12599699944257736
0.18049699999392033
0.34639599919319153
0.3154969997704029
0.32066299952566624
0.3466369993984699
0.2763749994337559
0.35804699920117855
0.38827299885451794
0.42438700050115585
0.3281960003077984
0.4072659984230995
0.5528359990566969
0.1861959993839264
0.30935500003397465
0.36411700025200844
0.2810210008174181
0.30053799971938133
0.3964069988578558
0.5274550002068281
0.3199669998139143
0.2055170014500618
0.19855299964547157
0.2198169995099306
0.16634999960660934
0.3430139999836683
0.27854800038039684
0.3808880001306534
0.367510000243783
0.15521700121462345
0.19446399994194508
0.1809970010071993
0.1595820002257824
0.1801890004426241
0.19343100115656853
0.24239799939095974
0.1469930000603199
0.13751399889588356
0.17544499970972538
0.21304399892687798
0.15406700037419796
0.17770600132644176
0.16858999989926815
0.1482199989259243
0.14260699972510338
0.2275959998369217
0.1693039983510971
0.12503799982368946
0.19550899975001812
0.15968799963593483
0.1488069985061884
0.15188699960708618
0.22020100057125092
0.22296000085771084
1.95788099989295
0.20144400000572205
0.1364120002835989
0.18889799900352955
0.17196800000965595
0.1340519990772009
0.1482350006699562
0.150067999958992
0.13103199936449528
0.12720900028944016
0.13244299963116646
0.11973600089550018
0.16768300160765648
0.1637049987912178
0.16538400016725063
0.3987249992787838
0.22097599878907204
0.24351000040769577
0.2134459987282753
0.22064500115811825
0.1643650010228157
0.2301550004631281
0.1614489983767271
0.19986199960112572
0.22323300130665302
0.24649999849498272
0.32301099970936775
0.2962950002402067
0.1532959993928671
0.16956100054085255
0.17099600099027157
0.34566599875688553
0.2909409999847412
0.2783319987356663
0.3573720008134842
0.36622400023043156
0.14435500092804432
0.19925200007855892
0.1743170004338026
0.28825199976563454
0.4106939993798733
0.24120800010859966
0.24149399995803833
0.22775200009346008
0.24069900065660477
0.23857899941504002
0.32735399901866913
0.3149619996547699
0.31550499983131886
0.19492500089108944
0.19058900140225887
0.33126699924468994
0.404041999951005
0.34229799918830395
0.32634800113737583
0.21662500128149986
0.19666399993002415
0.6285040006041527
0.4224169999361038
0.5749679990112782
0.6025339998304844
0.180740000680089
0.16805100068449974
0.1801570001989603
0.24682299979031086
0.25689100101590157
0.1606649998575449
0.30967599898576736
0.32041400112211704
0.31826999969780445
0.35593099892139435
0.2645069994032383
0.38286800123751163
0.3105570003390312
0.14496799930930138
0.15991999953985214
0.1332750003784895
0.1503710001707077
0.47692899964749813
0.34651000052690506
0.26652699895203114
0.22074300050735474
0.28258199989795685
0.17392600141465664
0.199906999245286
0.437049001455307
0.13332299888134003
0.1366149988025427
0.12442000024020672
0.1518459990620613
0.1334029994904995
0.16343499906361103
0.1842429991811514
0.3803310003131628
0.4268210008740425
0.13886500149965286
0.14491199888288975
0.2025700006633997
0.14157200045883656
0.16166399978101254
0.12995299883186817
0.1456230003386736
0.1320360004901886
0.2609989996999502
0.17698900029063225
0.13814900070428848
0.17653299868106842
0.21734300069510937
0.1315240003168583
0.17399000003933907
0.1490119993686676
0.12512299977242947
0.3159040007740259
0.2525209989398718
0.3495330009609461
0.27456399984657764
0.2157829999923706
0.26224400103092194
0.26272499933838844
0.34077899903059006
0.2822690010070801
0.47919299826025963
0.397299000993371
0.42732400074601173
0.5224820002913475
0.494505001232028
0.5142769999802113
0.48264599964022636
0.4058440010994673
0.464393001049757
0.21418500132858753
0.16004600003361702
0.23236900009214878
0.20704100094735622
0.26702299900352955
0.3173719998449087
0.15782100148499012
0.1903239991515875
0.20564700104296207
0.3655700013041496
0.33569899946451187
0.1909469999372959
0.3371959999203682
0.24677000008523464
0.2629060000181198
0.2880610004067421
0.16551600024104118
0.3806790001690388
0.29953600093722343
0.1754940003156662
0.2309540007263422
0.19241200014948845
0.1660050004720688
0.5468310005962849
0.4140609987080097
0.4516329988837242
0.4898210000246763
0.5092500001192093
0.4600070007145405
0.412754999473691
0.5184220001101494
0.22285900078713894
0.16165100038051605
0.1611999999731779
0.1234349999576807
0.1289180014282465
0.12794200144708157
0.14728200063109398
0.16249500028789043
0.15073399990797043
0.14832299947738647
0.1766150016337633
0.23145800083875656
0.16408300027251244
0.18533599935472012
0.19491200149059296
0.18703499995172024
0.20545600168406963
0.15430299937725067
0.1718940008431673
0.1802380010485649
0.18743399903178215
0.23916400037705898
0.13824900053441525
0.1321010012179613
0.26666799932718277
0.30195000022649765
0.3261399995535612
0.24195599928498268
0.29463200084865093
0.26383600011467934
0.290047001093626
0.24355199933052063
0.2582649998366833
0.1831739991903305
0.1707460004836321
0.30823099985718727
0.1660280004143715
0.17055299878120422
0.16610699892044067
0.25158200040459633
0.21004600077867508
0.3281730003654957
0.20999199897050858
0.12514800019562244
0.16798799857497215
0.11964000016450882
0.19924400001764297
0.15640800073742867
0.14678500033915043
0.29302999936044216
0.15359099954366684
0.1296439990401268
0.16437700018286705
0.1449190005660057
0.15648200176656246
0.21709199994802475
0.2729500010609627
0.21272999979555607
0.24069500155746937
0.28013399988412857
0.40328799933195114
0.18709400109946728
0.20159300044178963
0.1721090003848076
0.20561899989843369
3.5504430010914803
0.25869499891996384
0.18232700042426586
0.22356799989938736
0.20779000036418438
0.18281299993395805
0.1349990013986826
0.26408400014042854
0.2751090005040169
0.22424100153148174
0.19582299888134003
0.18740800023078918
0.23073500022292137
0.24932199902832508
0.16394099965691566
0.17538500018417835
0.19101399928331375
0.23733399994671345
0.14226900041103363
0.1489819996058941
0.3238040003925562
0.339266998693347
0.3247890006750822
0.22334600053727627
0.19400900043547153
0.17733899876475334
0.16837199963629246
0.4277539998292923
0.4858580008149147
0.1599240005016327
0.16439899988472462
0.13070999830961227
0.18436700105667114
0.12650100141763687
0.16665099933743477
0.15602299943566322
0.26142700016498566
0.3313349988311529
0.33863299898803234
0.27088800072669983
0.3011799994856119
0.17431200109422207
0.21120200119912624
0.1238350011408329
0.47431400045752525
0.5424069985747337
0.5599820017814636
0.14521300047636032
0.15938400104641914
0.12896000035107136
0.16369999945163727
0.1543550007045269
0.13899199850857258
0.17444300092756748
0.1431949995458126
0.1845650002360344
0.1714409999549389
0.13007199950516224
0.14578399993479252
0.159298000857234
0.13740599900484085
0.16845800168812275
0.125322001054883
0.1646750010550022
0.12529100105166435
0.1593050006777048
0.2055159993469715
0.1519870012998581
0.13375800102949142
0.1756999995559454
0.15602099895477295
0.3146919999271631
0.2881399989128113
0.3311080001294613
0.30786800011992455
0.29417499899864197
0.32034399919211864
0.3147950004786253
0.2992340009659529
0.267790999263525
0.3334459997713566
0.30815500020980835
0.32135300152003765
0.24844600073993206
0.5375539995729923
0.38463199883699417
0.3164860010147095
0.3972119987010956
0.43638399988412857
0.4261959996074438
0.18663199990987778
0.3936010003089905
0.36132699996232986
0.3940359987318516
0.36147600039839745
0.35797599889338017
0.3516769986599684
0.38603599928319454
0.5078340005129576
0.389444001019001
0.3404660001397133
0.30830799974501133
0.4187679998576641
0.25821899995207787
0.20027799904346466
0.18616800010204315
0.1900859996676445
0.1877440009266138
0.15487500093877316
0.3357389997690916
0.4127520006150007
0.41974799893796444
0.29992299899458885
0.39639899879693985
0.4182200003415346
0.34660799987614155
0.26002500019967556
0.30102100037038326
0.3414269983768463
0.3518439996987581
0.3131069988012314
0.33386299945414066
0.35689599998295307
0.31500300019979477
0.26189699955284595
0.3160050008445978
0.3171899989247322
0.28040700033307076
0.2774449996650219
0.2791160009801388
0.304152999073267
0.45694600045681
0.5492250006645918
0.1258899997919798
0.24809500016272068
0.4122049994766712
0.4134869985282421
0.5064260009676218
0.4880339987576008
0.551911000162363
0.5014110002666712
0.15762200020253658
0.1705619990825653
0.13451699912548065
0.13980899937450886
0.13481900095939636
0.17270100116729736
0.14766700007021427
0.13716300018131733
0.2099439986050129
0.12510699965059757
0.20903899893164635
0.13249300047755241
0.1236639991402626
0.14401599951088428
0.12292499840259552
0.3744020015001297
0.3213540017604828
0.21281199902296066
0.30168299935758114
0.2762219998985529
0.3083529993891716
0.3033509999513626
0.14134700037539005
0.1259949989616871
0.1497229989618063
0.2213390003889799
0.12076600082218647
0.19363499991595745
0.4573909994214773
0.3757390007376671
0.35740699991583824
0.4606180004775524
0.5115729998797178
0.5357140004634857
0.6050739996135235
1.2871389985084534
0.4072730001062155
0.5485890004783869
0.45012900047004223
0.5533609986305237
0.13671899959445
0.1389979999512434
0.1571669988334179
0.1281560007482767
0.1335160005837679
0.1618060003966093
0.22825000062584877
0.24113699980080128
0.2409099992364645
0.2158770002424717
0.1802709996700287
0.17834199965000153
0.23033099994063377
0.1773469988256693
0.1960819996893406
0.182820999994874
0.19990099966526031
0.2632070016115904
0.2949440013617277
0.2903990000486374
0.35169299878180027
0.24433100037276745
0.24721699953079224
0.29642600007355213
0.2882930003106594
0.3482219986617565
0.3076989986002445
0.2705659996718168
0.36603800021111965
0.24932900071144104
0.31524300016462803
0.13560299947857857
0.17753800004720688
0.22894499823451042
0.18914800137281418
0.19501399993896484
0.1643530000001192
0.16892500035464764
0.17258000001311302
0.16649300046265125
1.0158300008624792
0.2772480007261038
0.26993400044739246
0.2505670003592968
0.31444899924099445
0.12854699976742268
0.13416000083088875
0.22400299832224846
0.1312470007687807
0.15558800101280212
0.17107199877500534
0.15852300077676773
0.1286039985716343
0.14236200042068958
0.17978399991989136
0.1486789993941784
0.17559400014579296
0.13060600124299526
0.12988900020718575
0.16946499980986118
0.15671100094914436
0.17457300052046776
0.1613049991428852
0.15648800134658813
0.2502830009907484
0.18093400076031685
0.16868400014936924
0.13772100023925304
0.1427839994430542
0.28524100035429
0.19762999936938286
0.1527819987386465
0.23494700156152248
0.14192700013518333
0.12580700032413006
0.1276370007544756
0.22300499863922596
0.20802800171077251
0.16011900082230568
0.14524799957871437
0.15649699978530407
0.13411299884319305
0.15422399900853634
0.1496990006417036
0.12035199999809265
0.18025700002908707
0.12919600121676922
0.18470299988985062
0.14140300080180168
0.15478800050914288
0.16716699860990047
0.13341799937188625
0.15348099917173386
0.18156900070607662
0.1578839998692274
0.15276600047945976
0.13746000081300735
0.1374689992517233
0.13720900006592274
0.14970099925994873
0.1340589988976717
0.1433779988437891
0.19432800076901913
0.14056099951267242
0.34528400003910065
0.20412599854171276
0.14046400040388107
0.17539400048553944
0.17166700027883053
0.19931500032544136
0.17382000014185905
0.14447100088000298
0.1618060003966093
0.17075099982321262
0.14333900064229965
0.24784000031650066
0.20783199928700924
0.16806800104677677
0.14834499917924404
0.17749099992215633
0.25334000028669834
0.18205999955534935
0.1495680008083582
0.15460900031030178
0.1759670004248619
0.17500699870288372
0.36577000096440315
0.2973149996250868
0.37483200058341026
0.3871320001780987
0.17624099925160408
0.149252999573946
0.2547909989953041
0.15891899913549423
0.3674090001732111
0.16293299943208694
0.14677200093865395
0.2649210002273321
0.7011350002139807
0.24373900145292282
0.1954789999872446
0.15617899969220161
0.1789609994739294
0.26163400150835514
0.20023000054061413
0.12991899996995926
0.3411489985883236
0.33258300088346004
0.373879998922348
0.1771470010280609
0.14090099930763245
0.12902200035750866
0.13257900066673756
0.17293700017035007
0.14530999958515167
0.2040140014141798
0.1725239995867014
0.1417119987308979
0.2142019998282194
0.1361370012164116
0.18843700177967548
0.13708899915218353
0.13685499876737595
0.1435989998281002
0.13903200067579746
0.18618599884212017
0.13138099946081638
0.14803599938750267
0.15174200013279915
0.13139900006353855
0.17947199940681458
0.12480700016021729
0.1460110004991293
0.18156700022518635
0.1305840015411377
0.16188200004398823
0.14043799974024296
0.164555000141263
0.16946700029075146
0.153074000030756
0.30246400088071823
0.3266990017145872
0.2759020011872053
0.12585199996829033
0.17356600053608418
0.12914900109171867
0.26570199988782406
0.13131100125610828
0.1513650007545948
0.12995100021362305
0.1362789999693632
0.1556939985603094
0.13513199985027313
0.14708499982953072
0.20126199908554554
0.2859910000115633
0.18121899850666523
0.15453300066292286
0.13267399929463863
0.1316679995507002
0.11653900146484375
0.13292299956083298
0.11937100067734718
0.19051099941134453
0.14475500024855137
0.3060400001704693
0.3254969995468855
0.43111600168049335
0.13301599957048893
0.19222300127148628
0.17040099948644638
0.1699540000408888
0.17397699877619743
0.17522200010716915
0.17676200158894062
0.19224699959158897
0.25640800036489964
0.20167599990963936
0.1648159995675087
0.2049419991672039
0.22398600168526173
0.20517299883067608
0.18403399921953678
0.24867199920117855
0.22261399962008
0.1847939994186163
0.22878500074148178
0.19769199937582016
0.18472000025212765
0.45997799932956696
0.27112399972975254
0.15278000012040138
0.196985999122262
0.20112800039350986
0.17242900095880032
0.15244299918413162
0.1364970002323389
0.23748099990189075
0.1560510005801916
0.210529999807477
0.18008300103247166
0.13778400048613548
0.20289199985563755
0.1834119986742735
0.137771999463439
0.1522030010819435
0.4010819997638464
0.24756000004708767
0.27603300102055073
0.25464100018143654
0.2665820010006428
0.23312299884855747
0.2682600002735853
0.26402599923312664
0.26537599973380566
0.2163340002298355
0.29324199818074703
0.27883500047028065
0.21965599991381168
0.24414500035345554
0.23721399903297424
0.24646400101482868
0.32076700031757355
0.1407559998333454
0.13084900006651878
0.13373500108718872
0.14189200103282928
0.4260169994086027
0.5055459998548031
0.4127749986946583
0.6405790001153946
0.42867100052535534
0.16692399978637695
0.14633899927139282
0.1301220003515482
0.24327600002288818
0.13081800006330013
0.1269850004464388
0.21171400137245655
0.2918669991195202
0.22892500087618828
0.3241889998316765
0.34973599947988987
0.23909400030970573
0.2576409988105297
0.4072619993239641
0.15473799966275692
0.16092499904334545
0.34700299985706806
0.4514740016311407
0.2506980001926422
0.2656010016798973
0.21830500103533268
0.22072700038552284
0.15034600161015987
0.13019900023937225
0.14591499976813793
0.13337300159037113
0.16820199973881245
0.20783100090920925
0.24770399928092957
0.3694170005619526
0.22495200112462044
0.260240999981761
0.153243999928236
0.31853700056672096
0.3091449998319149
0.19612500071525574
0.14162800088524818
0.1815239991992712
0.21449600160121918
0.22179399989545345
0.4530880004167557
0.1652740016579628
0.17239399999380112
0.16208099946379662
0.20791600085794926
0.27785899862647057
0.29428800009191036
0.2678520008921623
0.21962100081145763
0.30464700050652027
0.21535100042819977
0.24480700120329857
0.24321600049734116
0.27390499971807003
0.2516640014946461
0.3413829989731312
0.40429299883544445
0.2494130004197359
0.2929889988154173
0.2919319998472929
0.30559599958360195
0.41788200102746487
0.25782000087201595
0.2923149988055229
0.2802360001951456
0.25923899933695793
0.2615769989788532
0.2543910015374422
0.3216099999845028
0.24381699971854687
0.2596509996801615
0.267943000420928
0.22471999935805798
0.29276000149548054
0.22080899961292744
0.26456000097095966
0.26016500033438206
0.279509998857975
0.1366880014538765
0.13833600096404552
0.12804099917411804
0.19467199966311455
0.12976299971342087
0.13839799910783768
0.19811199977993965
0.18879699893295765
0.17408199980854988
0.1550780013203621
0.14778400026261806
0.1408690009266138
0.1671409998089075
0.45460099913179874
0.48824399895966053
0.5214499998837709
0.460742000490427
0.4245359990745783
0.5557960011065006
0.3681650012731552
0.17528099939227104
0.1579499989748001
0.13892799988389015
0.15163099952042103
0.13811399973928928
0.16105899959802628
0.20052099972963333
0.1388630010187626
0.39403400011360645
0.2184790000319481
0.37528200075030327
0.13947699964046478
0.26942900009453297
0.2625399995595217
0.12354900129139423
0.18759199976921082
0.15792799927294254
0.28606799989938736
0.14185700006783009
0.14110399968922138
0.18347499892115593
0.14529799856245518
0.18120699934661388
0.3304360006004572
0.3750120010226965
0.32149199955165386
0.3063830006867647
0.38178199902176857
0.4041679985821247
0.2991279996931553
0.29427799955010414
0.36519099958240986
0.2575389984995127
0.3191050011664629
0.15331099927425385
0.171942001208663
0.17225799895823002
0.21070699952542782
0.21916599944233894
0.13903899863362312
0.2605879995971918
0.1514539998024702
0.24626100063323975
0.24207199923694134
0.3468699995428324
0.30073900148272514
0.2591260001063347
0.3317700009793043
0.23542899824678898
0.2890100013464689
0.26229199953377247
0.25508700124919415
0.14470299892127514
0.17858700081706047
0.5656419992446899
0.12890500016510487
0.5293589998036623
0.19066300056874752
0.14059599861502647
0.16835599951446056
0.1470780000090599
0.14897799864411354
0.1463280003517866
0.13541699945926666
0.13008400052785873
0.26267500035464764
0.25420499965548515
0.33275199867784977
0.2493350002914667
0.2055799998342991
0.13653300143778324
0.12418700009584427
0.1316600013524294
0.13530799932777882
0.13041900098323822
0.13569900020956993
0.15321499854326248
0.1276179999113083
0.30567700043320656
