1.1457290006801486
2.4514529993757606
1.452165000140667
1.3207729998975992
0.3102510003373027
0.21431499999016523
0.25410899985581636
0.26949699968099594
0.2187109999358654
0.2627750001847744
0.42653599940240383
0.21376700047403574
0.18616999965161085
0.21963299997150898
0.3859000001102686
0.3433989994227886
0.6150969993323088
0.509986000135541
0.6147079998627305
0.3258580006659031
0.2554820002987981
0.16198599990457296
0.2670539999380708
0.16464300081133842
0.17755299992859364
0.3071880005300045
0.21767699997872114
0.22998999990522861
1.9452859992161393
2.0485220002010465
1.895657000131905
1.4834859995171428
1.9796329997479916
1.8480500001460314
2.14775799959898
1.6110589997842908
1.4730529999360442
0.25643099937587976
0.18293500039726496
0.25366399995982647
1.4835609998553991
1.3831110000610352
1.1928000003099442
2.2441349998116493
2.2777720000594854
0.17736099939793348
0.2392119998112321
0.2581580001860857
0.20266699977219105
0.32088200002908707
0.22201199922710657
0.22611100040376186
2.4333819998428226
0.207952999509871
1.7211889997124672
1.309697000309825
0.4208880001679063
1.4715229999274015
1.2661070004105568
1.4228800004348159
2.092998000793159
0.2065619993954897
0.23293800000101328
0.1846589995548129
1.8726890003308654
3.023632999509573
2.706749999895692
8.745931999757886
0.18098600022494793
0.2744030002504587
1.8072600001469254
1.5148050002753735
1.9068750003352761
0.285500000230968
0.1994369998574257
0.25781399942934513
1.4189379997551441
1.791804000735283
1.4547560000792146
0.5385379996150732
1.3904849998652935
0.2118130000308156
0.3702889997512102
0.6186190005391836
0.3315880000591278
0.2922759996727109
0.3499760003760457
0.33739199955016375
0.3530560005456209
0.49049399979412556
0.23207099922001362
2.2344329999759793
0.23319699987769127
0.2952939998358488
0.25766600016504526
1.1702129999175668
1.9865349996834993
0.41837400011718273
0.3172140000388026
0.30349399987608194
0.38285400066524744
0.2893970003351569
0.224821999669075
0.44618300069123507
0.40631099976599216
0.3931400002911687
0.42947900015860796
0.4093210007995367
0.36868799943476915
0.4041689997538924
0.411446999758482
0.21213499922305346
0.5009180000051856
0.5133920004591346
0.48822900000959635
0.3014160003513098
0.2847769996151328
1.129497000016272
0.2770670000463724
0.4061950007453561
0.23708899971097708
0.4887930005788803
0.3534320006147027
0.2559709995985031
0.24263999983668327
0.4365920005366206
0.27814199961721897
0.438017999753356
0.6027889996767044
0.3721519997343421
0.26998799946159124
0.4994169995188713
0.2386920005083084
0.49694900028407574
2.2655299995094538
1.4840519996359944
1.6894080005586147
1.9621209995821118
2.3737779995426536
0.4937349995598197
0.30973100010305643
0.3288529999554157
0.32393999956548214
0.29264199919998646
2.303917999379337
2.155713999643922
1.4040930001065135
2.0319530004635453
1.2513310005888343
1.603192999958992
1.497452000156045
2.1818340001627803
0.3925270000472665
0.3098790002986789
0.3130829995498061
0.36853000055998564
0.3650360004976392
0.26950700022280216
0.33345900010317564
0.9934120001271367
0.206666000187397
0.32705899979919195
0.41955999936908484
0.4295950001105666
0.5881380001083016
0.5121709993109107
0.2581529999151826
0.2787939999252558
0.5763940000906587
0.520282999612391
0.3940099999308586
0.23171699978411198
1.4835119992494583
1.3685560002923012
2.0404030000790954
0.4749410003423691
0.34227100014686584
0.20325100049376488
0.4230429995805025
0.4348430000245571
0.3266770001500845
0.44714799989014864
0.34828600008040667
2.044637999497354
2.0606689993292093
1.4511489998549223
1.6992910001426935
1.4093730002641678
1.5742210000753403
0.21836099959909916
0.20512499939650297
0.5443209996446967
2.8824259992688894
1.9558359999209642
0.27262100018560886
1.8552210005000234
2.1311229998245835
0.24548800010234118
0.17987599968910217
0.3522060001268983
0.2409539995715022
0.21182200033217669
0.3399640005081892
0.2048569992184639
0.3075390001758933
0.282685000449419
0.2664209995418787
0.33288099989295006
0.25413400027900934
0.41622900031507015
0.2769539998844266
0.4605350000783801
0.270732999779284
0.5450249994173646
0.4781669992953539
0.5056729996576905
0.36853399965912104
0.5713520003482699
0.24894099961966276
0.4212030004709959
0.19725999981164932
0.2392009999603033
1.9228440001606941
0.29698400013148785
0.26729700062423944
1.3527109995484352
2.160031999461353
0.2650790000334382
0.19620699994266033
0.2369539998471737
0.36426200065761805
0.39292699936777353
0.29045099951326847
0.2703729998320341
0.20079799927771091
0.2443729992955923
0.25449500046670437
0.1886520003899932
0.24852399993687868
0.21411299984902143
1.3197329994291067
1.855077000334859
1.8766280002892017
0.2113270005211234
0.3002569992095232
2.6638749996200204
1.6865900000557303
1.5486099999397993
2.1416099993512034
1.4548180000856519
0.29205000028014183
0.21362200006842613
0.3018450001254678
1.3843219997361302
1.956092999316752
2.6410139994695783
0.6612500008195639
1.7149480003863573
3.1811969997361302
1.6635610004886985
2.0516119999811053
3.053074000403285
1.874197999946773
1.7485079998150468
2.047331999987364
1.6588399996981025
1.775500999763608
0.32036999985575676
0.27009900007396936
0.24856700003147125
2.121590000577271
0.37790600024163723
0.2489419998601079
0.411638000048697
0.26508199982345104
0.33969599939882755
1.8058139998465776
1.65572000015527
2.3055890006944537
1.5982829993590713
0.20372499991208315
0.33624300081282854
0.27130299992859364
0.27415299974381924
1.70004600007087
2.0242760004475713
0.2662209998816252
0.3188380002975464
0.2322219992056489
0.23539500031620264
0.2441140003502369
0.2533269999548793
0.26662199944257736
0.2105330005288124
0.18997199926525354
0.26176400016993284
0.26604800019413233
3.6282150000333786
0.33314900007098913
0.5666350005194545
0.4061759999021888
0.37206600047647953
0.44647299963980913
0.2708749994635582
0.1921430006623268
0.33309900015592575
1.4939430002123117
0.23486000020056963
0.22324199974536896
0.5181649997830391
0.2559890002012253
0.28889899980276823
0.3055880004540086
0.1885970002040267
1.859876999631524
1.432040000334382
0.3006300004199147
0.31490299943834543
0.20626099966466427
0.4113929998129606
0.4231970002874732
0.3014850001782179
0.33576100040227175
0.33182500023394823
0.29228000063449144
0.36459000036120415
2.818479999899864
2.0505710002034903
1.6258760001510382
1.3653839994221926
2.1643540002405643
2.2774310000240803
1.3312300005927682
0.3626039996743202
2.1300079999491572
2.040180000476539
1.74690099991858
0.29024200048297644
0.2891240008175373
0.4778720000758767
0.38895100075751543
0.2957499995827675
0.2428150000050664
0.2991439998149872
0.2228339994326234
0.1855290001258254
0.2678549997508526
0.3280079998075962
2.8343550004065037
0.34960499964654446
0.2579669998958707
0.2702630003914237
0.2657810002565384
0.3062309995293617
0.2452980000525713
0.18827500008046627
0.28872800059616566
1.1369839999824762
0.2055620001628995
0.20582100003957748
0.29650199972093105
3.036193000152707
0.2576089994981885
0.32442699931561947
0.323106000199914
1.7894500000402331
1.4746920000761747
1.8833410004153848
1.6645980002358556
0.2396869994699955
0.3413859996944666
0.22886699996888638
0.27113099955022335
0.23387099988758564
0.4282789994031191
0.3099549999460578
0.36785999964922667
0.44913299940526485
0.20247199945151806
0.22567700035870075
0.4602889996021986
0.2632699999958277
0.33699799980968237
0.21778700035065413
0.2583389999344945
0.2686129994690418
0.18303699977695942
0.4517689999192953
0.26923099998384714
0.2476019999012351
0.1943609993904829
0.24826200027018785
0.21513700019568205
0.2138869995251298
0.2361880000680685
0.30082300025969744
0.2290420001372695
0.36008800007402897
0.5471200002357364
0.29899000003933907
0.35512099973857403
0.23470599949359894
0.33105899952352047
0.2156980000436306
0.30611100047826767
0.26762699987739325
1.540850999765098
1.6650959998369217
0.3096620002761483
0.22256699949502945
0.26561199966818094
0.30116800032556057
1.5786960003897548
0.3392320005223155
0.23431199975311756
0.22606399934738874
0.21733999997377396
0.2333130007609725
0.204479000531137
0.20268500037491322
0.20972600020468235
0.40182000026106834
1.6154610002413392
0.27556900028139353
0.4844819996505976
0.2904099998995662
0.2423719996586442
0.40039499942213297
0.20041900034993887
0.2523570004850626
1.4638940002769232
1.4222710002213717
1.6499600000679493
1.1081119999289513
1.5185020007193089
1.9670069999992847
1.6255970001220703
1.8631250001490116
0.27976599987596273
0.2047910001128912
0.37541200034320354
0.1889429995790124
0.25191000010818243
1.2257840000092983
0.22899099998176098
0.314155999571085
0.2660399992018938
0.21444800030440092
0.24052600003778934
0.31139600090682507
0.20117599982768297
0.3785570003092289
1.6313779996708035
1.45562900044024
1.453839000314474
1.314079999923706
0.23138599935919046
0.1916829999536276
0.18833700008690357
0.25373699981719255
0.28820899967104197
0.23662000056356192
0.28122999984771013
0.5408039996400476
0.2934349998831749
0.24784700013697147
0.215060000307858
0.18592400010675192
1.268822000361979
0.23927799984812737
1.2935709999874234
1.6704480005428195
0.26489199977368116
0.266780000180006
0.5393059998750687
0.4686779994517565
0.24577500019222498
0.2074370002374053
0.24744299985468388
0.20593800023198128
0.2028930000960827
2.065523000434041
1.8020479995757341
1.7985169999301434
1.6650640005245805
1.947062000632286
2.0544090000912547
1.5331570003181696
0.27500300016254187
1.8010689998045564
1.5415750006213784
0.21979899983853102
0.9641470005735755
0.3184639997780323
0.27874100022017956
0.18559399992227554
1.7718259999528527
0.2643149998039007
0.6994080003350973
0.27232500072568655
0.28950100019574165
2.0038430001586676
0.38272499945014715
1.324906000867486
1.5192799996584654
0.20830299984663725
0.21294600050896406
0.22116999980062246
0.21214700024574995
0.23568799998611212
0.33530899975448847
0.26844700053334236
0.19859000016003847
0.2980410000309348
0.3013189993798733
0.2216530004516244
0.19299100060015917
0.20125399995595217
0.21414299961179495
0.22101899981498718
0.22785700019448996
0.24249100033193827
0.38063700031489134
0.2700769994407892
0.26143399998545647
0.2265820000320673
0.2203700002282858
0.19331999961286783
0.18686100002378225
0.22688100021332502
0.19287300016731024
0.1854689996689558
1.9937979998067021
0.2432080004364252
0.30878600012511015
0.27478899993002415
2.195957999676466
2.128465000540018
0.2200260004028678
0.23327500000596046
0.407048000022769
0.26269400026649237
0.30736999958753586
0.20604000054299831
0.3080730000510812
0.37430599983781576
0.2026019999757409
0.2611819999292493
1.717536000534892
2.032234000042081
0.39872399996966124
0.25496899988502264
1.9630410000681877
1.3269360000267625
1.5656190002337098
1.2892279997467995
1.3781270002946258
1.6582519998773932
1.4147720001637936
1.510908999480307
2.24541400000453
0.3579160002991557
0.25145099963992834
0.29908099956810474
0.3220600001513958
2.4518880005925894
1.362564000301063
1.713281000033021
1.9054220002144575
0.1929679997265339
0.522346000187099
0.293185000307858
0.3228040002286434
0.38849399983882904
0.34699600003659725
0.4475239999592304
0.41648800019174814
0.3411199999973178
0.5238579995930195
0.3415999999269843
0.4333580005913973
0.42290399968624115
0.32411499973386526
0.3333440003916621
0.4232769999653101
0.28752699960023165
0.2833839999511838
0.45532399974763393
0.483322000131011
0.47816899977624416
0.3011619998142123
0.3392960000783205
0.3241739999502897
0.38301400002092123
0.3326920000836253
0.42542200069874525
0.3019759999588132
0.3451150003820658
0.2150260005146265
2.2728180000558496
0.29112299997359514
0.4431199999526143
0.5542749995365739
0.43452700041234493
0.4524959996342659
0.3342270003631711
0.254483999684453
0.24285499937832355
0.2998629994690418
0.24712400045245886
0.23289799969643354
0.2004329999908805
0.21374099981039762
0.38391599990427494
0.2617720002308488
0.2524089999496937
0.21778200007975101
0.18628800008445978
0.2194269997999072
0.19272200018167496
0.26372400019317865
0.232893000356853
0.21002400014549494
0.21779400017112494
0.42184900026768446
0.32671900000423193
0.5242050001397729
0.45879000052809715
0.22671599965542555
0.477225000038743
0.27745100017637014
0.48103999998420477
0.37200900074094534
0.34927699994295835
0.26561199966818094
0.2402110006660223
0.23574799951165915
1.3470139997079968
1.0052189994603395
0.4010870000347495
0.23752399999648333
0.43233099952340126
0.27088400069624186
0.4442290002480149
0.23249000031501055
0.27307199966162443
0.24373099952936172
0.3793899994343519
0.3173949997872114
0.36920000053942204
0.29563700035214424
0.42865299992263317
0.5900619998574257
0.5740729998797178
0.24067700002342463
0.21075700037181377
0.4290390005335212
0.40242099948227406
0.2547909999266267
0.2116129994392395
0.23226800002157688
0.2825969997793436
0.19824300054460764
0.2513570003211498
0.39719399996101856
1.829448999837041
1.655724000185728
0.29542999994009733
0.2059469996020198
0.2552010007202625
0.19880300015211105
0.2745890002697706
0.2510479995980859
0.18689300026744604
0.27857100032269955
2.048204000107944
0.9704259997233748
1.5710739996284246
0.28301400039345026
0.24050500057637691
0.25278699956834316
0.2413529995828867
0.31917899940162897
0.19098899979144335
0.30548400059342384
0.24528799951076508
0.24633600004017353
0.23501699976623058
0.3006319999694824
0.3548290003091097
0.3019050005823374
2.602570000104606
0.3886430002748966
0.24765499960631132
0.2140370002016425
0.26516300067305565
1.474452999420464
0.2365549998357892
0.28765400033444166
0.40799899958074093
0.21911399997770786
0.3312490005046129
0.2820100001990795
1.3290940001606941
0.2579350005835295
0.25998799968510866
0.2090960005298257
0.24474199954420328
1.0377620002254844
0.3703950000926852
0.42404699977487326
0.39424899965524673
0.3094589998945594
0.3825409999117255
0.37064799945801497
1.903710000216961
0.2564570000395179
0.20957399997860193
0.2739589996635914
0.2725369995459914
1.2537050005048513
10.674455000087619
0.18743399996310472
0.28166200034320354
0.277534999884665
0.2026819996535778
0.2608839999884367
0.36882099974900484
0.3471189998090267
0.2829550001770258
0.27136300038546324
0.24883699975907803
0.8857740005478263
0.30439200066030025
0.24283900018781424
0.2674289997667074
0.27370200026780367
0.21494399942457676
0.5185659993439913
0.3139089997857809
0.34747699927538633
0.29768799990415573
0.4337979992851615
0.4639119999483228
0.3550450000911951
0.21753100026398897
0.19086700025945902
0.29629800003021955
1.925152000039816
1.255743999965489
0.2068630000576377
0.5349890002980828
0.5626550000160933
0.5796670001000166
0.46798899956047535
0.36806400027126074
0.2349849995225668
0.4168239999562502
0.2491509998217225
0.3363359998911619
0.19304499961435795
0.2195069994777441
0.21766499988734722
0.5125469993799925
0.3910629991441965
0.3587739998474717
0.23150299955159426
0.3476990005001426
0.22192999999970198
0.3461229996755719
0.3906779997050762
0.18555300030857325
0.2717800000682473
0.22360100038349628
0.21696999948471785
1.6173710003495216
1.628834999166429
2.4386860001832247
2.335465000011027
1.5055160000920296
2.1893370002508163
0.21296499948948622
0.21575700026005507
0.26628500036895275
0.2818380007520318
0.2690579993650317
0.1961930003017187
1.5967030003666878
1.7137330006808043
0.3167770002037287
0.3352410001680255
0.36610700003802776
0.32010999973863363
0.37566199991852045
0.39384800009429455
0.18616999965161085
0.2620169995352626
1.806839999742806
0.3540030000731349
1.5529140001162887
0.2459909999743104
0.30512799974530935
0.4318229993805289
1.7610910004004836
0.2611130001023412
2.2553449999541044
1.6126579996198416
1.6667820001021028
0.9765060003846884
0.3854200001806021
0.2134859999641776
0.24636599980294704
0.5192849999293685
0.3123639998957515
0.34048600029200315
0.3485899996012449
0.2908630007877946
0.28208599984645844
0.21798900049179792
0.5360129997134209
1.7530889995396137
1.9561299998313189
0.19373800046741962
1.3629030007869005
2.709817999973893
0.44767600018531084
2.43872999958694
0.5795160001143813
0.39210200030356646
0.4187349993735552
0.28487700037658215
0.3307799994945526
2.177263000048697
1.819747000001371
1.3673649998381734
0.2251570001244545
0.23503000009804964
0.23268999997526407
0.45541200041770935
0.6023039994761348
0.49351000040769577
0.4837650004774332
0.27147800009697676
0.31259499955922365
0.26279400009661913
0.2781309997662902
0.23297599982470274
0.2861599996685982
0.25296400021761656
0.2660380005836487
0.17999000009149313
0.2520909998565912
0.47341400012373924
0.5536879999563098
0.40314000006765127
0.5042629996314645
0.1987880002707243
0.36818999983370304
0.21988399978727102
0.21692399960011244
0.3525370005518198
0.3203919995576143
0.24019800033420324
0.39329000003635883
0.4268499994650483
1.5965080000460148
0.2502500005066395
0.2562969997525215
0.21186199970543385
0.24734199978411198
0.26454100012779236
0.2731099994853139
0.24542099982500076
0.22390099987387657
1.8597990004345775
1.245078000240028
1.571972000412643
0.37947400007396936
0.5095850005745888
0.5427729999646544
0.34540299978107214
0.1921969996765256
0.36590499989688396
0.385584999807179
0.1933399997651577
0.35617300029844046
0.2364379996433854
0.22692399937659502
1.5202080002054572
0.24203300010412931
0.28873699996620417
0.35144800040870905
0.5222680000588298
0.36768999975174665
0.261349999345839
0.30443800054490566
0.9316739998757839
0.1908339997753501
0.26607799995690584
0.2450920008122921
0.27021999936550856
0.22919899970293045
0.3544830000028014
0.4026910001412034
0.22966900002211332
1.6972799999639392
0.2495940001681447
0.20567500032484531
0.26945099979639053
0.2783049996942282
0.23765600007027388
0.1790740005671978
0.2367710005491972
0.24040599912405014
0.2208110000938177
0.22295800037682056
0.21584200020879507
0.22584700025618076
0.3055380005389452
1.456221000291407
1.3155709998682141
0.252165999263525
0.20880800019949675
0.19904999993741512
0.25890700053423643
0.4371950002387166
0.41933399997651577
0.33406500052660704
0.2894770000129938
0.3022149996832013
0.29223399981856346
1.7949540000408888
1.7683029994368553
0.2521749995648861
1.5896420003846288
1.7532029999420047
1.6225850004702806
0.21406699996441603
0.19953100010752678
0.18049800023436546
2.232419000007212
1.7308789994567633
0.2811099998652935
0.3430359996855259
0.26117199938744307
0.3086640005931258
0.22835200000554323
1.661722999997437
1.7389150001108646
1.7207369999960065
0.22217500023543835
0.21561199985444546
0.17898700013756752
1.440777000039816
2.055136000737548
0.30956799909472466
1.7294049998745322
1.586353000253439
1.168604999780655
0.2848499994724989
1.495269000530243
0.1816940000280738
0.23051699995994568
1.6312079997733235
0.20617600064724684
1.4551860000938177
1.1925209993496537
0.22538099996745586
0.2857130002230406
0.3867680002003908
0.42800300009548664
0.3446080004796386
0.1958159999921918
0.2787939999252558
0.25596800073981285
0.2214069999754429
0.3025449998676777
0.2430400000885129
1.8119549993425608
0.21228100080043077
0.2404380002990365
0.2631670003756881
0.2315870001912117
0.2619310002774
0.45583099965006113
1.6162959998473525
1.4627290004864335
1.4426920004189014
0.21219899971038103
0.2399849994108081
1.2245849994942546
1.2754570003598928
0.24846000038087368
0.3043709993362427
0.2604270000010729
0.36415599938482046
1.3800879996269941
0.45336499996483326
0.3726300001144409
0.34957299940288067
0.35345300007611513
0.4028260000050068
0.2159230001270771
0.21502699982374907
0.21268100012093782
0.18527999985963106
2.0460430001839995
0.4052929999306798
0.3002959992736578
0.2474760003387928
0.2027209997177124
0.24856700003147125
0.1871279999613762
0.2858689995482564
0.20186099968850613
0.1748080002143979
1.007906999439001
1.7143270000815392
0.2824059994891286
0.2893350003287196
0.22915800008922815
0.2730809999629855
1.2096990002319217
0.9815530003979802
0.27221899945288897
1.6964440001174808
0.2647439995780587
0.2550139995291829
0.20016400050371885
0.1846519997343421
0.2534060003235936
0.2809540005400777
0.3710010005161166
0.2789089996367693
0.31051200069487095
0.35577400028705597
0.18981700018048286
0.2340470002964139
0.2264860002323985
1.0340640004724264
0.9956910004839301
0.1971540004014969
0.20539600029587746
0.2638969998806715
0.4282149998471141
0.2811770001426339
0.37817699927836657
0.217675999738276
0.293163999915123
0.3817879995331168
0.2159299999475479
0.3376139998435974
0.37709600012749434
0.3435890004038811
0.18266199994832277
0.3224910004064441
0.3015519995242357
0.49383299984037876
0.3366519995033741
0.44811399932950735
0.36847299989312887
0.21389400027692318
0.4812550004571676
0.34652299992740154
0.34452399984002113
0.25075099989771843
0.3258739998564124
0.45968899969011545
0.507418000139296
0.2687250003218651
0.46315700002014637
0.3442959999665618
0.33669100049883127
0.2242919998243451
0.29921399988234043
0.3674909994006157
0.3146110000088811
0.4217610005289316
0.29100599978119135
0.20277199987322092
0.19351099990308285
0.2382790008559823
0.26595200039446354
0.22522900067269802
0.21842100005596876
0.4552769996225834
0.2951429998502135
0.20933499932289124
0.1956330006942153
1.578281999565661
1.2598590003326535
1.752111000008881
21.268752000294626
0.3483220003545284
0.21274400036782026
2.490886999294162
2.272217999212444
1.4921209998428822
0.23512500058859587
0.2233950002118945
0.25028499960899353
0.2334730001166463
1.5378879997879267
1.4490710003301501
1.3538359999656677
2.413766000419855
0.9996400000527501
0.30473299976438284
0.527801999822259
0.38517099991440773
0.4611590001732111
0.26086599938571453
0.18194799963384867
0.24447599984705448
0.26296700071543455
0.39310500025749207
0.3170059993863106
0.17265000008046627
0.29077399987727404
0.2497910000383854
0.2480309996753931
2.0493649998679757
0.22341400012373924
0.243626999668777
0.3066339995712042
0.2550330003723502
0.17911399994045496
0.21684999950230122
0.19364000018686056
0.3636360000818968
0.4114050008356571
0.4361420003697276
0.47446299996227026
1.3520740000531077
0.24709099996834993
0.2144800005480647
0.23026099987328053
1.7082319995388389
0.2240369999781251
0.22398599982261658
0.19900200050324202
0.5769360000267625
0.1782640004530549
0.3757459996268153
0.22746699955314398
0.21820600051432848
0.2519229995086789
0.24944699928164482
0.19366500061005354
0.18133800011128187
0.20839999988675117
0.22004499938338995
0.2279730001464486
0.21197499986737967
0.19416899979114532
0.21289699990302324
0.27970199938863516
0.2290170006453991
0.3426510002464056
0.28153400029987097
0.18742800038307905
0.18000799976289272
0.38596600014716387
0.2883569998666644
0.4514219993725419
0.21282999962568283
0.18482500035315752
0.2973680002614856
0.43859999999403954
0.5508079994469881
1.8839520001783967
0.31442000064998865
0.28776299953460693
0.2519370000809431
1.3897570008412004
1.8779800003394485
0.19679899979382753
0.22418400086462498
1.914354999549687
1.6890730001032352
0.196794000454247
0.5894920006394386
0.5640620002523065
0.4623870002105832
0.25655299983918667
0.2957180002704263
0.4269860005006194
0.37525400053709745
0.3545700004324317
0.24124599993228912
0.22593099996447563
0.2015330009162426
0.24135900009423494
0.4974850006401539
0.5204620007425547
0.2961539998650551
0.2129579996690154
2.0539920004084706
0.2130469996482134
0.4185640001669526
0.4589139996096492
0.44683000072836876
0.357634000480175
0.3738959999755025
0.4028380000963807
0.3946690000593662
0.48210599925369024
0.551830000244081
0.7787419995293021
0.22643999941647053
0.32672199979424477
0.3669799994677305
0.3606779994443059
0.3630189998075366
0.23497300036251545
0.19616999942809343
0.21961999963968992
0.19382300041615963
0.1993730003014207
1.2943540001288056
0.27650799974799156
0.1784879993647337
0.19862799998372793
0.33373699989169836
0.19969400018453598
0.39970199950039387
0.35591099970042706
0.34772800002247095
0.30248900037258863
0.22307899966835976
0.18212899938225746
0.3812790000811219
0.22556500043720007
0.28030400071293116
1.7190870000049472
0.21859900001436472
0.2516339998692274
9.0699230004102
0.22850199975073338
0.43606700003147125
0.17399199958890676
0.18938399944454432
0.2117280000820756
0.1830280004069209
0.28511499986052513
0.28381899930536747
0.32695799972862005
0.2730440003797412
0.20684999972581863
0.175246000289917
0.36266699992120266
0.3918960001319647
0.19586400035768747
3.5640409998595715
1.3739689998328686
1.7391659999266267
1.6252140002325177
2.0711719999089837
1.9579379996284842
0.37710999976843596
1.4107809998095036
1.580986000597477
0.2286700000986457
0.2086319997906685
0.202526000328362
0.18413900025188923
0.8710179999470711
0.1834379993379116
0.4095559995621443
0.40173000004142523
0.5031920000910759
0.47825600020587444
0.2752719996497035
0.4093179991468787
0.4709740001708269
0.2205439992249012
1.97395099978894
1.3232479998841882
0.1962890001013875
0.23472500033676624
1.381089000031352
0.21944199968129396
0.2296659993007779
0.26291200052946806
1.5819539995864034
1.8377519994974136
1.6301190005615354
1.578540999442339
0.23664200026541948
0.2036779997870326
0.20560599956661463
2.3746060002595186
2.220758999697864
1.9413350000977516
0.28199899941682816
0.26825600024312735
0.33570600021630526
0.22152299992740154
0.2564049996435642
0.17282400000840425
0.23798099998384714
0.864847999997437
0.18475199956446886
0.2768670003861189
0.24021199997514486
1.5960880005732179
1.2721690004691482
1.241084000095725
1.3687260001897812
1.4341000001877546
1.0460670003667474
0.2231970001012087
0.3019470004364848
1.9702789997681975
0.2697779992595315
0.19417000003159046
0.17184999957680702
0.17695200070738792
0.17375599965453148
0.187478999607265
1.3979219999164343
1.7139920005574822
1.9545590002089739
0.21941000036895275
0.23387099988758564
0.2819360001012683
0.32738700043410063
0.24046200048178434
1.6850619995966554
0.3522309996187687
0.32877300027757883
0.406076000072062
0.43643200024962425
0.37531299982219934
0.6035259999334812
0.4235060000792146
0.404041999951005
0.5007389998063445
0.34044199995696545
0.3064400004222989
0.22111800033599138
0.24610700085759163
0.22678899951279163
0.2076379992067814
0.30949299968779087
0.36119799967855215
0.23246800061315298
0.42750800028443336
0.4483859995380044
2.1989420000463724
1.8722810000181198
1.793134999461472
2.0032039992511272
1.984098999761045
1.1868310002610087
1.5354000004008412
1.9949669996276498
1.5278969993814826
0.33025099989026785
20.46677799988538
3.33315599989146
0.41630200017243624
0.24749699980020523
1.5410990007221699
0.2297400003299117
0.231025000102818
0.18016200046986341
1.1981780007481575
0.16157200001180172
0.22326800040900707
1.59056599996984
1.7894099997356534
2.2664809999987483
1.7764619998633862
0.23326999973505735
0.24905600026249886
0.2362749995663762
0.24471000023186207
0.4093249998986721
0.2678950000554323
2.258419000543654
1.5854439996182919
2.5358679993078113
1.879734999500215
1.9317020000889897
1.4574750000610948
0.23265099991112947
1.3870590003207326
1.5936930002644658
1.7903100000694394
1.354253999888897
0.2757820002734661
0.4289690004661679
0.3983509996905923
0.40946200024336576
0.3604699997231364
0.33384899981319904
0.3516790000721812
0.29455799981951714
0.42839299980551004
0.47832800075411797
0.6686069993302226
0.23896500002592802
0.21587499976158142
0.2198049994185567
0.3007690003141761
0.23807699978351593
0.23460400011390448
0.2471749996766448
4.369812000542879
4.832241999916732
0.37767199985682964
0.40555800031870604
0.41423899959772825
0.5079260002821684
0.3759659994393587
0.49607699923217297
0.35201200004667044
0.24262499995529652
0.2381640002131462
0.992085000500083
0.19858499988913536
0.19590399973094463
0.22365899942815304
0.25946899969130754
0.2285829996690154
0.34100899938493967
0.29683899972587824
1.7033230001106858
1.8145589996129274
0.184752999804914
1.553043999709189
0.2545339995995164
0.24978100042790174
0.2329110000282526
0.2515590004622936
0.2951349997892976
0.21693000011146069
0.2327569993212819
0.24905500002205372
2.5725899999961257
0.22668099962174892
0.25837199948728085
1.0816940004006028
1.456865000538528
1.4588390002027154
2.0640700003132224
0.22674700058996677
0.22483900003135204
0.16954500041902065
0.18563099950551987
0.22428700048476458
0.4671229999512434
0.594824000261724
0.5197139997035265
0.45020500011742115
0.5172079997137189
0.4224760001525283
0.24557699915021658
0.2722519999369979
0.19404799956828356
1.4105009995400906
0.24472100008279085
0.1757900007069111
0.22529400046914816
0.3115110006183386
0.45027600042521954
0.3426069999113679
0.4994449997320771
0.25014400016516447
0.29888999927788973
0.3300410006195307
0.38055199943482876
0.32060099951922894
0.34662199951708317
0.43794700037688017
0.2194020003080368
0.2741149999201298
0.3643199997022748
0.41351599991321564
0.26042900048196316
0.3785200007259846
0.3551199994981289
0.19487900007516146
0.33622199948877096
1.2154839998111129
2.1585659999400377
0.28279099985957146
1.3997440002858639
2.2881629997864366
2.326589999720454
0.3007930004969239
0.4534170003607869
0.31990200001746416
0.3458890002220869
0.22347700037062168
0.3462200006470084
0.22524699941277504
1.0193880004808307
0.17479199916124344
0.18499299976974726
1.327495999634266
0.24506799969822168
0.2735089994966984
0.29089599940925837
0.17909299954771996
0.2191449999809265
0.32441100012511015
0.2205369994044304
0.16289100050926208
0.23578500002622604
0.1816300004720688
0.20641400013118982
0.16617099940776825
0.3907580003142357
0.4320180006325245
0.3456429997459054
1.596752000041306
5.020132999867201
0.2273120004683733
0.20240399986505508
0.21612099930644035
1.064639000222087
0.1578219998627901
0.20247399993240833
0.20572800002992153
0.4086379995569587
0.48486299999058247
0.42762700002640486
2.4069789992645383
0.22420999966561794
0.22277399990707636
0.16305300034582615
1.8064850000664592
0.18839900009334087
1.5188629999756813
0.20275400020182133
0.28531999979168177
0.27585700061172247
0.3427309999242425
0.37355099990963936
0.29821600019931793
0.5734970001503825
0.31797200068831444
0.37381500005722046
0.3115890007466078
0.45607300009578466
0.27664299961179495
0.294552999548614
0.2003459995612502
0.40169600024819374
0.4022059999406338
0.3280859999358654
0.25130200013518333
0.24206000007689
0.15899099968373775
1.2750059999525547
0.16515900008380413
0.17212599981576204
0.16305199917405844
0.3238220000639558
0.3548309998586774
0.20702599920332432
1.3321580002084374
2.1075470000505447
0.8346569994464517
0.23831900022923946
0.3605180000886321
0.20318400021642447
1.477886000648141
0.18485799990594387
0.20266999956220388
0.21807900071144104
0.1922359997406602
0.2486939998343587
0.18193800002336502
0.33242199942469597
0.22547299973666668
0.32811699993908405
0.2408830001950264
0.2397500006482005
0.5166400000452995
0.2746089994907379
0.30458599980920553
0.33987499959766865
0.3225369993597269
0.22061299998313189
0.4258240005001426
0.3284959997981787
0.17838199995458126
0.44522999972105026
0.30061599984765053
0.20534199941903353
0.32696100044995546
0.23451599944382906
0.25656899996101856
2.0835760002955794
0.3979009995236993
1.1906940005719662
0.2279259990900755
0.22184500005096197
0.19859599974006414
0.21931999921798706
0.2252860004082322
0.23156499955803156
1.5512600000947714
0.9522910006344318
0.35409099981188774
0.3374140001833439
0.3695009993389249
0.2944630002602935
0.23421599995344877
0.24994600005447865
0.18718199990689754
0.33093299996107817
0.5356499999761581
0.2608270002529025
0.4209819994866848
0.3541530007496476
0.34293899964541197
0.3678470002487302
0.16284299921244383
0.23177400045096874
0.19768500048667192
0.18211300019174814
0.21137200016528368
0.21973100025206804
0.36250799987465143
0.2814090000465512
0.2431819997727871
0.3313150005415082
0.25382199976593256
0.22860300075262785
0.2332460004836321
0.19082000013440847
0.1776170004159212
0.23550500068813562
1.7955889999866486
0.3089159997180104
0.23933000024408102
0.17014599964022636
0.24537000060081482
0.22500200010836124
0.45232600066810846
2.011424000374973
0.221131999976933
0.2204320002347231
0.15430899895727634
0.15982200019061565
0.2179259993135929
0.18513300083577633
0.20169099979102612
0.1775449998676777
0.18822400085628033
0.9053020011633635
0.2789350003004074
0.23138999938964844
0.3799530006945133
0.2489240001887083
0.26898100040853024
0.861421000212431
0.4260559994727373
0.33159600012004375
0.26105800084769726
0.17569600045681
0.47276199981570244
0.24319200031459332
1.7270010001957417
0.22266799956560135
0.21719300001859665
0.3137150015681982
0.19984900020062923
1.4084529988467693
2.5712860003113747
1.083482999354601
0.1852759998291731
0.18742699921131134
0.2327089998871088
0.21079500019550323
0.30109200067818165
2.7097440008074045
1.7081400007009506
0.301851999014616
0.16720200143754482
2.251266999170184
1.9227350000292063
0.18447599932551384
0.16740800067782402
0.29590499959886074
0.21595600061118603
0.17184999957680702
0.1954750008881092
0.25769999995827675
0.22148399986326694
0.391780000180006
1.21229699999094
0.22049099951982498
0.24018200114369392
0.16177699901163578
0.21275100111961365
0.17715300060808659
0.2144559994339943
0.23256099969148636
0.17980699986219406
1.8593380004167557
0.2153689991682768
0.2074039988219738
1.558492999523878
1.7141340002417564
0.24483999982476234
0.1862220000475645
0.2428160011768341
0.19798799976706505
0.1841809991747141
0.23958799988031387
0.22006000019609928
0.46926800161600113
0.4341340009123087
0.22021599858999252
0.20545700006186962
0.2681590002030134
0.28809200040996075
0.28749500028789043
0.3415789995342493
0.32180900126695633
0.162967000156641
0.29862399958074093
0.3461850006133318
0.30476099997758865
0.31813800148665905
0.301451001316309
0.41982199996709824
0.4267229996621609
0.4371509999036789
0.5343760009855032
0.1572510004043579
0.39831700176000595
0.18980100005865097
0.19152100011706352
0.1993009988218546
2.096288001164794
1.778837000951171
0.27714399993419647
0.20531000010669231
1.7491119988262653
2.2743859998881817
1.7238239999860525
0.27868499979376793
0.3103359993547201
0.2933260016143322
0.20192799903452396
0.2578619997948408
0.38266799971461296
0.16588599979877472
0.25395800173282623
1.4386759996414185
1.347095999866724
0.23348699882626534
0.35095899924635887
0.3952419999986887
2.0387850012630224
0.8375239986926317
0.22737300023436546
0.18246500007808208
0.2532770000398159
0.16541599854826927
1.922656999900937
0.23598100058734417
0.2061470001935959
0.24660099856555462
0.18117999844253063
0.2811940014362335
0.24675799906253815
0.24150200001895428
0.24913199990987778
0.3453310001641512
0.3476209994405508
0.3534239996224642
0.2879779990762472
0.25380499847233295
0.26532300002872944
0.33965699933469296
0.16937800124287605
0.3559259995818138
0.27210900001227856
0.3528380002826452
0.2833379991352558
0.28804799914360046
0.24376700073480606
0.2209170013666153
0.27625600062310696
0.31540799885988235
0.29523999989032745
0.30992900021374226
0.41408300027251244
0.424023000523448
0.3268630001693964
0.1909509990364313
0.31507799960672855
0.31647299975156784
0.38833099976181984
0.2511860001832247
0.2912179995328188
0.255604999139905
0.2415389996021986
0.29858100041747093
0.3893490005284548
0.3460969999432564
0.3761930000036955
0.3069299999624491
0.33849599957466125
0.3661540001630783
0.2583530005067587
0.31693200021982193
0.2621169984340668
0.35677199997007847
0.3156269993633032
0.17162299901247025
0.20610699988901615
0.17944800108671188
0.4152309987694025
0.3422240000218153
0.24916600063443184
0.27168100140988827
0.36861899867653847
0.38516599871218204
0.1830000001937151
0.22257100045681
0.2424199990928173
0.3668730016797781
0.34383499994874
0.3301060013473034
0.36565000005066395
0.25707999989390373
0.2450600005686283
0.3361480012536049
0.16710899956524372
0.17200299911201
0.358687000349164
0.3146129995584488
0.3040479999035597
0.27681300044059753
0.17804699949920177
0.20961599983274937
2.3144070003181696
1.511641001328826
2.371687000617385
2.475772999227047
2.136700000613928
0.21210400015115738
0.1710139997303486
1.9718240015208721
0.16783799976110458
0.3089889995753765
0.21802599914371967
0.3866900000721216
0.3638149984180927
0.38938399963080883
0.395236000418663
0.41350800171494484
0.47755900025367737
0.3001699987798929
0.3775680009275675
0.47869900055229664
0.2734670005738735
0.16112199984490871
0.20120100118219852
0.2159070000052452
0.19303599931299686
0.2261770013719797
0.23927100002765656
0.40458199940621853
0.33126300014555454
0.2925069984048605
0.18448400124907494
0.2810180000960827
0.23815299943089485
1.5063790008425713
0.4254620000720024
1.3975900001823902
0.21855800040066242
0.27430500090122223
0.31934900023043156
0.3139619994908571
0.4950479995459318
1.2323740012943745
0.2500940002501011
0.19786799885332584
0.2240080013871193
0.18456799909472466
0.17454699985682964
0.21128400042653084
0.20340599864721298
0.18844499997794628
0.19928899966180325
0.18774900026619434
0.22292999923229218
0.28960599936544895
0.20847100019454956
0.24371900036931038
0.23387999832630157
0.19634100049734116
0.20048599876463413
0.34618400037288666
0.15839199908077717
1.5041589997708797
1.2978380005806684
2.403591999784112
1.698011999949813
1.8721880000084639
1.4744780007749796
0.22420400008559227
1.5196090005338192
0.16563500091433525
0.263799000531435
0.3176259994506836
0.33506499975919724
0.21346399933099747
0.20314299874007702
0.1760060004889965
0.28393400087952614
0.25172900035977364
0.28142499923706055
0.2460479997098446
0.1589729990810156
0.3804219998419285
0.1529569998383522
0.20336899906396866
0.18897599913179874
0.2439419999718666
0.24064399860799313
0.18433599919080734
0.2513609994202852
0.328430000692606
0.22574100084602833
0.37461499869823456
0.21369799971580505
0.17610200121998787
0.25464400090277195
0.24564200080931187
0.240361999720335
0.2565209995955229
0.17587400041520596
1.1154300011694431
0.15803499892354012
0.282192001119256
0.23433800041675568
1.678269999101758
0.23080100119113922
0.19037499837577343
0.1576979998499155
0.3513449989259243
0.3005699999630451
0.2800780013203621
0.15961000137031078
0.17884299904108047
0.1759720016270876
0.3869880009442568
0.46606400050222874
0.29134600050747395
0.2736039999872446
0.21760600060224533
0.46021599881350994
0.19065899960696697
0.20382899977266788
0.38708699867129326
0.3475800007581711
0.21038500033318996
1.0604940000921488
1.9657550007104874
2.6346589997410774
3.4799789991229773
2.735225999727845
2.04870199970901
2.5368869993835688
1.51655999943614
0.1606029998511076
0.25605900026857853
0.19933700002729893
0.20869100093841553
1.8352269995957613
0.20528400130569935
1.1434250008314848
0.17930500023066998
0.36267900094389915
0.45671600103378296
0.37415399961173534
0.4102359991520643
0.3140069991350174
0.4250319991260767
0.38258699886500835
0.16660399921238422
0.36707199923694134
0.3692719992250204
0.27303599938750267
1.860572999343276
0.8449860010296106
0.3027370013296604
0.21006800048053265
0.1665470004081726
