0.6150430000852793
2.719760000007227
1.243999999947846
0.42585899983532727
1.5367499999701977
1.5088929999619722
0.23888699989765882
1.3913479999173433
2.056560000171885
1.3105349999386817
0.3210280002094805
1.7089309999719262
1.1116100000217557
1.1902129999361932
1.9140900000929832
1.5654829998966306
1.1430709999985993
0.23513499996624887
1.6654010000638664
0.2343369999434799
0.24055400001816452
0.24647899996489286
1.2312159999273717
0.9696690000128001
0.4270940001588315
0.2605040001217276
0.22603700007312
0.22426400007680058
0.23586899996735156
0.2708900000434369
0.223429000005126
0.5099929999560118
9.57097000000067
1.5876250001601875
1.6101899999193847
2.6443670000880957
1.9088959998916835
2.3475150000303984
0.37195500009693205
0.4501600000075996
0.3997769998386502
0.3622560000512749
0.305746000027284
0.2343280001077801
0.37388799991458654
0.20946000004187226
0.23837599996477365
0.23382599977776408
0.4014130001887679
0.32941400026902556
0.3674830002710223
0.21904199989512563
0.247702999971807
0.22925500012934208
1.5235060001723468
1.6186730000190437
0.2455549999140203
0.2513980004005134
2.314534999895841
0.22079599974676967
0.20278199994936585
0.16619500005617738
0.31968600023537874
0.25806999998167157
0.23068200005218387
0.24343599984422326
0.23889899998903275
0.18405500007793307
0.18527600029483438
0.1985130002722144
0.24427099991589785
0.1771160000935197
0.16896099969744682
0.22929299995303154
0.19822900043800473
0.40003899997100234
0.37927399994805455
0.4100959999486804
0.3556249998509884
0.3701829998753965
0.3187090000137687
0.22640800010412931
0.38995799981057644
0.34271799959242344
0.3594459998421371
0.30281300004571676
0.43085299991071224
0.1968120001256466
0.23328900011256337
0.20047600008547306
0.23456699959933758
0.3487390000373125
0.2328260000795126
0.25393400015309453
0.22532599978148937
0.17066500009968877
0.1842829999513924
0.22851500008255243
0.21176399989053607
0.17270699981600046
0.24019799986854196
0.26681000040844083
0.20809699967503548
0.25095300003886223
0.2090710001066327
0.2731679999269545
1.1996989999897778
0.2346569998189807
0.2522829999215901
0.223426999989897
0.2459980002604425
0.22990400018170476
0.18125999998301268
1.2721370002254844
1.947100999765098
0.19670799979940057
0.3908930001780391
0.21086899982765317
0.397320999763906
0.21475399984046817
0.45018399972468615
0.24086400028318167
0.2277819998562336
0.21081600012257695
0.3658739998936653
0.3596089999191463
0.3950930000282824
1.59315500035882
2.176915000192821
1.4050489999353886
1.310489000286907
1.4279439998790622
1.648916999809444
1.5756549998186529
0.24318200023844838
0.22916200011968613
1.1547979996539652
7.346553000155836
1.1786389998160303
1.9268529997207224
0.21703699976205826
0.4351840000599623
0.22468800004571676
0.43334800004959106
0.3920619999989867
0.23323599994182587
1.5497670001350343
1.3874340001493692
1.722105999942869
1.4861729997210205
1.27851099986583
2.1960299997590482
1.2886079996824265
2.023423000238836
1.43697000015527
2.209025999996811
0.24404599983245134
1.8952639997005463
1.429398000240326
2.476344999857247
0.23386799963191152
0.24323099991306663
1.453906999900937
1.208797000348568
1.5086169997230172
0.24031500006094575
0.5857609999366105
0.3494370002299547
0.20459300000220537
0.882141999900341
0.24347199965268373
0.21112499991431832
0.23160899989306927
0.22933300025761127
0.2130410000681877
0.19067700020968914
0.15995399979874492
0.4349179998971522
0.25292699970304966
0.25183699978515506
0.25216299993917346
0.2332019996829331
0.2377619999460876
0.26832300005480647
0.20071600005030632
0.2188420002348721
0.18272599996998906
0.2581490003503859
0.21003299998119473
0.23094499995931983
0.21573100006207824
0.31781100016087294
0.2705110004171729
0.23553099995478988
0.3512260001152754
0.2276439997367561
0.22471099998801947
0.23837400041520596
0.22532999981194735
0.226972000207752
1.7693639998324215
1.1366189997643232
0.21343200001865625
0.24582300009205937
0.2115579997189343
0.35189699986949563
1.858334000222385
0.3107930002734065
0.30197999998927116
0.24279800010845065
0.2373009999282658
0.22852699970826507
0.17301000002771616
0.17688800022006035
0.19279799982905388
0.21491400012746453
0.2594960001297295
0.24204099969938397
0.39728299994021654
0.2504630000330508
0.20652000000700355
1.703217000234872
1.6301429998129606
1.8948949999175966
1.4884730000048876
0.23663200018927455
1.4412509999237955
1.832818000111729
2.0121430000290275
2.87282200017944
0.24514400027692318
0.22097899997606874
0.20414499985054135
0.23853900004178286
0.20236500026658177
0.2097269999794662
0.23588999966159463
0.21282299980521202
0.21969500044360757
0.26264799991622567
0.34914099983870983
0.1876650000922382
0.222526999656111
0.3899970003403723
0.21665199985727668
0.23779299994930625
0.20013900008052588
0.22201699996367097
0.19557800004258752
2.3363840002566576
1.5326060000807047
1.367320999968797
1.5345519999973476
1.5559390000998974
2.1738379998132586
1.7135029998607934
0.2780919997021556
0.1945540001615882
0.20163499983027577
0.39195499988272786
0.3319760002195835
0.3996979999355972
0.20335800014436245
0.21211700001731515
0.23947999998927116
0.21332000009715557
0.21148600010201335
0.24053500033915043
0.2834970001131296
1.536878999788314
0.25640599988400936
0.20998999988660216
0.19972599996253848
0.23942200001329184
1.0463229999877512
0.2387810000218451
0.23378099966794252
0.2369450000114739
1.2901380001567304
0.2580200000666082
0.24660999979823828
0.2032829998061061
0.22327699977904558
0.2292969999834895
0.37039299961179495
0.42674999963492155
0.33592900028452277
0.4073129999451339
0.20055600022897124
0.19287599995732307
0.2827139999717474
2.1479430003091693
3.3718860000371933
1.8639850001782179
1.7575469999574125
1.1597529998980463
0.18156200041994452
0.2128779999911785
0.24947599973529577
0.3054420002736151
0.2807450001128018
0.18711100006476045
0.2462959997355938
0.2156679998151958
0.2064020000398159
0.3879680000245571
0.32967800041660666
0.3792869998142123
0.34634899999946356
0.28488600021228194
0.4491920000873506
0.23723400011658669
0.2463560001924634
0.21031299978494644
0.2507160003297031
0.483942000195384
0.3668149998411536
0.3986589997075498
0.22889799997210503
1.2136590001173317
0.213105000089854
0.21622399985790253
0.20111799985170364
0.22695899987593293
0.21636399999260902
0.22577799996361136
0.22435699962079525
0.4100979999639094
0.32174200005829334
0.21897399984300137
4.464691000059247
0.25314699998125434
0.22446900000795722
0.18256999971345067
0.19307899987325072
0.22643900010734797
0.20228199986740947
0.21772100031375885
1.0521120000630617
0.21684600040316582
0.2084420002065599
0.2380739999935031
0.22270500008016825
0.35827500000596046
0.16329600010067225
0.19491499988362193
0.16793100023642182
0.17787700006738305
2.115050000138581
0.21820299979299307
0.20143700018525124
0.2235530000180006
0.22460600035265088
0.25828299997374415
0.23826400004327297
0.22797999996691942
0.2662349999882281
1.5609620003961027
0.1968240002170205
0.21704600006341934
0.1881539998576045
0.1677260003052652
0.21603500004857779
0.3684100001119077
0.3734760000370443
0.41656799986958504
2.79928300017491
0.4078259998932481
0.3730290001258254
0.27069999976083636
0.22932699974626303
0.21197400009259582
0.2434779996983707
0.197051000315696
0.22662700014188886
0.23550499975681305
0.2426129998639226
0.2413880000822246
0.2619490004144609
0.2296429998241365
0.24975399998947978
0.22806400014087558
0.26006999984383583
0.2299919999204576
0.24736200040206313
0.22650300012901425
1.6522460002452135
1.5902479998767376
0.215915999840945
0.21016799984499812
0.4811689998023212
0.40342199988663197
0.3583749998360872
0.250798000022769
0.2232909998856485
0.349566999822855
0.1877390001900494
0.20512300031259656
0.17272899998351932
0.37475099973380566
0.41070300014689565
0.2171799996867776
0.2444489998742938
0.19639600021764636
1.7429659999907017
0.22917900001630187
0.22705399990081787
0.2107919999398291
0.28554699989035726
0.1871400000527501
0.25234600016847253
0.27375900000333786
0.19109999993816018
0.24268800020217896
0.28662799997255206
0.3942429996095598
0.39858900010585785
0.23991400003433228
0.2151699997484684
1.4024390000849962
0.2545460001565516
0.2572059999220073
0.22856599977239966
0.2418740000575781
1.3994450001046062
0.23671500012278557
2.01580399973318
1.715838999953121
0.2382120001129806
0.2140089999884367
0.1945310002192855
0.4150280002504587
0.2399950004182756
0.2359559996984899
1.472461000084877
1.5696719996631145
1.5248670000582933
0.38420099997892976
2.0654489998705685
1.6650239997543395
2.1614140002056956
1.4863800001330674
1.3509990000166
2.470503999851644
1.3983680000528693
1.5346349999308586
1.450189999770373
1.3473579999990761
1.498337000142783
2.0731989997439086
2.1797650000080466
0.281254000030458
0.2496470003388822
0.23282499983906746
0.4256480000913143
0.46051099989563227
0.3678219998255372
0.37288600020110607
0.2152849999256432
0.18756500026211143
0.21138900006189942
0.14828999992460012
0.232591999694705
0.23026899993419647
0.2766470001079142
0.23694800026714802
0.2742510000243783
0.24876900017261505
0.2207190003246069
0.2169829998165369
1.3004319998435676
0.2341040000319481
0.19812800036743283
0.3582509998232126
0.17864599963650107
0.22254500025883317
0.2292209998704493
0.24484900012612343
0.30388500029221177
0.2328240000642836
0.20073099993169308
0.21743999980390072
0.21549199987202883
0.24707099981606007
0.2230160003527999
0.20900300005450845
1.5582329998724163
1.8794729998335242
0.2345839999616146
0.22878800006583333
0.21550799999386072
1.6365100000984967
1.493367999792099
1.8133330000564456
0.23920499999076128
0.4081460000015795
0.197053000330925
0.9260809998959303
0.17311899969354272
2.020665999967605
0.23869900032877922
0.23956699995324016
0.3981099999509752
0.3345589996315539
0.32357099978253245
0.3052560002543032
0.20172099955379963
0.23726999945938587
0.17910700011998415
0.41238300036638975
0.41320399940013885
0.3978369999676943
0.3663420006632805
0.19156600069254637
0.3894769996404648
0.20526399929076433
0.2111149998381734
0.24378199968487024
0.2384409997612238
0.3257780000567436
0.2329199993982911
0.179840000346303
0.2194659998640418
0.19132700003683567
0.22964899986982346
1.4550530007109046
0.26792300026863813
0.22084700036793947
0.2399810003116727
0.21359399985522032
0.25134100019931793
0.33795700035989285
0.2362959999591112
0.20555899944156408
0.21394200064241886
0.4347869995981455
0.40490399952977896
0.26045599952340126
0.20707800053060055
0.20116600021719933
0.2757270000874996
0.22297799959778786
0.22081399988383055
0.24509499967098236
0.23605199996381998
0.20139599964022636
0.23493599984794855
0.1974729998037219
0.22590800002217293
0.2339939996600151
0.25903499964624643
0.19070000015199184
0.23568500019609928
1.0752189997583628
0.32871299982070923
0.28521700017154217
0.24889000039547682
0.40423200000077486
0.40175299998372793
0.3629469992592931
0.3980010002851486
0.22056799940764904
0.25698400009423494
0.2158820005133748
0.24478999990969896
0.32875100057572126
0.2934510000050068
0.21037500072270632
0.20214299950748682
0.23485800065100193
1.3234930001199245
0.35019499994814396
0.33524599950760603
0.4593560006469488
0.3900910001248121
0.4019769998267293
0.38728500064462423
0.24661900009959936
0.3678910005837679
0.2738579995930195
1.4781640004366636
0.19467200059443712
10.13697599992156
1.3727609999477863
2.086783000268042
0.2365549998357892
0.25766799971461296
0.26454400084912777
0.24388299975544214
1.7193599995225668
2.0989979999139905
1.5281850006431341
1.3717679996043444
1.3746270006522536
1.4903300004079938
3.3178439997136593
2.2021129997447133
1.8575619999319315
0.2812390001490712
0.4769399994984269
0.2565649999305606
0.44568200036883354
0.23503299988806248
0.3851290000602603
0.26357700023800135
0.2338789999485016
0.30031299963593483
0.2828240003436804
0.4040250005200505
0.23256300017237663
0.22962999995797873
0.2839479995891452
0.23486299999058247
0.38513100054115057
0.22500300034880638
0.3029380002990365
0.24802899919450283
0.3442430002614856
0.3430059999227524
0.19218300003558397
0.4452609997242689
0.2594109997153282
0.23877099994570017
0.2710429998114705
0.29836300015449524
0.26692499965429306
0.2688989993184805
0.36613400001078844
0.3294240003451705
0.28052099980413914
0.23609100002795458
0.2470100000500679
1.5915689999237657
0.2534630000591278
0.2177899992093444
0.21865800023078918
0.3107970003038645
0.2320090001448989
0.24573800060898066
1.3165430007502437
1.340374999679625
0.8466770006343722
0.28836899995803833
0.3409550003707409
0.6969349998980761
0.3709079995751381
0.2519920002669096
0.37615999951958656
0.26919700019061565
0.2686450006440282
0.29348000045865774
0.3847479997202754
0.2727339994162321
1.182994999922812
0.25369400065392256
2.4111470002681017
1.961587999947369
1.2264320002868772
0.4750560000538826
10.671838999725878
0.2582109998911619
0.43246900010854006
0.2242900002747774
0.4920009998604655
0.27396799996495247
0.24699700064957142
0.20525300037115812
0.24560900032520294
0.25773200020194054
0.24902900028973818
0.23478700034320354
0.24998900014907122
1.6584649998694658
0.2927790004760027
0.9524760004132986
0.250195000320673
0.35493099968880415
0.3461379995569587
0.22563999984413385
0.2842009998857975
0.28866800013929605
2.518223000690341
0.41536100022494793
0.2556719994172454
0.23273800034075975
0.2676579998806119
0.30179800000041723
0.30742300022393465
0.40501900017261505
0.26450600009411573
0.22126000002026558
0.2977379998192191
0.46097599994391203
0.2400979995727539
0.3265630006790161
0.27096299920231104
2.0584140000864863
1.2621870003640652
2.7135469997301698
1.7967979991808534
1.1443230006843805
0.4214989999309182
0.38625699933618307
0.5445599993690848
0.44176800083369017
1.9771220004186034
0.2444649999961257
0.22682400047779083
0.3107699993997812
0.37767000030726194
0.5114099998027086
0.5772639997303486
0.38750800024718046
0.2457959996536374
0.3090170007199049
0.26525000017136335
0.27206999994814396
0.3395920004695654
0.29002200067043304
0.2118359999731183
0.2421359997242689
0.31194599997252226
0.18729700054973364
0.49113200046122074
0.4667610004544258
0.2719430001452565
0.35585399996489286
0.24599199928343296
0.2627659998834133
0.22837300039827824
0.27171199955046177
0.24620000086724758
0.21729199960827827
1.0277919992804527
0.24846799951046705
2.6841469993814826
0.7366089997813106
0.26180300023406744
0.29029699973762035
0.3027109997346997
0.2500330004841089
0.3300280002877116
0.5282420003786683
1.836889000609517
0.28258000034838915
18.778847000561655
0.2538620000705123
0.25091699976474047
0.27380899991840124
0.3404780002310872
0.2711010007187724
0.24078499991446733
1.9703279994428158
1.652614999562502
1.4800410000607371
0.3648779997602105
0.2744109993800521
0.2445940002799034
1.7534779999405146
1.5214130003005266
10.622558999806643
0.390319999307394
0.3363800002261996
0.25782399997115135
0.22616299986839294
0.26564500015228987
0.6966700004413724
0.2707590004429221
0.2294250000268221
0.3155479999259114
0.2300929995253682
2.284672999754548
0.2572470000013709
0.25861799996346235
0.2689199997112155
0.32780699990689754
0.2712009996175766
0.2389850001782179
0.2478859992697835
0.24160199984908104
0.40959399938583374
0.2797189997509122
0.23564700037240982
1.2668019998818636
1.4759430000558496
1.6081159999594092
2.1446470003575087
0.2455409998074174
0.2252879999577999
0.3636959996074438
0.23797400016337633
0.2079119998961687
1.8065510001033545
0.4158309996128082
0.23815499991178513
0.17864499986171722
0.19652199931442738
0.27416499983519316
0.30163300037384033
0.41543699987232685
0.23778299987316132
0.27793100010603666
0.2784670004621148
0.2629279997199774
0.34563800040632486
1.8160030003637075
4.062122999690473
2.109472000040114
1.4649240002036095
1.6759519996121526
1.8274520002305508
1.672379999421537
2.614037999883294
1.9349459996446967
0.2217239998281002
0.4396620001643896
0.5861529996618629
0.3583100000396371
4.210760999470949
0.427352000027895
0.266351000405848
0.2522380007430911
0.2651620004326105
0.30018100049346685
0.3071940001100302
0.22358900029212236
0.3540629995986819
0.23556900024414062
0.22373099997639656
0.3708970006555319
0.33685300033539534
0.23519300017505884
0.3119020005688071
0.24700899980962276
0.19837000034749508
1.2844030000269413
0.3277540002018213
0.25098800007253885
0.24688300024718046
0.25797400064766407
0.24989099986851215
0.245040999725461
0.21151200029999018
0.3540529999881983
0.2991840001195669
0.26386400032788515
0.25346799939870834
0.2805679999291897
0.2388500003144145
0.23847700003534555
0.4735340001061559
0.45254800003021955
0.2647389993071556
0.24393999949097633
0.31101399939507246
0.2511480003595352
0.2393039995804429
0.2039809999987483
0.2334780003875494
0.26745500043034554
0.37170400004833937
0.26005200017243624
0.27030699979513884
0.5140680000185966
0.2726680003106594
0.29740599915385246
0.3465499999001622
0.33191000018268824
0.3857350004836917
0.26440600026398897
0.45997400023043156
0.42608499992638826
0.4599860003218055
0.4113719994202256
0.3958710003644228
0.3837959999218583
1.5605489993467927
1.5616269996389747
2.1871070004999638
2.703381000086665
1.9010350005701184
1.7455020006746054
1.2564099999144673
1.3002679999917746
1.6037499997764826
1.4255819991230965
2.141162999905646
1.6460239998996258
1.6240950003266335
0.2834569998085499
1.6220080005005002
1.700207999907434
0.244892000220716
0.2681220006197691
0.4662349997088313
0.20089699979871511
0.23008299991488457
0.23336300067603588
0.2510829996317625
0.4500940004363656
0.4377850005403161
0.47828400041908026
0.572660000063479
0.24700399953871965
0.3079220000654459
0.33563499990850687
0.3441700004041195
0.4145289994776249
0.31176900025457144
0.20419200044125319
0.31804499961435795
0.3356419997289777
0.21934599988162518
0.2587409997358918
0.24717799946665764
0.22518499940633774
0.23316100053489208
2.536632999777794
0.49827300012111664
0.19321299996227026
0.5439279992133379
0.21745399944484234
0.2504930002614856
0.7515660002827644
0.28101000003516674
0.2306070001795888
0.3377879997715354
0.22595500014722347
2.487115000374615
2.169018999673426
0.39425200037658215
0.8331019999459386
0.26223000045865774
1.6121640000492334
1.9503629999235272
0.21159899979829788
0.24430400040000677
0.2902909992262721
0.2515099998563528
0.43965200055390596
0.23782300017774105
0.27567300014197826
0.1920619998127222
0.2153949998319149
0.3465029997751117
0.23830700013786554
0.18023999966681004
0.3009159993380308
0.3930950006470084
0.35348800010979176
0.497163999825716
0.4582430003210902
0.40871299989521503
0.42255300004035234
0.417535999789834
0.40322900004684925
0.391227999702096
0.3254610002040863
0.3877489995211363
0.2579879993572831
0.2536140000447631
0.2999729998409748
0.2578940000385046
0.21073599997907877
1.5206199996173382
2.084222000092268
0.23752900026738644
0.27227700036019087
0.23827399965375662
1.5239970004186034
1.6850779997184873
2.0330870002508163
0.7805949999019504
0.46664000023156404
0.4673620006069541
0.49852999951690435
0.4008179996162653
0.2990709999576211
0.26833099965006113
0.2833290006965399
0.24186399951577187
1.43864700011909
2.1136429999023676
0.2158430004492402
0.22387499921023846
0.2180890003219247
0.25679800007492304
0.2507319999858737
0.3594120005145669
0.24080399982631207
0.2684110002592206
0.22807100042700768
0.33480599988251925
0.21273200027644634
0.18016400001943111
0.2535979999229312
0.272299999371171
0.22670499980449677
0.1822610003873706
0.26328099984675646
0.30511199962347746
0.24632700067013502
0.31272200029343367
0.5990709997713566
0.2529650004580617
0.24998299963772297
1.075118999928236
0.23623900022357702
0.23469800036400557
0.22972399927675724
0.2049380000680685
1.0165360001847148
1.2718040002509952
1.675224999897182
1.581101999618113
1.9854460004717112
2.207891999743879
2.084196999669075
1.221356000751257
1.265000999905169
2.114698000252247
0.2752609997987747
0.3521630000323057
0.36484700068831444
0.40329600032418966
0.49778199940919876
0.3660810003057122
0.41909500025212765
0.5026909997686744
0.3698740005493164
0.24256599973887205
0.2359220003709197
0.22452899999916553
0.21639900002628565
0.18547699972987175
0.17734399996697903
0.22949699964374304
0.24840999953448772
0.22518200054764748
1.4272210001945496
1.503618000075221
0.3538359999656677
1.595924999564886
1.6030110009014606
1.8615319998934865
1.246314000338316
1.4889070000499487
0.1722170002758503
1.3378260005265474
0.25575400050729513
1.6638429993763566
2.5973910000175238
2.056363000534475
1.4927429994568229
1.4134990004822612
1.182919000275433
1.3452479997649789
0.26175499986857176
0.22776000015437603
0.2884160000830889
1.4775040000677109
0.27206800039857626
0.2097219992429018
0.3806060003116727
0.4492279998958111
0.45892399922013283
0.3327330006286502
0.21446199994534254
0.1944420002400875
0.3143239999189973
0.3306590002030134
0.23372699972242117
0.2316310005262494
0.25750700011849403
0.25892999954521656
0.25900099985301495
0.2608629995957017
0.2777439998462796
1.488268000073731
0.24416599981486797
0.2606929996982217
0.3380249999463558
0.2306869998574257
0.23905100021511316
0.2651659995317459
0.2610259996727109
0.25650699995458126
1.3048660000786185
0.3138419995084405
0.21106600016355515
0.23049900028854609
0.3229620000347495
0.47998299915343523
0.3956389995291829
0.32999400049448013
0.3024389995262027
0.24254800006747246
0.21997700072824955
0.25223900005221367
0.23824299965053797
0.261587000451982
0.23818600084632635
0.32434200029820204
0.2347630001604557
0.23929199948906898
0.29198800027370453
0.44404799956828356
0.20975099969655275
0.5244640000164509
0.26749700028449297
0.25755999982357025
0.20472599938511848
0.23936800006777048
0.6192149994894862
0.9647380001842976
0.23161999974399805
0.24944099970161915
0.22393099963665009
0.2309490004554391
1.8383050002157688
0.32585500087589025
0.20319699961692095
0.33381900005042553
0.47634899988770485
0.18035500030964613
0.1852389993146062
0.21361500024795532
0.20967999938875437
0.24172700010240078
0.2521660001948476
1.6603520000353456
0.23768800031393766
0.30545399989932775
0.26813399977982044
0.2208500001579523
0.1982669997960329
0.3442870005965233
0.2474710000678897
0.24087900016456842
0.19772600010037422
0.20590300019830465
0.23721900023519993
0.23963200021535158
0.3061870001256466
0.22665899991989136
0.26417099963873625
0.27090399991720915
0.19839700032025576
0.17595199961215258
0.1849389998242259
0.23404300026595592
0.25499500054866076
0.28864300064742565
0.2279469994828105
0.27254300005733967
0.23665899969637394
0.4000099999830127
0.2685099998489022
0.22051199991255999
0.22716099955141544
1.531623000279069
0.20969399996101856
1.8098210003226995
2.2001459999009967
0.2888890001922846
0.28210700023919344
0.4020389998331666
0.31043600011616945
0.24557100050151348
0.2317699994891882
0.31481000036001205
0.23179699946194887
0.2509220000356436
0.23977799993008375
0.19251600001007318
0.2190280007198453
0.212096999399364
0.22229599952697754
0.2245579995214939
0.18500000052154064
0.41152000054717064
0.2404859997332096
0.22666400019079447
0.25540999975055456
0.22556400019675493
0.4201469998806715
0.34551999997347593
0.21895600017160177
0.3073229994624853
0.23414700012654066
1.538131999783218
1.3085650000721216
0.3186690006405115
0.24825600069016218
0.21512699965387583
1.5175809999927878
1.4437189996242523
0.22013399936258793
0.30671800021082163
0.19985099975019693
0.17872299998998642
0.3643519999459386
0.6087570004165173
0.3071790002286434
0.4409969998523593
0.39756699930876493
0.6166319996118546
0.41872300021350384
0.3847850002348423
0.5376540003344417
0.45219200011342764
0.3920959997922182
0.2329110000282526
0.2822620002552867
0.22509799990803003
0.18149800039827824
0.2603660002350807
0.35360500030219555
1.2204700000584126
0.8451229995116591
0.6673630001023412
0.4644419997930527
0.27824699971824884
0.24985400028526783
0.18335899990051985
1.1228209994733334
0.3720720000565052
1.251234999857843
1.3468000004068017
2.0295610008761287
0.3212179997935891
0.2757329996675253
0.20205300021916628
0.172838999889791
0.410160000436008
0.23905100021511316
0.27372200042009354
0.23584900051355362
0.19838999956846237
0.18183400016278028
0.19440700020641088
0.4455479998141527
0.4000099999830127
0.3822510000318289
6.956977000460029
0.3077390007674694
0.3224869994446635
0.21580199990421534
0.25928100012242794
0.39407800044864416
0.416317000053823
0.22579299937933683
0.2220629993826151
2.0803609993308783
1.8477659998461604
4.979333999566734
1.484468000009656
1.6483810003846884
0.24198599997907877
2.6645580008625984
2.1591809997335076
1.5412770006805658
0.18352600000798702
0.3644860005006194
0.31215599924325943
0.3771249996498227
1.708784000016749
0.24886799976229668
17.199726999737322
0.3031649999320507
0.23429900035262108
0.18466699961572886
0.21755999978631735
0.32274699956178665
0.24565700069069862
0.43054999969899654
0.21759200002998114
0.22753799986094236
0.20419699978083372
0.2611549999564886
0.3038490004837513
0.1848290003836155
0.22386700008064508
0.2088670004159212
0.20153099950402975
0.21004199981689453
0.3609299995005131
0.17672100011259317
0.28179899975657463
2.332640999928117
0.20110400021076202
0.22602300066500902
0.22425900027155876
0.30478200037032366
0.23286700062453747
1.65374599955976
0.20583199989050627
0.21444899961352348
0.24925700016319752
0.2340489998459816
1.4653160003945231
0.198187000118196
0.22804100066423416
0.25156999938189983
0.2073360001668334
0.353001999668777
0.401316000148654
0.2090909993276
0.1887689996510744
0.3034189995378256
0.21290099993348122
0.16199900023639202
0.22382299974560738
2.56540699955076
0.3402639999985695
0.18534199986606836
0.2483090003952384
0.2177060004323721
1.642837000079453
0.25053799990564585
0.2104550004005432
0.22695300076156855
1.1537429997697473
1.3616399997845292
0.23793699964880943
1.8384830001741648
1.9462069999426603
0.1882779998704791
0.29737399984151125
1.3621209999546409
1.9816160006448627
1.4443039996549487
0.29260400030761957
0.22486200090497732
0.2119920002296567
2.1436860002577305
1.3395779998973012
1.398385999724269
1.467067999765277
1.9085010001435876
2.162031000480056
2.187288999557495
2.411390000022948
1.9176489999517798
1.5321389995515347
1.3860879996791482
1.6899530002847314
1.3426560005173087
1.469076999463141
0.2767629995942116
0.19231499917805195
0.2860530000180006
0.25432900059968233
0.40128500014543533
0.3578420002013445
0.2012390000745654
0.28957199957221746
0.30763200018554926
0.24760600086301565
0.39951600041240454
0.5057859998196363
0.23361799959093332
0.3651439994573593
0.2286020005121827
0.3200019998475909
0.3913239995017648
0.37851199973374605
2.031658999621868
0.2413419997319579
0.37107700016349554
0.408908000215888
0.4163240008056164
0.36185900028795004
0.4125539995729923
0.3946270002052188
0.43546599987894297
0.3817919995635748
0.37864199932664633
1.830773999914527
3.549448000267148
1.941865999251604
1.415947999805212
1.4537400007247925
0.2308620000258088
0.25313599966466427
1.9385460000485182
1.385865000076592
1.3053350001573563
1.4576559998095036
1.049695000052452
1.4288020003587008
0.39029799960553646
1.3819730002433062
1.5323939993977547
1.511192999780178
1.4888019999489188
0.46060700062662363
0.400950999930501
0.4603169998154044
0.23013400007039309
0.39873999916017056
0.36869299970567226
0.4211309999227524
0.3847529999911785
0.3396840002387762
0.3803580002859235
0.44062700029462576
1.562040999531746
1.6335979998111725
1.4494359996169806
2.0747370002791286
0.296556000597775
0.21655899938195944
0.2967879995703697
0.34860900044441223
0.30947200022637844
0.38010499998927116
0.18620500061661005
0.2464870000258088
0.2601840002462268
0.24399100057780743
1.728829000145197
0.23016500007361174
1.7293729996308684
0.2566940002143383
1.2026639999821782
1.4557570004835725
0.2376129999756813
1.6507590003311634
1.3829779997467995
1.4720589993521571
1.4044129997491837
0.31378399953246117
2.299186000600457
2.0499350000172853
1.7550969999283552
1.4444340001791716
1.4860070003196597
1.940921999514103
2.338225000537932
1.6381360003724694
0.2509900005534291
1.5422919997945428
2.1038209991529584
1.3549170000478625
0.3542759995907545
1.7936810003593564
1.2297329995781183
1.8097550002858043
1.6517819995060563
1.4782860008999705
0.24341899994760752
2.0615220004692674
0.28818800020962954
0.29832000005990267
0.40827300027012825
0.2107229996472597
1.835436999797821
1.455180000513792
2.0745249995961785
1.096365999430418
0.2132099997252226
0.3267500000074506
0.19313300028443336
0.23285000026226044
0.25495600048452616
0.22756400052458048
0.31990899983793497
0.24874799977988005
0.21364699956029654
0.22497500013560057
0.22114000003784895
0.2925469996407628
0.2850550003349781
0.9366610003635287
1.4463700000196695
1.8489960003644228
0.3070379998534918
1.4789629997685552
1.4213260002434254
0.17028099950402975
1.9232139997184277
0.2006950005888939
0.2047199998050928
0.39814799930900335
0.3938060002401471
0.3606000002473593
0.4124179994687438
0.2664809999987483
0.37531099934130907
0.4199980003759265
0.3873920002952218
0.25564900040626526
0.21085199993103743
0.2371540004387498
0.2742420006543398
0.22667399980127811
0.23617500066757202
0.20739099942147732
0.24419100023806095
0.2369929999113083
0.30047900043427944
0.2579990001395345
0.2788940006867051
0.2446849998086691
0.19994999933987856
0.21285399980843067
0.31952999997884035
0.5051699997857213
0.24592099990695715
0.326795999892056
0.2601489992812276
0.25204799976199865
0.29898499976843596
0.2394860005006194
2.480578999966383
0.29398500081151724
0.2429320001974702
0.26916499994695187
0.23644900042563677
0.22191300056874752
0.24307200033217669
0.2365120006725192
0.3063269993290305
0.2397520001977682
0.24684800021350384
0.2749709999188781
0.3139639999717474
0.25551300030201674
0.2516990005970001
0.38805599976330996
0.3513409998267889
0.4270609999075532
0.23984199948608875
0.7654809998348355
0.357875999994576
0.23892199993133545
0.40931500028818846
0.23047500010579824
0.21757700014859438
0.24901700019836426
0.2505759997293353
0.24012299999594688
0.2898850003257394
0.3659910000860691
0.2948099998757243
0.38367300014942884
0.38457500003278255
0.47726199962198734
0.2267220001667738
0.2279040003195405
0.38095600064843893
0.31457599997520447
0.25449400022625923
0.2908169999718666
0.2681539999321103
2.2374040000140667
0.2371419994160533
0.23184399958699942
0.20509999990463257
0.2535149995237589
0.2509180000051856
0.27407099958509207
0.24140299949795008
1.9221839997917414
0.24573899991810322
0.3366480004042387
0.20669100061058998
0.18574600014835596
0.22647299990057945
0.32037699967622757
0.2159999990835786
0.23926199972629547
0.2183830002322793
0.23792599979788065
0.25877000018954277
0.23028500005602837
0.29040899965912104
0.21044700033962727
0.18253600038588047
0.312198999337852
0.2937260000035167
0.2108899997547269
0.21585700009018183
2.5830220002681017
1.4955359995365143
0.2543249996379018
0.9371619997546077
1.5410940004512668
1.7688920004293323
1.5749619994312525
0.33152300026267767
0.41858299914747477
0.5078170001506805
0.41264200024306774
1.735929999500513
0.2608469994738698
2.3032650006935
0.30416200030595064
0.2923909993842244
0.2560949996113777
0.20232100039720535
0.3159079998731613
0.2232889998704195
0.262559000402689
0.20402400009334087
0.2808560002595186
1.8468739995732903
0.2417729999870062
0.4846210004761815
0.3945329999551177
0.417561000213027
0.43239099998027086
0.2829820001497865
0.25115799997001886
0.1805859999731183
0.31770799960941076
0.38145900052040815
0.23234800063073635
1.9649269999936223
1.1826490005478263
0.4165329998359084
0.2555350000038743
0.4137069992721081
0.25909299962222576
0.23622300010174513
0.2229750007390976
0.2376520000398159
0.3135299999266863
0.22696299944072962
0.22553400043398142
0.33480099961161613
0.20844099950045347
0.3149959994480014
0.25782200042158365
0.3083310006186366
0.1805950002744794
1.4345630006864667
0.843830999918282
0.23125500045716763
1.4649480003863573
2.54398600012064
0.37355799973011017
58.161485000513494
1.855205999687314
1.3519179997965693
1.3843849999830127
1.6108920006081462
3.024511999450624
1.6201599994674325
0.180761999450624
1.6957590002566576
1.422392999753356
1.8284060005098581
1.555485000833869
1.937681999988854
1.3186069997027516
1.9411159995943308
2.274422999471426
2.0699660005047917
1.1485659992322326
0.20258500054478645
2.2375100003555417
1.391788000240922
2.0665500005707145
1.8585190000012517
0.25396599993109703
0.23837300017476082
0.18907599989324808
2.1434070002287626
1.4082149993628263
0.3985099997371435
1.4890970000997186
1.5585829997435212
2.682029999792576
2.9451299998909235
2.8111479999497533
1.4426309997215867
0.22311300039291382
1.5996230002492666
1.5508429994806647
1.3068969994783401
1.4559169998392463
0.25026499945670366
0.22295100055634975
0.23995300009846687
0.3260989999398589
0.3914809999987483
0.32460399996489286
0.24135500006377697
0.23987000063061714
0.3598520001396537
0.19147699978202581
0.2695629997178912
0.5419229995459318
0.4206039998680353
0.4980490002781153
0.5418199999257922
0.21424200013279915
0.24786499980837107
0.30164700001478195
0.38293400034308434
0.405732000246644
0.2072880007326603
0.21431499999016523
0.4272170001640916
2.0872050002217293
0.3367829993367195
0.3354000002145767
0.20429599937051535
1.5715439999476075
0.26853400003165007
0.7957959994673729
2.4808889999985695
0.31516300048679113
0.22989300079643726
1.4786100005730987
2.1777419997379184
2.6402169996872544
1.8245369996875525
2.363417999818921
1.3507040003314614
1.867072000168264
2.074519000016153
2.4614200005307794
1.8569940002635121
1.701651000417769
0.23630599956959486
1.9059429997578263
2.370581000111997
1.4956329995766282
2.2778570000082254
1.5746659999713302
1.186331999488175
1.6873070001602173
1.5216070003807545
1.7888579992577434
0.25364299956709146
0.39203300047665834
0.3733089994639158
0.31801099982112646
0.31015400029718876
0.25058200024068356
0.226541000418365
0.3314550006762147
0.4750279998406768
0.38691100012511015
0.4494750006124377
10.178838000632823
0.5057669999077916
0.2516699992120266
0.2382689993828535
0.46386099979281425
0.2840060004964471
0.2172029996290803
0.20573600009083748
0.18001599982380867
0.234633999876678
1.816740999929607
1.5606519998982549
1.5396459996700287
2.119207000359893
0.31358200032263994
1.6590679995715618
1.243290999904275
0.2081530001014471
0.19392200000584126
1.9664730001240969
1.650997000746429
0.23784300033003092
0.40365100000053644
0.26825399976223707
0.5916959997266531
0.24363800045102835
0.21500399988144636
2.03766299970448
0.24749999959021807
0.21144900005310774
0.21033400017768145
0.21559299994260073
0.20776600018143654
0.24203599989414215
0.2320480002090335
0.2444719998165965
0.3926860000938177
0.24292800016701221
0.19796700030565262
0.3443520003929734
0.40633600018918514
0.37809900008141994
0.35454299952834845
0.38504100032150745
0.24921400006860495
0.23223299998790026
0.2285709995776415
1.6261350000277162
1.968655999749899
1.2786389999091625
1.388794000260532
1.4144069999456406
1.2597650000825524
0.27587500028312206
0.20834599994122982
0.2907889997586608
0.20815500058233738
0.2448939997702837
0.4447880005463958
0.2222730005159974
0.19221699982881546
0.5256310002878308
0.37124500051140785
0.19349899981170893
0.29296099953353405
0.22056000027805567
0.20729799941182137
0.42004700005054474
1.6878499994054437
2.290780999697745
2.4426949992775917
0.2547909999266267
1.5737970005720854
1.2737490003928542
1.5200589997693896
2.0883799996227026
0.23842199984937906
1.6203200006857514
1.6512540001422167
1.4815460005775094
0.3107099998742342
0.23222700040787458
1.5819760002195835
2.081489000469446
0.22057699970901012
2.231025000102818
2.108316999860108
2.287341999821365
1.7922280002385378
0.35902899969369173
0.20428999979048967
0.20404899958521128
2.463347999379039
0.4327840004116297
2.4688039999455214
0.3312320001423359
0.2360319998115301
1.9732649996876717
0.2956450004130602
1.7647259999066591
0.22199499979615211
0.2726570004597306
0.21232900023460388
0.23601899947971106
2.509208000265062
2.149172999896109
0.2238260004669428
0.21177900023758411
0.2835309999063611
0.21755599975585938
0.2179380003362894
0.5406360002234578
0.20744999963790178
0.22494299989193678
0.23180199973285198
0.49820199981331825
0.3772259997203946
0.34808200038969517
0.40716700069606304
0.3116229996085167
0.1610759999603033
0.21975600067526102
0.228753000497818
1.269645000807941
0.22051800042390823
0.2342809997498989
0.38989399932324886
0.21369600016623735
0.3851960003376007
0.24793200008571148
0.2605919996276498
0.3148539997637272
0.3622270002961159
0.43263900000602007
0.3310030000284314
0.4092539995908737
0.2857569996267557
0.36697700060904026
0.33203000016510487
0.27580299973487854
0.3956549996510148
0.32661999948322773
0.2925789998844266
0.2156039997935295
0.16630499996244907
0.29938599932938814
0.4257829999551177
0.5347809996455908
0.31458300072699785
0.5494900001212955
0.19353199936449528
0.30741399992257357
0.22142300009727478
0.24015900027006865
0.2678720001131296
0.21236399933695793
0.2521620001643896
0.22797399945557117
1.1378229996189475
0.21383399982005358
1.8107619993388653
0.2806559996679425
0.28248800057917833
0.2118819998577237
1.0914389993995428
0.1697379993274808
0.3038830002769828
0.22793299984186888
0.3101089997217059
0.4396799998357892
0.2707049995660782
0.18011199962347746
0.21121199987828732
0.25934999994933605
0.18877399992197752
0.2153680007904768
0.21827999968081713
1.2747659999877214
0.23349699936807156
0.1883770003914833
0.23103199992328882
0.37795200012624264
0.4325109999626875
0.24042099993675947
0.23066799994558096
0.49381900019943714
0.285308999940753
6.083375999704003
0.20115499943494797
0.22212699986994267
0.22071100026369095
0.3881930001080036
0.29924200009554625
0.18372999969869852
0.18833199981600046
0.19974900037050247
1.5493949996307492
1.194381999783218
0.2985510006546974
0.31799700018018484
0.2509629996493459
0.934294999577105
0.35854800045490265
0.5176699999719858
0.38475200068205595
0.41947599966078997
0.4494060007855296
0.35746700037270784
0.28700700029730797
0.22333599999547005
1.3888399992138147
1.8092189999297261
0.29399599973112345
0.23607700038701296
0.2725320002064109
2.3095559999346733
2.0083200000226498
1.8046040004119277
0.2155630001798272
1.8828739998862147
0.27100499998778105
1.4700889997184277
1.870647999458015
1.615118999965489
1.6238730000331998
1.5209179995581508
1.75055200047791
1.9765510000288486
1.5370729994028807
0.2201960003003478
0.348602999933064
0.20484200026839972
0.2294779997318983
0.2141150003299117
0.3780570002272725
0.4279009997844696
0.22861700039356947
0.259748000651598
1.2002259995788336
1.3461160007864237
0.35414900071918964
0.351753999479115
0.18878500070422888
0.21900099981576204
0.3071030005812645
0.23200399987399578
0.2742189997807145
0.23981500044465065
0.304691000841558
0.2811449998989701
0.23919300083070993
0.30758499912917614
